recipe_id,key,value,unit
4,Energy,95,cal
4,Protein,0.5,g
4,Carbohydrates,3,g
4,Fiber,1,g
4,Fat,9.1,g
4,Cholesterol,0,mg
4,Sodium,277.7,mg
5,Energy,95,cal
5,Protein,0.5,g
5,Carbohydrates,3,g
5,Fiber,1,g
5,Fat,9.1,g
5,Cholesterol,0,mg
5,Sodium,0.8,mg
6,Energy,380,cal
6,Protein,1.3,g
6,Carbohydrates,35.5,g
6,Fiber,1.5,g
6,Fat,25.8,g
6,Cholesterol,0,mg
6,Sodium,15557.8,mg
7,Energy,89,cal
7,Protein,0.2,g
7,Carbohydrates,22.4,g
7,Fiber,0.8,g
7,Fat,0.1,g
7,Cholesterol,0,mg
7,Sodium,0.9,mg
8,Energy,237,cal
8,Protein,5.8,g
8,Carbohydrates,27.3,g
8,Fiber,4.2,g
8,Fat,11.6,g
8,Cholesterol,0,mg
8,Vitamin A,1273.8,mcg
8,Vitamin B1,0.2,mg
8,Vitamin B2,0.1,mg
8,Vitamin B3,1.1,mg
8,Vitamin C,7,mg
8,Folic Acid,36.6,mcg
8,Calcium,20.3,mg
8,Iron,1.9,mg
8,Magnesium,0,mg
8,Phosphorus,0,mg
8,Sodium,28.9,mg
8,Potassium,268.4,mg
8,Zinc,0.6,mg
9,Energy,69,cal
9,Protein,0.3,g
9,Carbohydrates,15.2,g
9,Fiber,0.1,g
9,Fat,0.8,g
9,Cholesterol,0,mg
9,Sodium,85.7,mg
10,Energy,56,cal
10,Protein,0.1,g
10,Carbohydrates,7.5,g
10,Fiber,0.3,g
10,Fat,3.1,g
10,Cholesterol,0,mg
10,Sodium,0.3,mg
11,Energy,149,cal
11,Protein,2.4,g
11,Carbohydrates,24.4,g
11,Fiber,0.3,g
11,Fat,3.4,g
11,Cholesterol,8,mg
11,Sodium,18.6,mg
12,Energy,149,cal
12,Protein,2.4,g
12,Carbohydrates,24.4,g
12,Fiber,0.3,g
12,Fat,3.4,g
12,Cholesterol,8,mg
12,Sodium,18.6,mg
13,Energy,149,cal
13,Protein,2.4,g
13,Carbohydrates,24.4,g
13,Fiber,0.3,g
13,Fat,3.4,g
13,Cholesterol,8,mg
13,Sodium,18.6,mg
14,Energy,149,cal
14,Protein,2.4,g
14,Carbohydrates,24.4,g
14,Fiber,0.3,g
14,Fat,3.4,g
14,Cholesterol,8,mg
14,Sodium,18.6,mg
15,Energy,149,cal
15,Protein,2.4,g
15,Carbohydrates,24.4,g
15,Fiber,0.3,g
15,Fat,3.4,g
15,Cholesterol,8,mg
15,Sodium,18.6,mg
16,Energy,149,cal
16,Protein,2.4,g
16,Carbohydrates,24.4,g
16,Fiber,0.3,g
16,Fat,3.4,g
16,Cholesterol,8,mg
16,Sodium,18.6,mg
17,Energy,149,cal
17,Protein,2.4,g
17,Carbohydrates,24.4,g
17,Fiber,0.3,g
17,Fat,3.4,g
17,Cholesterol,8,mg
17,Sodium,18.6,mg
18,Energy,215,cal
18,Protein,3.1,g
18,Carbohydrates,6,g
18,Fiber,4,g
18,Fat,19.2,g
18,Cholesterol,6,mg
18,Sodium,18,mg
19,Energy,475,cal
19,Protein,6.1,g
19,Carbohydrates,66.9,g
19,Fiber,5.9,g
19,Fat,20.2,g
19,Cholesterol,0,mg
19,Sodium,7784.3,mg
20,Energy,381,cal
20,Protein,13.4,g
20,Carbohydrates,12.8,g
20,Fiber,0.2,g
20,Fat,29,g
20,Cholesterol,12,mg
20,Sodium,16.8,mg
21,Energy,381,cal
21,Protein,13.4,g
21,Carbohydrates,12.8,g
21,Fiber,0.2,g
21,Fat,29,g
21,Cholesterol,12,mg
21,Sodium,16.8,mg
22,Energy,32,cal
22,Protein,1.3,g
22,Carbohydrates,5.1,g
22,Fiber,0.5,g
22,Fat,0.7,g
22,Cholesterol,0,mg
22,Sodium,1.4,mg
23,Energy,114,cal
23,Protein,3.8,g
23,Carbohydrates,21.7,g
23,Fiber,1.8,g
23,Fat,1.4,g
23,Cholesterol,0,mg
23,Sodium,6.9,mg
24,Energy,73,cal
24,Protein,2.7,g
24,Carbohydrates,10.7,g
24,Fiber,1.7,g
24,Fat,2.2,g
24,Cholesterol,0,mg
24,Sodium,6.5,mg
25,Energy,115,cal
25,Protein,0.2,g
25,Carbohydrates,27.5,g
25,Fiber,0,g
25,Fat,0.4,g
25,Cholesterol,0,mg
25,Sodium,258.4,mg
27,Energy,219,cal
27,Protein,5.9,g
27,Carbohydrates,4,g
27,Fiber,0.1,g
27,Fat,19.9,g
27,Cholesterol,8.1,mg
27,Sodium,28.1,mg
28,Energy,234,cal
28,Protein,8.6,g
28,Carbohydrates,10,g
28,Fiber,0,g
28,Fat,13,g
28,Cholesterol,32,mg
28,Sodium,38,mg
31,Energy,0,cal
31,Protein,0,g
31,Carbohydrates,0,g
31,Fiber,0,g
31,Fat,0,g
31,Cholesterol,0,mg
31,Sodium,0,mg
32,Energy,178,cal
32,Protein,3.9,g
32,Carbohydrates,23.6,g
32,Fiber,4,g
32,Fat,8.1,g
32,Cholesterol,0,mg
32,Sodium,6.5,mg
33,Energy,178,cal
33,Protein,3.9,g
33,Carbohydrates,23.6,g
33,Fiber,4,g
33,Fat,8.1,g
33,Cholesterol,0,mg
33,Sodium,6.5,mg
34,Energy,178,cal
34,Protein,3.9,g
34,Carbohydrates,23.6,g
34,Fiber,4,g
34,Fat,8.1,g
34,Cholesterol,0,mg
34,Sodium,6.5,mg
35,Energy,208,cal
35,Protein,2.6,g
35,Carbohydrates,30.5,g
35,Fiber,2.5,g
35,Fat,8,g
35,Cholesterol,0,mg
35,Sodium,5.5,mg
36,Energy,54,cal
36,Protein,3.1,g
36,Carbohydrates,7.9,g
36,Fiber,2,g
36,Fat,1.2,g
36,Cholesterol,0,mg
36,Sodium,3.5,mg
37,Energy,130,cal
37,Protein,4.1,g
37,Carbohydrates,13.6,g
37,Fiber,6,g
37,Fat,6.6,g
37,Cholesterol,1.4,mg
37,Sodium,71.6,mg
38,Energy,130,cal
38,Protein,4.1,g
38,Carbohydrates,13.6,g
38,Fiber,6,g
38,Fat,6.6,g
38,Cholesterol,1.4,mg
38,Sodium,71.6,mg
39,Energy,130,cal
39,Protein,4.1,g
39,Carbohydrates,13.6,g
39,Fiber,6,g
39,Fat,6.6,g
39,Cholesterol,1.4,mg
39,Sodium,71.6,mg
40,Energy,218,cal
40,Protein,2.9,g
40,Carbohydrates,48.2,g
40,Fiber,8.3,g
40,Fat,1.4,g
40,Cholesterol,0,mg
40,Sodium,68,mg
42,Energy,190,cal
42,Protein,3.7,g
42,Carbohydrates,2.6,g
42,Fiber,1.2,g
42,Fat,18.4,g
42,Cholesterol,0,mg
42,Sodium,251,mg
44,Energy,227,cal
44,Protein,5.5,g
44,Carbohydrates,25.5,g
44,Fiber,1,g
44,Fat,9.7,g
44,Cholesterol,12,mg
44,Sodium,31.6,mg
45,Energy,388,cal
45,Protein,8.6,g
45,Carbohydrates,18.1,g
45,Fiber,2.8,g
45,Fat,32.3,g
45,Cholesterol,0,mg
45,Sodium,4.2,mg
46,Energy,169,cal
46,Protein,3.5,g
46,Carbohydrates,3.2,g
46,Fiber,2,g
46,Fat,16.5,g
46,Cholesterol,0,mg
46,Sodium,0,mg
47,Energy,266,cal
47,Protein,5.2,g
47,Carbohydrates,8.1,g
47,Fiber,2.3,g
47,Fat,23.7,g
47,Cholesterol,0,mg
47,Vitamin A,157,mcg
47,Vitamin B1,0.1,mg
47,Vitamin B2,0.1,mg
47,Vitamin B3,0.8,mg
47,Vitamin C,9.3,mg
47,Folic Acid,8.3,mcg
47,Calcium,60.2,mg
47,Iron,1.3,mg
47,Magnesium,0,mg
47,Phosphorus,0,mg
47,Sodium,2.6,mg
47,Potassium,70,mg
47,Zinc,0.7,mg
48,Energy,127,cal
48,Protein,3.6,g
48,Carbohydrates,15.1,g
48,Fiber,0.6,g
48,Fat,6.2,g
48,Cholesterol,0,mg
48,Sodium,1.4,mg
49,Energy,78,cal
49,Protein,1.5,g
49,Carbohydrates,8.7,g
49,Fiber,0.1,g
49,Fat,4,g
49,Cholesterol,0,mg
49,Vitamin A,102.3,mcg
49,Vitamin B1,0,mg
49,Vitamin B2,0,mg
49,Vitamin B3,0.3,mg
49,Vitamin C,0,mg
49,Folic Acid,0.2,mcg
49,Calcium,12.8,mg
49,Iron,0.3,mg
49,Magnesium,0,mg
49,Phosphorus,0,mg
49,Sodium,26,mg
49,Potassium,13.4,mg
49,Zinc,0.1,mg
50,Energy,103,cal
50,Protein,2.1,g
50,Carbohydrates,10.4,g
50,Fiber,0.1,g
50,Fat,5.8,g
50,Cholesterol,7.9,mg
50,Sodium,26,mg
51,Energy,95,cal
51,Protein,3.1,g
51,Carbohydrates,2.3,g
51,Fiber,1.2,g
51,Fat,8.4,g
51,Cholesterol,0,mg
51,Sodium,251,mg
52,Energy,381,cal
52,Protein,5.3,g
52,Carbohydrates,17.2,g
52,Fiber,1.9,g
52,Fat,32.7,g
52,Cholesterol,65,mg
52,Sodium,292.6,mg
53,Energy,381,cal
53,Protein,5.3,g
53,Carbohydrates,17.2,g
53,Fiber,1.9,g
53,Fat,32.7,g
53,Cholesterol,65,mg
53,Sodium,292.6,mg
54,Energy,102,cal
54,Protein,4.4,g
54,Carbohydrates,2.9,g
54,Fiber,1.3,g
54,Fat,8.3,g
54,Cholesterol,0,mg
54,Sodium,1.3,mg
55,Energy,146,cal
55,Protein,4.2,g
55,Carbohydrates,6.2,g
55,Fiber,0.3,g
55,Fat,11.8,g
55,Cholesterol,0,mg
55,Sodium,0.2,mg
56,Energy,132,cal
56,Protein,2.8,g
56,Carbohydrates,15,g
56,Fiber,0.5,g
56,Fat,5.7,g
56,Cholesterol,0,mg
56,Vitamin A,226.7,mcg
56,Vitamin B1,0,mg
56,Vitamin B2,0.1,mg
56,Vitamin B3,0.2,mg
56,Vitamin C,10.1,mg
56,Folic Acid,3.6,mcg
56,Calcium,120.2,mg
56,Iron,0.5,mg
56,Magnesium,0,mg
56,Phosphorus,0,mg
56,Sodium,11.4,mg
56,Potassium,65.4,mg
56,Zinc,0.1,mg
57,Energy,131,cal
57,Protein,4.2,g
57,Carbohydrates,2.1,g
57,Fiber,0.3,g
57,Fat,11.8,g
57,Cholesterol,0,mg
57,Sodium,0,mg
58,Energy,339,cal
58,Protein,9.8,g
58,Carbohydrates,25.1,g
58,Fiber,0.2,g
58,Fat,18.2,g
58,Cholesterol,26.7,mg
58,Sodium,31.7,mg
59,Energy,224,cal
59,Protein,3.4,g
59,Carbohydrates,24.9,g
59,Fiber,0.4,g
59,Fat,12.2,g
59,Cholesterol,0,mg
59,Sodium,0.4,mg
60,Energy,224,cal
60,Protein,3.4,g
60,Carbohydrates,24.9,g
60,Fiber,0.4,g
60,Fat,12.2,g
60,Cholesterol,0,mg
60,Sodium,0.4,mg
61,Energy,224,cal
61,Protein,3.4,g
61,Carbohydrates,24.9,g
61,Fiber,0.4,g
61,Fat,12.2,g
61,Cholesterol,0,mg
61,Sodium,0.4,mg
62,Energy,31,cal
62,Protein,0.9,g
62,Carbohydrates,1.1,g
62,Fiber,0,g
62,Fat,2.7,g
62,Cholesterol,0.8,mg
62,Sodium,1,mg
63,Energy,31,cal
63,Protein,0.9,g
63,Carbohydrates,1.1,g
63,Fiber,0,g
63,Fat,2.7,g
63,Cholesterol,0.8,mg
63,Sodium,1,mg
64,Energy,31,cal
64,Protein,0.9,g
64,Carbohydrates,1.1,g
64,Fiber,0,g
64,Fat,2.7,g
64,Cholesterol,0.8,mg
64,Sodium,1,mg
65,Energy,99,cal
65,Protein,2,g
65,Carbohydrates,8.1,g
65,Fiber,0.9,g
65,Fat,6.6,g
65,Cholesterol,3.8,mg
65,Sodium,18.7,mg
66,Energy,99,cal
66,Protein,2,g
66,Carbohydrates,8.1,g
66,Fiber,0.9,g
66,Fat,6.6,g
66,Cholesterol,3.8,mg
66,Sodium,18.7,mg
68,Energy,75,cal
68,Protein,1.6,g
68,Carbohydrates,6,g
68,Fiber,0.6,g
68,Fat,4.9,g
68,Cholesterol,0,mg
68,Sodium,0.3,mg
69,Energy,75,cal
69,Protein,1.6,g
69,Carbohydrates,6,g
69,Fiber,0.6,g
69,Fat,4.9,g
69,Cholesterol,0,mg
69,Sodium,0.3,mg
70,Energy,131,cal
70,Protein,2,g
70,Carbohydrates,13.7,g
70,Fiber,2.4,g
70,Fat,7.6,g
70,Cholesterol,0,mg
70,Sodium,144.9,mg
71,Energy,157,cal
71,Protein,2.8,g
71,Carbohydrates,20.4,g
71,Fiber,2.2,g
71,Fat,6.2,g
71,Cholesterol,6,mg
71,Sodium,13.1,mg
72,Energy,157,cal
72,Protein,2.8,g
72,Carbohydrates,20.4,g
72,Fiber,2.2,g
72,Fat,6.2,g
72,Cholesterol,6,mg
72,Sodium,13.1,mg
73,Energy,120,cal
73,Protein,2.1,g
73,Carbohydrates,15.7,g
73,Fiber,1.5,g
73,Fat,5.4,g
73,Cholesterol,0.6,mg
73,Sodium,11.6,mg
74,Energy,357,cal
74,Protein,4.7,g
74,Carbohydrates,53.5,g
74,Fiber,6.3,g
74,Fat,12.6,g
74,Cholesterol,0,mg
74,Vitamin A,643.4,mcg
74,Vitamin B1,0.2,mg
74,Vitamin B2,0.1,mg
74,Vitamin B3,1.5,mg
74,Vitamin C,41.5,mg
74,Folic Acid,16,mcg
74,Calcium,182.5,mg
74,Iron,1.4,mg
74,Magnesium,0,mg
74,Phosphorus,0,mg
74,Sodium,117.3,mg
74,Potassium,641.4,mg
74,Zinc,0.4,mg
75,Energy,357,cal
75,Protein,4.7,g
75,Carbohydrates,53.5,g
75,Fiber,6.3,g
75,Fat,12.6,g
75,Cholesterol,0,mg
75,Vitamin A,643.4,mcg
75,Vitamin B1,0.2,mg
75,Vitamin B2,0.1,mg
75,Vitamin B3,1.5,mg
75,Vitamin C,41.5,mg
75,Folic Acid,16,mcg
75,Calcium,182.5,mg
75,Iron,1.4,mg
75,Magnesium,0,mg
75,Phosphorus,0,mg
75,Sodium,117.3,mg
75,Potassium,641.4,mg
75,Zinc,0.4,mg
78,Energy,205,cal
78,Protein,1.9,g
78,Carbohydrates,11.8,g
78,Fiber,2.7,g
78,Fat,16.8,g
78,Cholesterol,0,mg
78,Sodium,12.3,mg
79,Energy,525,cal
79,Protein,15.5,g
79,Carbohydrates,50.4,g
79,Fiber,11.4,g
79,Fat,29.1,g
79,Cholesterol,0,mg
79,Sodium,54.4,mg
80,Energy,525,cal
80,Protein,15.5,g
80,Carbohydrates,50.4,g
80,Fiber,11.4,g
80,Fat,29.1,g
80,Cholesterol,0,mg
80,Sodium,54.4,mg
81,Energy,525,cal
81,Protein,15.5,g
81,Carbohydrates,50.4,g
81,Fiber,11.4,g
81,Fat,29.1,g
81,Cholesterol,0,mg
81,Sodium,54.4,mg
82,Energy,212,cal
82,Protein,2.5,g
82,Carbohydrates,33.2,g
82,Fiber,2.7,g
82,Fat,7.7,g
82,Cholesterol,0,mg
82,Sodium,155.1,mg
83,Energy,212,cal
83,Protein,2.5,g
83,Carbohydrates,33.2,g
83,Fiber,2.7,g
83,Fat,7.7,g
83,Cholesterol,0,mg
83,Sodium,155.1,mg
84,Energy,212,cal
84,Protein,2.5,g
84,Carbohydrates,33.2,g
84,Fiber,2.7,g
84,Fat,7.7,g
84,Cholesterol,0,mg
84,Sodium,155.1,mg
85,Energy,122,cal
85,Protein,3.1,g
85,Carbohydrates,12.3,g
85,Fiber,0.4,g
85,Fat,6.7,g
85,Cholesterol,1.9,mg
85,Vitamin A,60.8,mcg
85,Vitamin B1,0,mg
85,Vitamin B2,0,mg
85,Vitamin B3,0.4,mg
85,Vitamin C,3.9,mg
85,Folic Acid,3.9,mcg
85,Calcium,50.9,mg
85,Iron,0.4,mg
85,Magnesium,0,mg
85,Phosphorus,0,mg
85,Sodium,55.8,mg
85,Potassium,62.8,mg
85,Zinc,0.1,mg
86,Energy,122,cal
86,Protein,3.1,g
86,Carbohydrates,12.3,g
86,Fiber,0.4,g
86,Fat,6.7,g
86,Cholesterol,1.9,mg
86,Vitamin A,60.8,mcg
86,Vitamin B1,0,mg
86,Vitamin B2,0,mg
86,Vitamin B3,0.4,mg
86,Vitamin C,3.9,mg
86,Folic Acid,3.9,mcg
86,Calcium,50.9,mg
86,Iron,0.4,mg
86,Magnesium,0,mg
86,Phosphorus,0,mg
86,Sodium,55.8,mg
86,Potassium,62.8,mg
86,Zinc,0.1,mg
87,Energy,122,cal
87,Protein,3.1,g
87,Carbohydrates,12.3,g
87,Fiber,0.4,g
87,Fat,6.7,g
87,Cholesterol,1.9,mg
87,Vitamin A,60.8,mcg
87,Vitamin B1,0,mg
87,Vitamin B2,0,mg
87,Vitamin B3,0.4,mg
87,Vitamin C,3.9,mg
87,Folic Acid,3.9,mcg
87,Calcium,50.9,mg
87,Iron,0.4,mg
87,Magnesium,0,mg
87,Phosphorus,0,mg
87,Sodium,55.8,mg
87,Potassium,62.8,mg
87,Zinc,0.1,mg
88,Energy,150,cal
88,Protein,1,g
88,Carbohydrates,14,g
88,Fiber,1.1,g
88,Fat,10.1,g
88,Cholesterol,0,mg
88,Vitamin A,243.1,mcg
88,Vitamin B1,0.1,mg
88,Vitamin B2,0,mg
88,Vitamin B3,0.8,mg
88,Vitamin C,13.1,mg
88,Folic Acid,10.4,mcg
88,Calcium,9.8,mg
88,Iron,0.3,mg
88,Magnesium,0,mg
88,Phosphorus,0,mg
88,Sodium,7.9,mg
88,Potassium,156.6,mg
88,Zinc,0.3,mg
89,Energy,148,cal
89,Protein,2.8,g
89,Carbohydrates,28.1,g
89,Fiber,2.2,g
89,Fat,2.7,g
89,Cholesterol,0,mg
89,Vitamin A,32.2,mcg
89,Vitamin B1,0,mg
89,Vitamin B2,0,mg
89,Vitamin B3,1,mg
89,Vitamin C,13.3,mg
89,Calcium,10.8,mg
89,Iron,0.5,mg
89,Folic Acid,5.3,mcg
89,Sodium,11.7,mg
89,Potassium,68.1,mg
89,Zinc,0.6,mg
90,Energy,303,cal
90,Protein,5.1,g
90,Carbohydrates,55.1,g
90,Fiber,3.6,g
90,Fat,6.9,g
90,Cholesterol,0,mg
90,Vitamin A,68.2,mcg
90,Vitamin B1,0.1,mg
90,Vitamin B2,0.1,mg
90,Vitamin B3,1.6,mg
90,Vitamin C,13.3,mg
90,Folic Acid,8.1,mcg
90,Calcium,14.3,mg
90,Iron,0.8,mg
90,Magnesium,0,mg
90,Phosphorus,0,mg
90,Sodium,11.7,mg
90,Potassium,68.1,mg
90,Zinc,1,mg
91,Energy,318,cal
91,Protein,5.2,g
91,Carbohydrates,56.4,g
91,Fiber,3.7,g
91,Fat,7.9,g
91,Cholesterol,0,mg
91,Sodium,15.6,mg
92,Energy,318,cal
92,Protein,5.2,g
92,Carbohydrates,56.4,g
92,Fiber,3.7,g
92,Fat,7.9,g
92,Cholesterol,0,mg
92,Sodium,15.6,mg
93,Energy,341,cal
93,Protein,3.6,g
93,Carbohydrates,30.5,g
93,Fiber,4.7,g
93,Fat,22.9,g
93,Cholesterol,0,mg
93,Sodium,8764.5,mg
94,Energy,208,cal
94,Protein,3,g
94,Carbohydrates,23.7,g
94,Fiber,3.7,g
94,Fat,11.3,g
94,Cholesterol,0,mg
94,Sodium,39.9,mg
95,Energy,208,cal
95,Protein,3,g
95,Carbohydrates,23.7,g
95,Fiber,3.7,g
95,Fat,11.3,g
95,Cholesterol,0,mg
95,Sodium,39.9,mg
96,Energy,208,cal
96,Protein,3,g
96,Carbohydrates,23.7,g
96,Fiber,3.7,g
96,Fat,11.3,g
96,Cholesterol,0,mg
96,Sodium,39.9,mg
97,Energy,95,cal
97,Protein,1.5,g
97,Carbohydrates,20.7,g
97,Fiber,2.4,g
97,Fat,0.7,g
97,Cholesterol,1.9,mg
97,Sodium,15.6,mg
98,Energy,169,cal
98,Protein,0.9,g
98,Carbohydrates,12,g
98,Fiber,0.9,g
98,Fat,13.1,g
98,Cholesterol,0,mg
98,Vitamin A,128.5,mcg
98,Vitamin B1,0.1,mg
98,Vitamin B2,0,mg
98,Vitamin B3,0.6,mg
98,Vitamin C,9.3,mg
98,Folic Acid,8.8,mcg
98,Calcium,9.5,mg
98,Iron,0.3,mg
98,Magnesium,0,mg
98,Phosphorus,0,mg
98,Sodium,5.7,mg
98,Potassium,131.3,mg
98,Zinc,0.3,mg
99,Energy,86,cal
99,Protein,1.1,g
99,Carbohydrates,7.8,g
99,Fiber,0.1,g
99,Fat,5.6,g
99,Cholesterol,0,mg
99,Vitamin A,52.6,mcg
99,Vitamin B1,0,mg
99,Vitamin B2,0,mg
99,Vitamin B3,0.3,mg
99,Vitamin C,0.3,mg
99,Folic Acid,0.3,mcg
99,Calcium,2.5,mg
99,Iron,0.3,mg
99,Magnesium,0,mg
99,Phosphorus,0,mg
99,Sodium,1.1,mg
99,Potassium,17.6,mg
99,Zinc,0.1,mg
100,Energy,194,cal
100,Protein,2.2,g
100,Carbohydrates,34.8,g
100,Fiber,2.4,g
100,Fat,5.2,g
100,Cholesterol,0,mg
100,Sodium,15.2,mg
101,Energy,194,cal
101,Protein,2.2,g
101,Carbohydrates,34.8,g
101,Fiber,2.4,g
101,Fat,5.2,g
101,Cholesterol,0,mg
101,Sodium,15.2,mg
102,Energy,76,cal
102,Protein,1.3,g
102,Carbohydrates,10.7,g
102,Fiber,0.5,g
102,Fat,3.1,g
102,Cholesterol,0,mg
102,Sodium,2.6,mg
103,Energy,478,cal
103,Protein,8.8,g
103,Carbohydrates,24.5,g
103,Fiber,1.5,g
103,Fat,37.2,g
103,Cholesterol,0,mg
103,Vitamin A,307.9,mcg
103,Vitamin B1,0.3,mg
103,Vitamin B2,0.1,mg
103,Vitamin B3,1.2,mg
103,Vitamin C,13.3,mg
103,Folic Acid,14.5,mcg
103,Calcium,134.1,mg
103,Iron,2,mg
103,Magnesium,0,mg
103,Phosphorus,0,mg
103,Sodium,17.1,mg
103,Potassium,224.4,mg
103,Zinc,1.9,mg
104,Energy,174,cal
104,Protein,2.1,g
104,Carbohydrates,23.9,g
104,Fiber,2.8,g
104,Fat,7.8,g
104,Cholesterol,0,mg
104,Sodium,18.3,mg
105,Energy,243,cal
105,Protein,2.4,g
105,Carbohydrates,12.6,g
105,Fiber,4.1,g
105,Fat,20.4,g
105,Cholesterol,0,mg
105,Sodium,33.5,mg
106,Energy,243,cal
106,Protein,2.4,g
106,Carbohydrates,12.6,g
106,Fiber,4.1,g
106,Fat,20.4,g
106,Cholesterol,0,mg
106,Sodium,33.5,mg
107,Energy,160,cal
107,Protein,3.4,g
107,Carbohydrates,24.8,g
107,Fiber,0.9,g
107,Fat,5.3,g
107,Cholesterol,0,mg
107,Vitamin A,239.6,mcg
107,Vitamin B1,0.1,mg
107,Vitamin B2,0,mg
107,Vitamin B3,0.8,mg
107,Vitamin C,8.7,mg
107,Folic Acid,4.4,mcg
107,Calcium,27.6,mg
107,Iron,0.8,mg
107,Magnesium,0,mg
107,Phosphorus,0,mg
107,Sodium,7.7,mg
107,Potassium,90.1,mg
107,Zinc,0.3,mg
108,Energy,92,cal
108,Protein,4.8,g
108,Carbohydrates,15,g
108,Fiber,3.4,g
108,Fat,1.6,g
108,Cholesterol,0,mg
108,Sodium,5.8,mg
109,Energy,204,cal
109,Protein,5.3,g
109,Carbohydrates,23.9,g
109,Fiber,4.2,g
109,Fat,9.6,g
109,Cholesterol,1.2,mg
109,Sodium,16.6,mg
110,Energy,99,cal
110,Protein,2.8,g
110,Carbohydrates,13.1,g
110,Fiber,3.4,g
110,Fat,3.9,g
110,Cholesterol,0,mg
110,Sodium,10.3,mg
111,Energy,244,cal
111,Protein,6.7,g
111,Carbohydrates,27.2,g
111,Fiber,7.1,g
111,Fat,11.9,g
111,Cholesterol,1.2,mg
111,Sodium,14.7,mg
112,Energy,244,cal
112,Protein,6.7,g
112,Carbohydrates,27.2,g
112,Fiber,7.1,g
112,Fat,11.9,g
112,Cholesterol,1.2,mg
112,Sodium,14.7,mg
113,Energy,244,cal
113,Protein,6.7,g
113,Carbohydrates,27.2,g
113,Fiber,7.1,g
113,Fat,11.9,g
113,Cholesterol,1.2,mg
113,Sodium,14.7,mg
114,Energy,154,cal
114,Protein,3.7,g
114,Carbohydrates,17.5,g
114,Fiber,4.4,g
114,Fat,7.7,g
114,Cholesterol,0,mg
114,Sodium,12.5,mg
115,Energy,154,cal
115,Protein,3.7,g
115,Carbohydrates,17.5,g
115,Fiber,4.4,g
115,Fat,7.7,g
115,Cholesterol,0,mg
115,Sodium,12.5,mg
116,Energy,487,cal
116,Protein,12.8,g
116,Carbohydrates,52.9,g
116,Fiber,9.7,g
116,Fat,24.9,g
116,Cholesterol,0,mg
116,Sodium,48.1,mg
117,Energy,203,cal
117,Protein,2.5,g
117,Carbohydrates,13,g
117,Fiber,3,g
117,Fat,15.7,g
117,Cholesterol,0,mg
117,Sodium,58.5,mg
118,Energy,154,cal
118,Protein,1.9,g
118,Carbohydrates,10.1,g
118,Fiber,2.3,g
118,Fat,11.8,g
118,Cholesterol,0,mg
118,Vitamin A,3904.3,mcg
118,Vitamin B1,0.1,mg
118,Vitamin B2,0.2,mg
118,Vitamin B3,0.8,mg
118,Vitamin C,25.2,mg
118,Folic Acid,89.8,mcg
118,Calcium,53.2,mg
118,Iron,0.9,mg
118,Magnesium,0,mg
118,Phosphorus,0,mg
118,Sodium,44,mg
118,Potassium,229,mg
118,Zinc,0.4,mg
119,Energy,170,cal
119,Protein,4.5,g
119,Carbohydrates,22,g
119,Fiber,4,g
119,Fat,7.4,g
119,Cholesterol,0.8,mg
119,Sodium,14.5,mg
120,Energy,148,cal
120,Protein,4.5,g
120,Carbohydrates,22,g
120,Fiber,4,g
120,Fat,4.9,g
120,Cholesterol,0.8,mg
120,Sodium,14.5,mg
121,Energy,387,cal
121,Protein,9.7,g
121,Carbohydrates,16.9,g
121,Fiber,2.9,g
121,Fat,31.3,g
121,Cholesterol,0,mg
121,Sodium,109.8,mg
122,Energy,242,cal
122,Protein,9.1,g
122,Carbohydrates,20.9,g
122,Fiber,3,g
122,Fat,13.6,g
122,Cholesterol,0,mg
122,Sodium,8.3,mg
123,Energy,340,cal
123,Protein,10,g
123,Carbohydrates,24.8,g
123,Fiber,2.7,g
123,Fat,22.4,g
123,Cholesterol,0,mg
123,Sodium,11,mg
124,Energy,340,cal
124,Protein,10,g
124,Carbohydrates,24.8,g
124,Fiber,2.7,g
124,Fat,22.4,g
124,Cholesterol,0,mg
124,Sodium,11,mg
125,Energy,340,cal
125,Protein,10,g
125,Carbohydrates,24.8,g
125,Fiber,2.7,g
125,Fat,22.4,g
125,Cholesterol,0,mg
125,Sodium,11,mg
126,Energy,141,cal
126,Protein,2.3,g
126,Carbohydrates,16.5,g
126,Fiber,1.7,g
126,Fat,7.1,g
126,Cholesterol,1.2,mg
126,Sodium,13.6,mg
127,Energy,348,cal
127,Protein,1.5,g
127,Carbohydrates,20.8,g
127,Fiber,1.6,g
127,Fat,28.8,g
127,Cholesterol,0,mg
127,Sodium,10.1,mg
128,Energy,112,cal
128,Protein,1.5,g
128,Carbohydrates,20.8,g
128,Fiber,1.6,g
128,Fat,2.6,g
128,Cholesterol,0,mg
128,Sodium,10.1,mg
129,Energy,179,cal
129,Protein,1.5,g
129,Carbohydrates,20.8,g
129,Fiber,1.6,g
129,Fat,10.1,g
129,Cholesterol,0,mg
129,Sodium,10.1,mg
130,Energy,89,cal
130,Protein,1.4,g
130,Carbohydrates,12.4,g
130,Fiber,1.6,g
130,Fat,3.8,g
130,Cholesterol,0,mg
130,Vitamin A,78.4,mcg
130,Vitamin B1,0,mg
130,Vitamin B2,0,mg
130,Vitamin B3,0.6,mg
130,Vitamin C,10.1,mg
130,Folic Acid,8.9,mcg
130,Calcium,8.5,mg
130,Iron,0.4,mg
130,Magnesium,0,mg
130,Phosphorus,0,mg
130,Sodium,6.1,mg
130,Potassium,130.3,mg
130,Zinc,0.3,mg
131,Energy,40,cal
131,Protein,0.4,g
131,Carbohydrates,3.9,g
131,Fiber,0.4,g
131,Fat,2.5,g
131,Cholesterol,0,mg
131,Vitamin A,61.6,mcg
131,Vitamin B1,0,mg
131,Vitamin B2,0,mg
131,Vitamin B3,0.2,mg
131,Vitamin C,4.3,mg
131,Folic Acid,2.7,mcg
131,Calcium,4.4,mg
131,Iron,0.1,mg
131,Magnesium,0,mg
131,Phosphorus,0,mg
131,Sodium,2.1,mg
131,Potassium,46.7,mg
131,Zinc,0.1,mg
132,Energy,40,cal
132,Protein,0.4,g
132,Carbohydrates,3.9,g
132,Fiber,0.4,g
132,Fat,2.5,g
132,Cholesterol,0,mg
132,Vitamin A,61.6,mcg
132,Vitamin B1,0,mg
132,Vitamin B2,0,mg
132,Vitamin B3,0.2,mg
132,Vitamin C,4.3,mg
132,Folic Acid,2.7,mcg
132,Calcium,4.4,mg
132,Iron,0.1,mg
132,Magnesium,0,mg
132,Phosphorus,0,mg
132,Sodium,2.1,mg
132,Potassium,46.7,mg
132,Zinc,0.1,mg
133,Energy,40,cal
133,Protein,0.4,g
133,Carbohydrates,3.9,g
133,Fiber,0.4,g
133,Fat,2.5,g
133,Cholesterol,0,mg
133,Vitamin A,61.6,mcg
133,Vitamin B1,0,mg
133,Vitamin B2,0,mg
133,Vitamin B3,0.2,mg
133,Vitamin C,4.3,mg
133,Folic Acid,2.7,mcg
133,Calcium,4.4,mg
133,Iron,0.1,mg
133,Magnesium,0,mg
133,Phosphorus,0,mg
133,Sodium,2.1,mg
133,Potassium,46.7,mg
133,Zinc,0.1,mg
134,Energy,299,cal
134,Protein,2.5,g
134,Carbohydrates,34.8,g
134,Fiber,2.6,g
134,Fat,16.8,g
134,Cholesterol,0,mg
134,Sodium,16.9,mg
135,Energy,134,cal
135,Protein,2.2,g
135,Carbohydrates,16.2,g
135,Fiber,0.3,g
135,Fat,6.7,g
135,Cholesterol,4.6,mg
135,Sodium,18.7,mg
136,Energy,273,cal
136,Protein,2.2,g
136,Carbohydrates,62.4,g
136,Fiber,2.6,g
136,Fat,1.5,g
136,Cholesterol,0,mg
136,Sodium,96,mg
144,Energy,123,cal
144,Protein,2.5,g
144,Carbohydrates,19,g
144,Fiber,2.1,g
144,Fat,5.1,g
144,Cholesterol,0,mg
144,Vitamin A,153.1,mcg
144,Vitamin B1,0.1,mg
144,Vitamin B2,0.1,mg
144,Vitamin B3,0.1,mg
144,Vitamin C,22.3,mg
144,Folic Acid,18.8,mcg
144,Calcium,10.4,mg
144,Iron,0.5,mg
144,Magnesium,0,mg
144,Phosphorus,0,mg
144,Sodium,5.1,mg
144,Potassium,129.6,mg
144,Zinc,0.3,mg
145,Energy,179,cal
145,Protein,2.7,g
145,Carbohydrates,34.6,g
145,Fiber,1.1,g
145,Fat,2.9,g
145,Cholesterol,0,mg
145,Sodium,388,mg
146,Energy,179,cal
146,Protein,2.7,g
146,Carbohydrates,34.6,g
146,Fiber,1.1,g
146,Fat,2.9,g
146,Cholesterol,0,mg
146,Sodium,388,mg
147,Energy,179,cal
147,Protein,2.7,g
147,Carbohydrates,34.6,g
147,Fiber,1.1,g
147,Fat,2.9,g
147,Cholesterol,0,mg
147,Sodium,388,mg
150,Energy,7,cal
150,Protein,0.1,g
150,Carbohydrates,1.5,g
150,Fiber,0.2,g
150,Fat,0,g
150,Cholesterol,0,mg
150,Sodium,1.3,mg
151,Energy,20,cal
151,Protein,0.2,g
151,Carbohydrates,4.8,g
151,Fiber,1.2,g
151,Fat,0,g
151,Cholesterol,0,mg
151,Sodium,389.3,mg
152,Energy,37,cal
152,Protein,0.2,g
152,Carbohydrates,9.4,g
152,Fiber,1.3,g
152,Fat,0,g
152,Cholesterol,0,mg
152,Sodium,2.1,mg
154,Energy,20,cal
154,Protein,0.2,g
154,Carbohydrates,4.8,g
154,Fiber,1.2,g
154,Fat,0,g
154,Cholesterol,0,mg
154,Sodium,1.8,mg
155,Energy,71,cal
155,Protein,0.1,g
155,Carbohydrates,17.4,g
155,Fiber,0.7,g
155,Fat,0,g
155,Cholesterol,0,mg
155,Sodium,1.1,mg
156,Energy,54,cal
156,Protein,0.1,g
156,Carbohydrates,13.3,g
156,Fiber,0.6,g
156,Fat,0,g
156,Cholesterol,0,mg
156,Sodium,0.8,mg
158,Energy,174,cal
158,Protein,0.4,g
158,Carbohydrates,18.1,g
158,Fiber,2.4,g
158,Fat,11.1,g
158,Cholesterol,0,mg
158,Sodium,3.5,mg
159,Energy,73,cal
159,Protein,0,g
159,Carbohydrates,18.1,g
159,Fiber,0,g
159,Fat,0,g
159,Cholesterol,0,mg
159,Sodium,0,mg
160,Energy,117,cal
160,Protein,4.4,g
160,Carbohydrates,9.6,g
160,Fiber,0.1,g
160,Fat,6.8,g
160,Cholesterol,0,mg
160,Sodium,0,mg
161,Energy,117,cal
161,Protein,4.4,g
161,Carbohydrates,9.6,g
161,Fiber,0.1,g
161,Fat,6.8,g
161,Cholesterol,0,mg
161,Sodium,0,mg
162,Energy,194,cal
162,Protein,5.6,g
162,Carbohydrates,12.3,g
162,Fiber,5.4,g
162,Fat,12.7,g
162,Cholesterol,6,mg
162,Sodium,23,mg
163,Energy,134,cal
163,Protein,1.7,g
163,Carbohydrates,31.6,g
163,Fiber,3,g
163,Fat,0.1,g
163,Cholesterol,0,mg
163,Sodium,1.1,mg
164,Energy,125,cal
164,Protein,2.6,g
164,Carbohydrates,27,g
164,Fiber,3.3,g
164,Fat,0.7,g
164,Cholesterol,0,mg
164,Sodium,16.7,mg
165,Energy,87,cal
165,Protein,0.6,g
165,Carbohydrates,20.2,g
165,Fiber,1.4,g
165,Fat,0.4,g
165,Cholesterol,0.1,mg
165,Sodium,0.1,mg
166,Energy,66,cal
166,Protein,0.1,g
166,Carbohydrates,14.2,g
166,Fiber,0.2,g
166,Fat,1,g
166,Cholesterol,0,mg
166,Sodium,0.6,mg
167,Energy,301,cal
167,Protein,10.9,g
167,Carbohydrates,38.7,g
167,Fiber,0.2,g
167,Fat,8.4,g
167,Cholesterol,20,mg
167,Sodium,100.8,mg
168,Energy,106,cal
168,Protein,2.6,g
168,Carbohydrates,7.8,g
168,Fiber,1.5,g
168,Fat,7.5,g
168,Cholesterol,0,mg
168,Sodium,1.2,mg
169,Energy,152,cal
169,Protein,4.2,g
169,Carbohydrates,15.1,g
169,Fiber,1.1,g
169,Fat,8.7,g
169,Cholesterol,0,mg
169,Sodium,1.1,mg
170,Energy,152,cal
170,Protein,4.2,g
170,Carbohydrates,15.1,g
170,Fiber,1.1,g
170,Fat,8.7,g
170,Cholesterol,0,mg
170,Sodium,1.1,mg
171,Energy,461,cal
171,Protein,8.8,g
171,Carbohydrates,54.6,g
171,Fiber,5.2,g
171,Fat,24.6,g
171,Cholesterol,0,mg
171,Sodium,5,mg
172,Energy,309,cal
172,Protein,3.3,g
172,Carbohydrates,20.7,g
172,Fiber,2.3,g
172,Fat,23.5,g
172,Cholesterol,0,mg
172,Vitamin A,227.9,mcg
172,Vitamin B1,0.1,mg
172,Vitamin B2,0.1,mg
172,Vitamin B3,0.8,mg
172,Vitamin C,2.2,mg
172,Folic Acid,0.5,mcg
172,Calcium,77.3,mg
172,Iron,1,mg
172,Magnesium,0,mg
172,Phosphorus,0,mg
172,Sodium,1.6,mg
172,Potassium,7.7,mg
172,Zinc,0.4,mg
173,Energy,606,cal
173,Protein,10.7,g
173,Carbohydrates,95.6,g
173,Fiber,3.4,g
173,Fat,18.6,g
173,Cholesterol,16,mg
173,Sodium,21.8,mg
174,Energy,606,cal
174,Protein,10.7,g
174,Carbohydrates,95.6,g
174,Fiber,3.4,g
174,Fat,18.6,g
174,Cholesterol,16,mg
174,Sodium,21.8,mg
175,Energy,291,cal
175,Protein,7.3,g
175,Carbohydrates,38.2,g
175,Fiber,4.6,g
175,Fat,8.8,g
175,Cholesterol,0.1,mg
175,Sodium,125.9,mg
176,Energy,20,cal
176,Protein,1.3,g
176,Carbohydrates,2.7,g
176,Fiber,1.8,g
176,Fat,0.4,g
176,Cholesterol,0,mg
176,Sodium,31.7,mg
177,Energy,20,cal
177,Protein,1.3,g
177,Carbohydrates,2.7,g
177,Fiber,1.8,g
177,Fat,0.4,g
177,Cholesterol,0,mg
177,Sodium,31.7,mg
178,Energy,373,cal
178,Protein,12.1,g
178,Carbohydrates,31.5,g
178,Fiber,6,g
178,Fat,20.8,g
178,Cholesterol,0,mg
178,Sodium,32.2,mg
179,Energy,373,cal
179,Protein,12.1,g
179,Carbohydrates,31.5,g
179,Fiber,6,g
179,Fat,20.8,g
179,Cholesterol,0,mg
179,Sodium,32.2,mg
180,Energy,145,cal
180,Protein,2,g
180,Carbohydrates,27.9,g
180,Fiber,0.8,g
180,Fat,2.4,g
180,Cholesterol,0,mg
180,Sodium,129.2,mg
181,Energy,2975,cal
181,Protein,39,g
181,Carbohydrates,326.3,g
181,Fiber,60.5,g
181,Fat,168.2,g
181,Cholesterol,0,mg
181,Vitamin A,225,mcg
181,Vitamin B1,0.4,mg
181,Vitamin B2,0.5,mg
181,Vitamin B3,9.3,mg
181,Vitamin C,3.4,mg
181,Folic Acid,70.3,mcg
181,Calcium,68.8,mg
181,Iron,8.2,mg
181,Magnesium,0,mg
181,Phosphorus,0,mg
181,Sodium,0,mg
181,Potassium,0,mg
181,Zinc,4.5,mg
182,Protein,2.4,g
182,Cho,18.1,g
182,Fat,3,g
183,Protein,2.4,g
183,Cho,18.1,g
183,Fat,3,g
184,Energy,121,cal
184,Protein,1.7,g
184,Carbohydrates,16,g
184,Fiber,2.2,g
184,Fat,5.5,g
184,Cholesterol,0,mg
184,Sodium,3.5,mg
185,Energy,201,cal
185,Protein,8.4,g
185,Carbohydrates,25,g
185,Fiber,10.1,g
185,Fat,12.9,g
185,Cholesterol,0,mg
185,Sodium,32.5,mg
186,Energy,201,cal
186,Protein,8.4,g
186,Carbohydrates,25,g
186,Fiber,10.1,g
186,Fat,12.9,g
186,Cholesterol,0,mg
186,Sodium,32.5,mg
187,Energy,800,cal
187,Protein,25.7,g
187,Carbohydrates,81.4,g
187,Fiber,12.9,g
187,Fat,41.8,g
187,Cholesterol,0.1,mg
187,Sodium,41.1,mg
188,Energy,121,cal
188,Protein,2.5,g
188,Carbohydrates,15.2,g
188,Fiber,0.9,g
188,Fat,5.2,g
188,Cholesterol,9.1,mg
188,Sodium,111.8,mg
189,Energy,189,cal
189,Protein,2.4,g
189,Carbohydrates,32.5,g
189,Fiber,8.6,g
189,Fat,5.5,g
189,Cholesterol,0,mg
189,Sodium,69.1,mg
190,Energy,96,calories
190,Protein,3.6,gm
190,Carbohydrates,12.6,gm
190,Fat,3.5,gm
190,Vitamin A,384.2,mcg
190,Calcium,60,mg
191,Energy,185,cal
191,Protein,3.7,g
191,Carbohydrates,26.1,g
191,Fiber,5.3,g
191,Fat,5.5,g
191,Cholesterol,12,mg
191,Sodium,46.7,mg
192,Energy,109,cal
192,Protein,0.5,g
192,Carbohydrates,25.6,g
192,Fiber,2.7,g
192,Fat,0.5,g
192,Cholesterol,0.1,mg
192,Sodium,16.3,mg
193,Energy,36,cal
193,Protein,1.3,g
193,Carbohydrates,7.2,g
193,Fiber,1.9,g
193,Fat,0.3,g
193,Cholesterol,0,mg
193,Sodium,49,mg
194,Energy,89,cal
194,Protein,4.7,g
194,Carbohydrates,16.3,g
194,Fiber,1.6,g
194,Fat,0.7,g
194,Cholesterol,0,mg
194,Sodium,58.5,mg
195,Energy,453,cal
195,Protein,0.3,g
195,Carbohydrates,119,g
195,Fiber,1.3,g
195,Fat,0.7,g
195,Cholesterol,0,mg
195,Sodium,14.2,mg
196,Energy,186,cal
196,Protein,3.8,g
196,Carbohydrates,31.7,g
196,Fiber,1.7,g
196,Fat,3.7,g
196,Cholesterol,8,mg
196,Sodium,20.7,mg
197,Energy,186,cal
197,Protein,3.8,g
197,Carbohydrates,31.7,g
197,Fiber,1.7,g
197,Fat,3.7,g
197,Cholesterol,8,mg
197,Sodium,20.7,mg
198,Energy,141,cal
198,Protein,5.6,g
198,Carbohydrates,14.4,g
198,Fiber,0.8,g
198,Fat,6.8,g
198,Cholesterol,0,mg
198,Sodium,52.1,mg
200,Energy,103,cal
200,Protein,1.3,g
200,Carbohydrates,23.1,g
200,Fiber,7.9,g
200,Fat,0.6,g
200,Cholesterol,0,mg
200,Sodium,65.2,mg
202,Energy,110,cal
202,Protein,0.7,g
202,Carbohydrates,24.2,g
202,Fiber,10.1,g
202,Fat,1.1,g
202,Cholesterol,0,mg
202,Sodium,40.8,mg
203,Energy,159,cal
203,Protein,5,g
203,Carbohydrates,17.9,g
203,Fiber,3.7,g
203,Fat,7.6,g
203,Cholesterol,0,mg
203,Sodium,40.1,mg
204,Energy,159,cal
204,Protein,5,g
204,Carbohydrates,17.9,g
204,Fiber,3.7,g
204,Fat,7.6,g
204,Cholesterol,0,mg
204,Sodium,40.1,mg
205,Energy,72,cal
205,Protein,4,g
205,Carbohydrates,12.4,g
205,Fiber,1.4,g
205,Fat,0.7,g
205,Cholesterol,0,mg
205,Sodium,60.2,mg
207,Energy,175,cal
207,Protein,4.4,g
207,Carbohydrates,18.8,g
207,Fiber,1.4,g
207,Fat,6.7,g
207,Cholesterol,16,mg
207,Sodium,31.2,mg
208,Energy,127,cal
208,Protein,1.8,g
208,Carbohydrates,22.9,g
208,Fiber,2.3,g
208,Fat,3.3,g
208,Cholesterol,9.2,mg
208,Sodium,37.7,mg
209,Energy,219,cal
209,Protein,6,g
209,Carbohydrates,26.7,g
209,Fiber,3.7,g
209,Fat,7.6,g
209,Cholesterol,16,mg
209,Sodium,43.6,mg
210,Energy,69,cal
210,Protein,3.5,g
210,Carbohydrates,11.7,g
210,Fiber,2.2,g
210,Fat,0.9,g
210,Cholesterol,0,mg
210,Sodium,49.6,mg
211,Energy,145,cal
211,Protein,5.4,g
211,Carbohydrates,27,g
211,Fiber,5.5,g
211,Fat,1.7,g
211,Cholesterol,0,mg
211,Sodium,94.1,mg
212,Energy,252,cal
212,Protein,2.2,g
212,Carbohydrates,40.5,g
212,Fiber,1.3,g
212,Fat,9,g
212,Cholesterol,26.7,mg
212,Sodium,101.1,mg
213,Energy,252,cal
213,Protein,2.2,g
213,Carbohydrates,40.5,g
213,Fiber,1.3,g
213,Fat,9,g
213,Cholesterol,26.7,mg
213,Sodium,101.1,mg
214,Energy,258,cal
214,Protein,2.6,g
214,Carbohydrates,38.7,g
214,Fiber,4.1,g
214,Fat,10.5,g
214,Cholesterol,30,mg
214,Sodium,118.3,mg
215,Energy,258,cal
215,Protein,2.6,g
215,Carbohydrates,38.7,g
215,Fiber,4.1,g
215,Fat,10.5,g
215,Cholesterol,30,mg
215,Sodium,118.3,mg
216,Energy,357,cal
216,Protein,2.4,g
216,Carbohydrates,52.5,g
216,Fiber,2.8,g
216,Fat,15.2,g
216,Cholesterol,45,mg
216,Sodium,174.5,mg
217,Energy,64,cal
217,Protein,0.6,g
217,Carbohydrates,14.1,g
217,Fiber,5.2,g
217,Fat,0.5,g
217,Cholesterol,0,mg
217,Sodium,33.7,mg
218,Energy,4,cal
218,Protein,0.1,g
218,Carbohydrates,0.8,g
218,Fiber,0.8,g
218,Fat,0,g
218,Cholesterol,0,mg
218,Sodium,3,mg
219,Energy,4,cal
219,Protein,0.1,g
219,Carbohydrates,0.8,g
219,Fiber,0.8,g
219,Fat,0,g
219,Cholesterol,0,mg
219,Sodium,3,mg
220,Energy,139,cal
220,Protein,2.6,g
220,Carbohydrates,26.5,g
220,Fiber,6.3,g
220,Fat,2.9,g
220,Cholesterol,0,mg
220,Sodium,71.6,mg
221,Energy,111,cal
221,Protein,0.3,g
221,Carbohydrates,26.9,g
221,Fiber,3.4,g
221,Fat,0.6,g
221,Cholesterol,0,mg
221,Sodium,33.6,mg
222,Energy,355,cal
222,Protein,6.3,g
222,Carbohydrates,34.1,g
222,Fiber,2.4,g
222,Fat,20.2,g
222,Cholesterol,8,mg
222,Sodium,28,mg
223,Energy,49,cal
223,Protein,0.8,g
223,Carbohydrates,7.9,g
223,Fiber,0.2,g
223,Fat,1.6,g
223,Cholesterol,3.4,mg
223,Sodium,19.9,mg
224,Energy,49,cal
224,Protein,0.8,g
224,Carbohydrates,7.9,g
224,Fiber,0.2,g
224,Fat,1.6,g
224,Cholesterol,3.4,mg
224,Sodium,19.9,mg
225,Energy,31,cal
225,Protein,0.1,g
225,Carbohydrates,7.3,g
225,Fiber,0.6,g
225,Fat,0.1,g
225,Cholesterol,0,mg
225,Sodium,5.3,mg
226,Energy,63,cal
226,Protein,0,g
226,Carbohydrates,15.5,g
226,Fiber,0.5,g
226,Fat,0.1,g
226,Cholesterol,0,mg
226,Sodium,4.7,mg
227,Energy,63,cal
227,Protein,0,g
227,Carbohydrates,15.5,g
227,Fiber,0.5,g
227,Fat,0.1,g
227,Cholesterol,0,mg
227,Sodium,4.7,mg
228,Energy,63,cal
228,Protein,0,g
228,Carbohydrates,15.5,g
228,Fiber,0.5,g
228,Fat,0.1,g
228,Cholesterol,0,mg
228,Sodium,4.7,mg
230,Energy,246,cal
230,Protein,4.6,g
230,Carbohydrates,37,g
230,Fiber,3.8,g
230,Fat,7.1,g
230,Cholesterol,16,mg
230,Sodium,52.3,mg
231,Energy,246,cal
231,Protein,4.6,g
231,Carbohydrates,37,g
231,Fiber,3.8,g
231,Fat,7.1,g
231,Cholesterol,16,mg
231,Sodium,52.3,mg
232,Energy,246,cal
232,Protein,4.6,g
232,Carbohydrates,37,g
232,Fiber,3.8,g
232,Fat,7.1,g
232,Cholesterol,16,mg
232,Sodium,52.3,mg
233,Energy,246,cal
233,Protein,4.6,g
233,Carbohydrates,37,g
233,Fiber,3.8,g
233,Fat,7.1,g
233,Cholesterol,16,mg
233,Sodium,52.3,mg
234,Energy,246,cal
234,Protein,4.6,g
234,Carbohydrates,37,g
234,Fiber,3.8,g
234,Fat,7.1,g
234,Cholesterol,16,mg
234,Sodium,52.3,mg
235,Energy,246,cal
235,Protein,4.6,g
235,Carbohydrates,37,g
235,Fiber,3.8,g
235,Fat,7.1,g
235,Cholesterol,16,mg
235,Sodium,52.3,mg
236,Energy,109,cal
236,Protein,1.7,g
236,Carbohydrates,17.5,g
236,Fiber,3.8,g
236,Fat,2.7,g
236,Cholesterol,5.3,mg
236,Sodium,33.4,mg
237,Energy,95,cal
237,Protein,1.4,g
237,Carbohydrates,20.6,g
237,Fiber,4.5,g
237,Fat,0.7,g
237,Cholesterol,0,mg
237,Sodium,55.9,mg
238,Energy,354,cal
238,Protein,4.1,g
238,Carbohydrates,65.5,g
238,Fiber,2.8,g
238,Fat,7.9,g
238,Cholesterol,4.8,mg
238,Sodium,30.1,mg
240,Energy,103,cal
240,Protein,0.3,g
240,Carbohydrates,23.3,g
240,Fiber,5.6,g
240,Fat,0.9,g
240,Cholesterol,0,mg
240,Sodium,48.7,mg
241,Energy,103,cal
241,Protein,0.3,g
241,Carbohydrates,23.3,g
241,Fiber,5.6,g
241,Fat,0.9,g
241,Cholesterol,0,mg
241,Sodium,48.7,mg
242,Amt,182,gm
242,Energy,119,kcal
242,Protein,1.8,gm
242,Cho,20.6,gm
242,Fat,2.6,gm
242,Vit-A,54.5,mcg
242,Vit-C,20.2,mg
242,Calcium,85.4,mg
242,Iron,1.5,mg
242,F.Acid,1.7,mcg
242,Fibre,1.6,gm
243,Amt,182,gm
243,Energy,119,kcal
243,Protein,1.8,gm
243,Cho,20.6,gm
243,Fat,2.6,gm
243,Vit-A,54.5,mcg
243,Vit-C,20.2,mg
243,Calcium,85.4,mg
243,Iron,1.5,mg
243,F.Acid,1.7,mcg
243,Fibre,1.6,gm
244,Energy,72,cal
244,Protein,0.8,g
244,Carbohydrates,16.5,g
244,Fiber,1.1,g
244,Fat,0.4,g
244,Cholesterol,0,mg
244,Sodium,9.1,mg
245,Energy,93,cal
245,Protein,1.1,g
245,Carbohydrates,4.7,g
245,Fiber,0.2,g
245,Fat,7.8,g
245,Cholesterol,0.6,mg
245,Sodium,4.4,mg
246,Energy,93,cal
246,Protein,0.6,g
246,Carbohydrates,21.6,g
246,Fiber,4,g
246,Fat,0.4,g
246,Cholesterol,0,mg
246,Sodium,39.2,mg
247,Energy,306,cal
247,Protein,5.1,g
247,Carbohydrates,37.4,g
247,Fiber,0.7,g
247,Fat,12.9,g
247,Cholesterol,16,mg
247,Sodium,28.1,mg
248,Energy,242,cal
248,Protein,4.2,g
248,Carbohydrates,28,g
248,Fiber,0.6,g
248,Fat,10.7,g
248,Cholesterol,13.3,mg
248,Sodium,23.4,mg
249,Amt,70,gm
249,Energy,76,kcal
249,Protein,2.2,gm
249,Cho,7.7,gm
249,Fat,3,gm
249,Vit-A,98.2,mcg
249,Vit-C,1.3,mg
249,Calcium,112.3,mg
249,Iron,0.5,mg
249,F.Acid,2.5,mcg
249,Fibre,0.5,gm
250,Amt,70,gm
250,Energy,76,kcal
250,Protein,2.2,gm
250,Cho,7.7,gm
250,Fat,3,gm
250,Vit-A,98.2,mcg
250,Vit-C,1.3,mg
250,Calcium,112.3,mg
250,Iron,0.5,mg
250,F.Acid,2.5,mcg
250,Fibre,0.5,gm
251,Energy,304,cal
251,Protein,3.9,g
251,Carbohydrates,64.1,g
251,Fiber,10.1,g
251,Fat,3.2,g
251,Cholesterol,1.6,mg
251,Sodium,91.7,mg
252,Energy,304,cal
252,Protein,3.9,g
252,Carbohydrates,64.1,g
252,Fiber,10.1,g
252,Fat,3.2,g
252,Cholesterol,1.6,mg
252,Sodium,91.7,mg
253,Energy,88,cal
253,Protein,1.2,g
253,Carbohydrates,8.4,g
253,Fiber,0.8,g
253,Fat,5.4,g
253,Cholesterol,14.3,mg
253,Sodium,47.2,mg
254,Energy,37,cal
254,Protein,0.1,g
254,Carbohydrates,9,g
254,Fiber,0.3,g
254,Fat,0.1,g
254,Cholesterol,0,mg
254,Sodium,0.8,mg
255,Energy,37,cal
255,Protein,0.1,g
255,Carbohydrates,9,g
255,Fiber,0.3,g
255,Fat,0.1,g
255,Cholesterol,0,mg
255,Sodium,0.8,mg
257,Energy,18,cal
257,Protein,0.4,g
257,Carbohydrates,2.3,g
257,Fiber,1,g
257,Fat,0.7,g
257,Cholesterol,0,mg
257,Vitamin A,63.2,mcg
257,Vitamin B1,0,mg
257,Vitamin B2,0,mg
257,Vitamin B3,0.1,mg
257,Vitamin C,8,mg
257,Folic Acid,6.6,mcg
257,Calcium,19.7,mg
257,Iron,0.7,mg
257,Magnesium,0,mg
257,Phosphorus,0,mg
257,Sodium,1.7,mg
257,Potassium,48.3,mg
257,Zinc,0.1,mg
258,Energy,18,cal
258,Protein,0.4,g
258,Carbohydrates,2.3,g
258,Fiber,1,g
258,Fat,0.7,g
258,Cholesterol,0,mg
258,Vitamin A,63.2,mcg
258,Vitamin B1,0,mg
258,Vitamin B2,0,mg
258,Vitamin B3,0.1,mg
258,Vitamin C,8,mg
258,Folic Acid,6.6,mcg
258,Calcium,19.7,mg
258,Iron,0.7,mg
258,Magnesium,0,mg
258,Phosphorus,0,mg
258,Sodium,1.7,mg
258,Potassium,48.3,mg
258,Zinc,0.1,mg
259,Energy,18,cal
259,Protein,0.4,g
259,Carbohydrates,2.3,g
259,Fiber,1,g
259,Fat,0.7,g
259,Cholesterol,0,mg
259,Vitamin A,63.2,mcg
259,Vitamin B1,0,mg
259,Vitamin B2,0,mg
259,Vitamin B3,0.1,mg
259,Vitamin C,8,mg
259,Folic Acid,6.6,mcg
259,Calcium,19.7,mg
259,Iron,0.7,mg
259,Magnesium,0,mg
259,Phosphorus,0,mg
259,Sodium,1.7,mg
259,Potassium,48.3,mg
259,Zinc,0.1,mg
260,Energy,246,cal
260,Protein,4.4,g
260,Carbohydrates,34.1,g
260,Fiber,1.3,g
260,Fat,10.2,g
260,Cholesterol,0,mg
260,Sodium,12.3,mg
261,Energy,194,cal
261,Protein,5.9,g
261,Carbohydrates,29.4,g
261,Fiber,3.2,g
261,Fat,5.9,g
261,Cholesterol,0,mg
261,Vitamin A,225,mcg
261,Vitamin B1,0.2,mg
261,Vitamin B2,0.1,mg
261,Vitamin B3,0.7,mg
261,Vitamin C,3.2,mg
261,Folic Acid,74.2,mcg
261,Calcium,51.3,mg
261,Iron,1.2,mg
261,Magnesium,0,mg
261,Phosphorus,0,mg
261,Sodium,20.2,mg
261,Potassium,653.5,mg
261,Zinc,0.5,mg
262,Energy,194,cal
262,Protein,5.9,g
262,Carbohydrates,29.4,g
262,Fiber,3.2,g
262,Fat,5.9,g
262,Cholesterol,0,mg
262,Vitamin A,225,mcg
262,Vitamin B1,0.2,mg
262,Vitamin B2,0.1,mg
262,Vitamin B3,0.7,mg
262,Vitamin C,3.2,mg
262,Folic Acid,74.2,mcg
262,Calcium,51.3,mg
262,Iron,1.2,mg
262,Magnesium,0,mg
262,Phosphorus,0,mg
262,Sodium,20.2,mg
262,Potassium,653.5,mg
262,Zinc,0.5,mg
266,Energy,57,cal
266,Protein,2.6,g
266,Carbohydrates,9.4,g
266,Fiber,0.8,g
266,Fat,1.2,g
266,Cholesterol,1.4,mg
266,Vitamin A,38.9,mcg
266,Vitamin B1,0,mg
266,Vitamin B2,0,mg
266,Vitamin B3,0.6,mg
266,Vitamin C,2.5,mg
266,Folic Acid,19.6,mcg
266,Calcium,26.5,mg
266,Iron,1.1,mg
266,Magnesium,0,mg
266,Phosphorus,0,mg
266,Sodium,46.1,mg
266,Potassium,89.3,mg
266,Zinc,0.2,mg
267,Energy,57,cal
267,Protein,2.6,g
267,Carbohydrates,9.4,g
267,Fiber,0.8,g
267,Fat,1.2,g
267,Cholesterol,1.4,mg
267,Vitamin A,38.9,mcg
267,Vitamin B1,0,mg
267,Vitamin B2,0,mg
267,Vitamin B3,0.6,mg
267,Vitamin C,2.5,mg
267,Folic Acid,19.6,mcg
267,Calcium,26.5,mg
267,Iron,1.1,mg
267,Magnesium,0,mg
267,Phosphorus,0,mg
267,Sodium,46.1,mg
267,Potassium,89.3,mg
267,Zinc,0.2,mg
268,Energy,309,cal
268,Protein,12.7,g
268,Carbohydrates,9.9,g
268,Fiber,1.1,g
268,Fat,24,g
268,Cholesterol,52.3,mg
268,Sodium,539.7,mg
269,Energy,309,cal
269,Protein,12.7,g
269,Carbohydrates,9.9,g
269,Fiber,1.1,g
269,Fat,24,g
269,Cholesterol,52.3,mg
269,Sodium,539.7,mg
272,Energy,165,cal
272,Protein,40.8,g
272,Carbohydrates,28.9,g
272,Fiber,2.9,g
272,Fat,3.1,g
272,Cholesterol,2.9,mg
272,Sodium,41.4,mg
273,Energy,65,cal
273,Protein,0.8,g
273,Carbohydrates,6.7,g
273,Fiber,0.1,g
273,Fat,3.9,g
273,Cholesterol,0.4,mg
273,Sodium,1.7,mg
274,Energy,336,cal
274,Protein,2.6,g
274,Carbohydrates,46.5,g
274,Fiber,2.6,g
274,Fat,15.7,g
274,Cholesterol,0,mg
274,Sodium,4.3,mg
275,Energy,460,cal
275,Protein,3.9,g
275,Carbohydrates,58.4,g
275,Fiber,4,g
275,Fat,23.9,g
275,Cholesterol,0,mg
275,Sodium,6.5,mg
276,Energy,144,cal
276,Protein,1,g
276,Carbohydrates,12.5,g
276,Fiber,1.1,g
276,Fat,10.2,g
276,Cholesterol,0,mg
276,Sodium,1.7,mg
277,Energy,144,cal
277,Protein,1,g
277,Carbohydrates,12.5,g
277,Fiber,1.1,g
277,Fat,10.2,g
277,Cholesterol,0,mg
277,Sodium,1.7,mg
278,Energy,162,cal
278,Protein,3.3,g
278,Carbohydrates,10.5,g
278,Fiber,4.8,g
278,Fat,11.4,g
278,Cholesterol,0,mg
278,Vitamin A,244.7,mcg
278,Vitamin B1,0,mg
278,Vitamin B2,0.1,mg
278,Vitamin B3,0.5,mg
278,Vitamin C,24.5,mg
278,Folic Acid,16.6,mcg
278,Calcium,61.6,mg
278,Iron,1.5,mg
278,Magnesium,0,mg
278,Phosphorus,0,mg
278,Sodium,10.1,mg
278,Potassium,165.9,mg
278,Zinc,0.2,mg
279,Energy,162,cal
279,Protein,3.3,g
279,Carbohydrates,10.5,g
279,Fiber,4.8,g
279,Fat,11.4,g
279,Cholesterol,0,mg
279,Vitamin A,244.7,mcg
279,Vitamin B1,0,mg
279,Vitamin B2,0.1,mg
279,Vitamin B3,0.5,mg
279,Vitamin C,24.5,mg
279,Folic Acid,16.6,mcg
279,Calcium,61.6,mg
279,Iron,1.5,mg
279,Magnesium,0,mg
279,Phosphorus,0,mg
279,Sodium,10.1,mg
279,Potassium,165.9,mg
279,Zinc,0.2,mg
280,Energy,130,cal
280,Protein,1.7,g
280,Carbohydrates,16.4,g
280,Fiber,3.7,g
280,Fat,7,g
280,Cholesterol,0,mg
280,Sodium,48,mg
281,Energy,93,cal
281,Protein,1.4,g
281,Carbohydrates,8.2,g
281,Fiber,0.1,g
281,Fat,6.1,g
281,Cholesterol,0,mg
281,Vitamin A,30.8,mcg
281,Vitamin B1,0,mg
281,Vitamin B2,0,mg
281,Vitamin B3,0.5,mg
281,Vitamin C,0.7,mg
281,Folic Acid,0,mcg
281,Calcium,5,mg
281,Iron,0.4,mg
281,Magnesium,0,mg
281,Phosphorus,0,mg
281,Sodium,1,mg
281,Potassium,18.8,mg
281,Zinc,0.1,mg
282,Energy,106,cal
282,Protein,1.7,g
282,Carbohydrates,8.4,g
282,Fiber,0.1,g
282,Fat,7.4,g
282,Cholesterol,0,mg
282,Vitamin A,8.3,mcg
282,Vitamin B1,0,mg
282,Vitamin B2,0,mg
282,Vitamin B3,0.8,mg
282,Vitamin C,1,mg
282,Folic Acid,0,mcg
282,Calcium,7.1,mg
282,Iron,0.5,mg
282,Magnesium,0,mg
282,Phosphorus,0,mg
282,Sodium,1,mg
282,Potassium,20.5,mg
282,Zinc,0.1,mg
283,Energy,106,cal
283,Protein,1.7,g
283,Carbohydrates,8.4,g
283,Fiber,0.1,g
283,Fat,7.4,g
283,Cholesterol,0,mg
283,Vitamin A,8.3,mcg
283,Vitamin B1,0,mg
283,Vitamin B2,0,mg
283,Vitamin B3,0.8,mg
283,Vitamin C,1,mg
283,Folic Acid,0,mcg
283,Calcium,7.1,mg
283,Iron,0.5,mg
283,Magnesium,0,mg
283,Phosphorus,0,mg
283,Sodium,1,mg
283,Potassium,20.5,mg
283,Zinc,0.1,mg
284,Energy,106,cal
284,Protein,1.7,g
284,Carbohydrates,8.4,g
284,Fiber,0.1,g
284,Fat,7.4,g
284,Cholesterol,0,mg
284,Vitamin A,8.3,mcg
284,Vitamin B1,0,mg
284,Vitamin B2,0,mg
284,Vitamin B3,0.8,mg
284,Vitamin C,1,mg
284,Folic Acid,0,mcg
284,Calcium,7.1,mg
284,Iron,0.5,mg
284,Magnesium,0,mg
284,Phosphorus,0,mg
284,Sodium,1,mg
284,Potassium,20.5,mg
284,Zinc,0.1,mg
285,Energy,140,cal
285,Protein,2.5,g
285,Carbohydrates,3.2,g
285,Fiber,0.9,g
285,Fat,8.6,g
285,Cholesterol,0,mg
285,Sodium,4.1,mg
286,Energy,269,cal
286,Protein,2.1,g
286,Carbohydrates,3.3,g
286,Fiber,1.1,g
286,Fat,27.5,g
286,Cholesterol,0,mg
286,Sodium,7.6,mg
287,Energy,492,cal
287,Protein,8.8,g
287,Carbohydrates,24.1,g
287,Fiber,0,g
287,Fat,52.4,g
287,Cholesterol,0,mg
287,Sodium,2.6,mg
288,Energy,251,cal
288,Protein,1.1,g
288,Carbohydrates,19.8,g
288,Fiber,0.6,g
288,Fat,18.4,g
288,Cholesterol,0,mg
288,Sodium,25.3,mg
289,Energy,210,cal
289,Protein,3.1,g
289,Carbohydrates,13.5,g
289,Fiber,0.6,g
289,Fat,14.9,g
289,Cholesterol,8,mg
289,Sodium,23.3,mg
290,Energy,38,cal
290,Protein,0.3,g
290,Carbohydrates,0.4,g
290,Fiber,0.1,g
290,Fat,3.9,g
290,Cholesterol,0,mg
290,Sodium,0.6,mg
291,Energy,31,cal
291,Protein,0.3,g
291,Carbohydrates,0.3,g
291,Fiber,0,g
291,Fat,3.3,g
291,Cholesterol,0,mg
291,Sodium,0.2,mg
292,Energy,47,cal
292,Protein,0.7,g
292,Carbohydrates,0.8,g
292,Fiber,0,g
292,Fat,4.3,g
292,Cholesterol,1.5,mg
292,Sodium,1.9,mg
293,Energy,169,cal
293,Protein,1.6,g
293,Carbohydrates,15.1,g
293,Fiber,1.9,g
293,Fat,11.5,g
293,Cholesterol,0,mg
293,Sodium,0.8,mg
294,Energy,252,cal
294,Protein,1.9,g
294,Carbohydrates,23.1,g
294,Fiber,0.1,g
294,Fat,16.9,g
294,Cholesterol,0,mg
294,Sodium,34.3,mg
295,Energy,118,cal
295,Protein,1.5,g
295,Carbohydrates,14.6,g
295,Fiber,0.9,g
295,Fat,6.1,g
295,Cholesterol,0,mg
295,Sodium,27.7,mg
296,Energy,23,cal
296,Protein,0.2,g
296,Carbohydrates,0.1,g
296,Fiber,0,g
296,Fat,2.4,g
296,Cholesterol,0,mg
296,Sodium,0,mg
297,Energy,140,cal
297,Protein,2.2,g
297,Carbohydrates,19.7,g
297,Fiber,2,g
297,Fat,6.8,g
297,Cholesterol,0,mg
297,Sodium,6.8,mg
298,Energy,95,cal
298,Protein,1.6,g
298,Carbohydrates,13.3,g
298,Fiber,1.5,g
298,Fat,4.5,g
298,Cholesterol,0,mg
298,Sodium,4.7,mg
299,Energy,168,cal
299,Protein,1.9,g
299,Carbohydrates,13.3,g
299,Fiber,4.5,g
299,Fat,11.9,g
299,Cholesterol,0,mg
299,Sodium,34.3,mg
300,Energy,101,cal
300,Protein,1.7,g
300,Carbohydrates,6.3,g
300,Fiber,1.2,g
300,Fat,7.7,g
300,Cholesterol,0,mg
300,Sodium,70.3,mg
301,Energy,302,cal
301,Protein,4.9,g
301,Carbohydrates,11.2,g
301,Fiber,5.4,g
301,Fat,26.9,g
301,Cholesterol,0,mg
301,Sodium,37,mg
302,Energy,400,cal
302,Protein,13.5,g
302,Carbohydrates,27.8,g
302,Fiber,1.4,g
302,Fat,25.7,g
302,Cholesterol,15.8,mg
302,Vitamin A,164.9,mcg
302,Vitamin B1,0.1,mg
302,Vitamin B2,0.1,mg
302,Vitamin B3,0.5,mg
302,Vitamin C,10.1,mg
302,Folic Acid,7.5,mcg
302,Calcium,197.7,mg
302,Iron,0.6,mg
302,Magnesium,0,mg
302,Phosphorus,0,mg
302,Sodium,437.9,mg
302,Potassium,59.4,mg
302,Zinc,0.2,mg
303,Energy,176,cal
303,Protein,6.5,g
303,Carbohydrates,7.5,g
303,Fiber,0,g
303,Fat,9.8,g
303,Cholesterol,0,mg
303,Vitamin A,240,mcg
303,Vitamin B1,0.1,mg
303,Vitamin B2,0.2,mg
303,Vitamin B3,0.2,mg
303,Vitamin C,1.5,mg
303,Folic Acid,8.4,mcg
303,Calcium,315,mg
303,Iron,0.3,mg
303,Magnesium,0,mg
303,Phosphorus,0,mg
303,Sodium,28.5,mg
303,Potassium,135,mg
303,Zinc,0,mg
304,Energy,83,cal
304,Protein,2.3,g
304,Carbohydrates,8.1,g
304,Fiber,9.4,g
304,Fat,4.6,g
304,Cholesterol,0,mg
304,Sodium,5.1,mg
305,Energy,28,cal
305,Protein,0.7,g
305,Carbohydrates,0.9,g
305,Fiber,0.6,g
305,Fat,2.3,g
305,Cholesterol,0,mg
305,Vitamin A,25.3,mcg
305,Vitamin B1,0,mg
305,Vitamin B2,0,mg
305,Vitamin B3,0.1,mg
305,Vitamin C,0.5,mg
305,Folic Acid,1.6,mcg
305,Calcium,42.2,mg
305,Iron,0.3,mg
305,Magnesium,0,mg
305,Phosphorus,0,mg
305,Sodium,1,mg
305,Potassium,10.6,mg
305,Zinc,0.3,mg
306,Energy,28,cal
306,Protein,0.7,g
306,Carbohydrates,0.9,g
306,Fiber,0.6,g
306,Fat,2.3,g
306,Cholesterol,0,mg
306,Vitamin A,25.3,mcg
306,Vitamin B1,0,mg
306,Vitamin B2,0,mg
306,Vitamin B3,0.1,mg
306,Vitamin C,0.5,mg
306,Folic Acid,1.6,mcg
306,Calcium,42.2,mg
306,Iron,0.3,mg
306,Magnesium,0,mg
306,Phosphorus,0,mg
306,Sodium,1,mg
306,Potassium,10.6,mg
306,Zinc,0.3,mg
307,Energy,28,cal
307,Protein,0.7,g
307,Carbohydrates,0.9,g
307,Fiber,0.6,g
307,Fat,2.3,g
307,Cholesterol,0,mg
307,Vitamin A,25.3,mcg
307,Vitamin B1,0,mg
307,Vitamin B2,0,mg
307,Vitamin B3,0.1,mg
307,Vitamin C,0.5,mg
307,Folic Acid,1.6,mcg
307,Calcium,42.2,mg
307,Iron,0.3,mg
307,Magnesium,0,mg
307,Phosphorus,0,mg
307,Sodium,1,mg
307,Potassium,10.6,mg
307,Zinc,0.3,mg
308,Energy,28,cal
308,Protein,0.7,g
308,Carbohydrates,0.9,g
308,Fiber,0.6,g
308,Fat,2.3,g
308,Cholesterol,0,mg
308,Vitamin A,25.3,mcg
308,Vitamin B1,0,mg
308,Vitamin B2,0,mg
308,Vitamin B3,0.1,mg
308,Vitamin C,0.5,mg
308,Folic Acid,1.6,mcg
308,Calcium,42.2,mg
308,Iron,0.3,mg
308,Magnesium,0,mg
308,Phosphorus,0,mg
308,Sodium,1,mg
308,Potassium,10.6,mg
308,Zinc,0.3,mg
309,Energy,28,cal
309,Protein,0.7,g
309,Carbohydrates,0.9,g
309,Fiber,0.6,g
309,Fat,2.3,g
309,Cholesterol,0,mg
309,Vitamin A,25.3,mcg
309,Vitamin B1,0,mg
309,Vitamin B2,0,mg
309,Vitamin B3,0.1,mg
309,Vitamin C,0.5,mg
309,Folic Acid,1.6,mcg
309,Calcium,42.2,mg
309,Iron,0.3,mg
309,Magnesium,0,mg
309,Phosphorus,0,mg
309,Sodium,1,mg
309,Potassium,10.6,mg
309,Zinc,0.3,mg
312,Energy,83,cal
312,Protein,2.4,g
312,Carbohydrates,11.3,g
312,Fiber,2.2,g
312,Fat,3.9,g
312,Cholesterol,0,mg
312,Vitamin A,219.2,mcg
312,Vitamin B1,0.2,mg
312,Vitamin B2,0.1,mg
312,Vitamin B3,0.6,mg
312,Vitamin C,40.8,mg
312,Folic Acid,15.7,mcg
312,Calcium,25.4,mg
312,Iron,1.1,mg
312,Magnesium,0,mg
312,Phosphorus,0,mg
312,Sodium,261,mg
312,Potassium,195.8,mg
312,Zinc,0.4,mg
313,Energy,539,cal
313,Protein,21.5,g
313,Carbohydrates,72.3,g
313,Fiber,4.2,g
313,Fat,20.8,g
313,Cholesterol,23,mg
313,Vitamin A,185.5,mcg
313,Vitamin B1,0.1,mg
313,Vitamin B2,0.1,mg
313,Vitamin B3,1.2,mg
313,Vitamin C,8.4,mg
313,Folic Acid,41.8,mcg
313,Calcium,266.7,mg
313,Iron,1.8,mg
313,Magnesium,0,mg
313,Phosphorus,0,mg
313,Sodium,659.6,mg
313,Potassium,333.5,mg
313,Zinc,0.8,mg
315,Energy,244,cal
315,Protein,2.9,g
315,Carbohydrates,18,g
315,Fiber,0.5,g
315,Fat,17.7,g
315,Cholesterol,0,mg
315,Vitamin A,170.8,mcg
315,Vitamin B1,0.1,mg
315,Vitamin B2,0.1,mg
315,Vitamin B3,0.9,mg
315,Vitamin C,0.1,mg
315,Folic Acid,12.3,mcg
315,Calcium,32.3,mg
315,Iron,0.9,mg
315,Magnesium,0,mg
315,Phosphorus,0,mg
315,Sodium,3.9,mg
315,Potassium,48.3,mg
315,Zinc,0.2,mg
316,Energy,184,cal
316,Protein,2.9,g
316,Carbohydrates,18,g
316,Fiber,0.5,g
316,Fat,11,g
316,Cholesterol,0,mg
316,Vitamin A,110.8,mcg
316,Vitamin B1,0.1,mg
316,Vitamin B2,0.1,mg
316,Vitamin B3,0.9,mg
316,Vitamin C,0.1,mg
316,Folic Acid,12.3,mcg
316,Calcium,32.3,mg
316,Iron,0.9,mg
316,Magnesium,0,mg
316,Phosphorus,0,mg
316,Sodium,3.9,mg
316,Potassium,48.3,mg
316,Zinc,0.2,mg
317,Energy,169,cal
317,Protein,3.4,g
317,Carbohydrates,24.4,g
317,Fiber,2.5,g
317,Fat,7.7,g
317,Cholesterol,0,mg
317,Sodium,11.3,mg
319,Energy,127,cal
319,Protein,3,g
319,Carbohydrates,20.1,g
319,Fiber,2.3,g
319,Fat,5.1,g
319,Cholesterol,0,mg
319,Vitamin A,135,mcg
319,Vitamin B1,0.1,mg
319,Vitamin B2,0.1,mg
319,Vitamin B3,0.2,mg
319,Vitamin C,15.4,mg
319,Folic Acid,23.1,mcg
319,Calcium,13.2,mg
319,Iron,0.5,mg
319,Magnesium,0,mg
319,Phosphorus,0,mg
319,Sodium,6.6,mg
319,Potassium,155.6,mg
319,Zinc,0.3,mg
320,Energy,127,cal
320,Protein,3,g
320,Carbohydrates,20.1,g
320,Fiber,2.3,g
320,Fat,5.1,g
320,Cholesterol,0,mg
320,Vitamin A,135,mcg
320,Vitamin B1,0.1,mg
320,Vitamin B2,0.1,mg
320,Vitamin B3,0.2,mg
320,Vitamin C,15.4,mg
320,Folic Acid,23.1,mcg
320,Calcium,13.2,mg
320,Iron,0.5,mg
320,Magnesium,0,mg
320,Phosphorus,0,mg
320,Sodium,6.6,mg
320,Potassium,155.6,mg
320,Zinc,0.3,mg
322,Energy,269,cal
322,Protein,10.8,g
322,Carbohydrates,26.8,g
322,Fiber,3.7,g
322,Fat,14.8,g
322,Cholesterol,0,mg
322,Sodium,87.5,mg
323,Energy,59,cal
323,Protein,2.3,g
323,Carbohydrates,7.5,g
323,Fiber,1.7,g
323,Fat,2.7,g
323,Cholesterol,0,mg
323,Sodium,87.1,mg
324,Energy,59,cal
324,Protein,2.3,g
324,Carbohydrates,7.5,g
324,Fiber,1.7,g
324,Fat,2.7,g
324,Cholesterol,0,mg
324,Sodium,87.1,mg
326,Energy,155,cal
326,Protein,1.3,g
326,Carbohydrates,35.5,g
326,Fiber,1.5,g
326,Fat,0.8,g
326,Cholesterol,0,mg
326,Sodium,40362.9,mg
327,Energy,118,cal
327,Protein,1.8,g
327,Carbohydrates,19.1,g
327,Fiber,1.8,g
327,Fat,3.9,g
327,Cholesterol,0,mg
327,Sodium,9.7,mg
329,Energy,326,cal
329,Protein,3.2,g
329,Carbohydrates,16.4,g
329,Fiber,5.4,g
329,Fat,29,g
329,Cholesterol,0,mg
329,Sodium,56,mg
330,Energy,326,cal
330,Protein,3.2,g
330,Carbohydrates,16.4,g
330,Fiber,5.4,g
330,Fat,29,g
330,Cholesterol,0,mg
330,Sodium,56,mg
331,Energy,326,cal
331,Protein,3.2,g
331,Carbohydrates,16.4,g
331,Fiber,5.4,g
331,Fat,29,g
331,Cholesterol,0,mg
331,Sodium,56,mg
332,Energy,326,cal
332,Protein,3.2,g
332,Carbohydrates,16.4,g
332,Fiber,5.4,g
332,Fat,29,g
332,Cholesterol,0,mg
332,Sodium,56,mg
333,Energy,318,cal
333,Protein,5.6,g
333,Carbohydrates,38,g
333,Fiber,0.3,g
333,Fat,15.8,g
333,Cholesterol,18.3,mg
333,Sodium,60.5,mg
334,Energy,282,cal
334,Protein,3.5,g
334,Carbohydrates,20.5,g
334,Fiber,0.3,g
334,Fat,20.2,g
334,Cholesterol,3,mg
334,Sodium,3.8,mg
335,Energy,282,cal
335,Protein,3.5,g
335,Carbohydrates,20.5,g
335,Fiber,0.3,g
335,Fat,20.2,g
335,Cholesterol,3,mg
335,Sodium,3.8,mg
336,Energy,253,cal
336,Protein,3.3,g
336,Carbohydrates,18,g
336,Fiber,0.2,g
336,Fat,18.2,g
336,Cholesterol,2.7,mg
336,Sodium,3.1,mg
337,Energy,1027,cal
337,Protein,20.8,g
337,Carbohydrates,102.9,g
337,Fiber,1.7,g
337,Fat,58.9,g
337,Cholesterol,0.2,mg
337,Sodium,0,mg
338,Energy,180,cal
338,Protein,3.7,g
338,Carbohydrates,18.2,g
338,Fiber,0.3,g
338,Fat,10.3,g
338,Cholesterol,0,mg
338,Sodium,0,mg
339,Energy,126,cal
339,Protein,3.1,g
339,Carbohydrates,8,g
339,Fiber,0.2,g
339,Fat,9.1,g
339,Cholesterol,0,mg
339,Vitamin A,126.6,mcg
339,Vitamin B1,0,mg
339,Vitamin B2,0,mg
339,Vitamin B3,0.3,mg
339,Vitamin C,1.8,mg
339,Folic Acid,1.3,mcg
339,Calcium,52.8,mg
339,Iron,0.5,mg
339,Magnesium,0,mg
339,Phosphorus,0,mg
339,Sodium,1.2,mg
339,Potassium,9.6,mg
339,Zinc,0.2,mg
340,Energy,126,cal
340,Protein,3.1,g
340,Carbohydrates,8,g
340,Fiber,0.2,g
340,Fat,9.1,g
340,Cholesterol,0,mg
340,Vitamin A,126.6,mcg
340,Vitamin B1,0,mg
340,Vitamin B2,0,mg
340,Vitamin B3,0.3,mg
340,Vitamin C,1.8,mg
340,Folic Acid,1.3,mcg
340,Calcium,52.8,mg
340,Iron,0.5,mg
340,Magnesium,0,mg
340,Phosphorus,0,mg
340,Sodium,1.2,mg
340,Potassium,9.6,mg
340,Zinc,0.2,mg
341,Energy,172,cal
341,Protein,3.5,g
341,Carbohydrates,17.2,g
341,Fiber,0.3,g
341,Fat,9.9,g
341,Cholesterol,0,mg
341,Sodium,0,mg
342,Energy,725,cal
342,Protein,17.9,g
342,Carbohydrates,16.1,g
342,Fiber,1.5,g
342,Fat,65.6,g
342,Cholesterol,0,mg
342,Vitamin A,989.3,mcg
342,Vitamin B1,-1,mg
342,Vitamin B2,-1,mg
342,Vitamin B3,-0.2,mg
342,Vitamin C,24.8,mg
342,Folic Acid,22.4,mcg
342,Calcium,599.1,mg
342,Iron,1.1,mg
342,Magnesium,0,mg
342,Phosphorus,0,mg
342,Sodium,15,mg
342,Potassium,152.9,mg
342,Zinc,0.5,mg
343,Energy,725,cal
343,Protein,17.9,g
343,Carbohydrates,16.1,g
343,Fiber,1.5,g
343,Fat,65.6,g
343,Cholesterol,0,mg
343,Vitamin A,989.3,mcg
343,Vitamin B1,-1,mg
343,Vitamin B2,-1,mg
343,Vitamin B3,-0.2,mg
343,Vitamin C,24.8,mg
343,Folic Acid,22.4,mcg
343,Calcium,599.1,mg
343,Iron,1.1,mg
343,Magnesium,0,mg
343,Phosphorus,0,mg
343,Sodium,15,mg
343,Potassium,152.9,mg
343,Zinc,0.5,mg
344,Energy,149,cal
344,Protein,3.1,g
344,Carbohydrates,28.2,g
344,Fiber,0.5,g
344,Fat,2.8,g
344,Cholesterol,0,mg
344,Sodium,2.9,mg
345,Energy,149,cal
345,Protein,3.1,g
345,Carbohydrates,28.2,g
345,Fiber,0.5,g
345,Fat,2.8,g
345,Cholesterol,0,mg
345,Sodium,2.9,mg
346,Energy,36,cal
346,Protein,1.1,g
346,Carbohydrates,7.7,g
346,Fiber,0,g
346,Fat,0.1,g
346,Cholesterol,0,mg
346,Sodium,1,mg
347,Energy,0,cal
347,Protein,0,g
347,Carbohydrates,0,g
347,Fiber,0,g
347,Fat,0,g
347,Cholesterol,0,mg
347,Vitamin A,0,mcg
347,Vitamin B1,0,mg
347,Vitamin B2,0,mg
347,Vitamin B3,0,mg
347,Vitamin C,0,mg
347,Folic Acid,0,mcg
347,Calcium,0,mg
347,Iron,0,mg
347,Magnesium,0,mg
347,Phosphorus,0,mg
347,Sodium,0,mg
347,Potassium,0,mg
347,Zinc,0,mg
349,Energy,104,cal
349,Protein,4,g
349,Carbohydrates,12.2,g
349,Fiber,6.8,g
349,Fat,4.4,g
349,Cholesterol,0,mg
349,Sodium,12.2,mg
350,Energy,112,cal
350,Protein,1.1,g
350,Carbohydrates,6.1,g
350,Fiber,2.5,g
350,Fat,9.2,g
350,Cholesterol,0,mg
350,Sodium,7.1,mg
351,Energy,47,cal
351,Protein,1.7,g
351,Carbohydrates,2.4,g
351,Fiber,1.2,g
351,Fat,2.6,g
351,Cholesterol,5.3,mg
351,Sodium,7.4,mg
352,Energy,87,cal
352,Protein,2.9,g
352,Carbohydrates,9.1,g
352,Fiber,12.3,g
352,Fat,4.4,g
352,Cholesterol,0,mg
352,Sodium,9.3,mg
354,Energy,15,cal
354,Protein,0.5,g
354,Carbohydrates,1.6,g
354,Fiber,2,g
354,Fat,0.7,g
354,Cholesterol,0,mg
354,Sodium,1.2,mg
355,Energy,96,cal
355,Protein,4.3,g
355,Carbohydrates,10.4,g
355,Fiber,10.4,g
355,Fat,4.2,g
355,Cholesterol,0,mg
355,Sodium,17.1,mg
356,Energy,308,cal
356,Protein,2.6,g
356,Carbohydrates,10.9,g
356,Fiber,7.4,g
356,Fat,28.3,g
356,Cholesterol,0,mg
356,Sodium,16.4,mg
357,Energy,164,cal
357,Protein,10,g
357,Carbohydrates,29.3,g
357,Fiber,7.4,g
357,Fat,0.8,g
357,Cholesterol,0,mg
357,Sodium,32.8,mg
358,Energy,74,cal
358,Protein,2.1,g
358,Carbohydrates,12.7,g
358,Fiber,2.2,g
358,Fat,1.7,g
358,Cholesterol,0,mg
358,Sodium,3.2,mg
359,Energy,207,cal
359,Protein,4.4,g
359,Carbohydrates,28.5,g
359,Fiber,4.7,g
359,Fat,8.4,g
359,Cholesterol,0,mg
359,Sodium,8.2,mg
360,Energy,152,cal
360,Protein,4,g
360,Carbohydrates,24.9,g
360,Fiber,3.9,g
360,Fat,4.1,g
360,Cholesterol,0,mg
360,Sodium,5.6,mg
361,Energy,109,cal
361,Protein,3,g
361,Carbohydrates,18.7,g
361,Fiber,2.9,g
361,Fat,2.5,g
361,Cholesterol,0,mg
361,Sodium,4.2,mg
362,Energy,33,cal
362,Protein,1.2,g
362,Carbohydrates,6,g
362,Fiber,1.3,g
362,Fat,0.4,g
362,Cholesterol,0,mg
362,Sodium,6.2,mg
363,Energy,323,cal
363,Protein,14,g
363,Carbohydrates,50.1,g
363,Fiber,7.7,g
363,Fat,7.5,g
363,Cholesterol,0,mg
363,Sodium,14.8,mg
365,Energy,26,cal
365,Protein,0.7,g
365,Carbohydrates,4.1,g
365,Fiber,0.6,g
365,Fat,0.8,g
365,Cholesterol,0.2,mg
365,Sodium,1.2,mg
366,Energy,92,cal
366,Protein,1.5,g
366,Carbohydrates,8.8,g
366,Fiber,1.7,g
366,Fat,5.6,g
366,Cholesterol,0,mg
366,Sodium,5.8,mg
367,Energy,68,cal
367,Protein,2,g
367,Carbohydrates,11.8,g
367,Fiber,1.9,g
367,Fat,1.4,g
367,Cholesterol,0,mg
367,Sodium,5.8,mg
368,Energy,41,cal
368,Protein,1.1,g
368,Carbohydrates,6.5,g
368,Fiber,1.1,g
368,Fat,1.2,g
368,Cholesterol,0,mg
368,Sodium,1.3,mg
369,Energy,337,cal
369,Protein,14,g
369,Carbohydrates,50.1,g
369,Fiber,7.7,g
369,Fat,9,g
369,Cholesterol,0,mg
369,Sodium,14.8,mg
370,Energy,337,cal
370,Protein,14,g
370,Carbohydrates,50.1,g
370,Fiber,7.7,g
370,Fat,9,g
370,Cholesterol,0,mg
370,Sodium,14.8,mg
371,Energy,337,cal
371,Protein,14,g
371,Carbohydrates,50.1,g
371,Fiber,7.7,g
371,Fat,9,g
371,Cholesterol,0,mg
371,Sodium,14.8,mg
372,Energy,337,cal
372,Protein,14,g
372,Carbohydrates,50.1,g
372,Fiber,7.7,g
372,Fat,9,g
372,Cholesterol,0,mg
372,Sodium,14.8,mg
373,Energy,337,cal
373,Protein,14,g
373,Carbohydrates,50.1,g
373,Fiber,7.7,g
373,Fat,9,g
373,Cholesterol,0,mg
373,Sodium,14.8,mg
374,Energy,98,cal
374,Protein,2.3,g
374,Carbohydrates,15.5,g
374,Fiber,2.2,g
374,Fat,2.9,g
374,Cholesterol,0,mg
374,Sodium,3.5,mg
375,Energy,80,cal
375,Protein,1.6,g
375,Carbohydrates,9.2,g
375,Fiber,1.6,g
375,Fat,4.2,g
375,Cholesterol,0,mg
375,Sodium,2.8,mg
376,Energy,80,cal
376,Protein,1.6,g
376,Carbohydrates,9.2,g
376,Fiber,1.6,g
376,Fat,4.2,g
376,Cholesterol,0,mg
376,Sodium,2.8,mg
377,Energy,110,cal
377,Protein,2.3,g
377,Carbohydrates,16.1,g
377,Fiber,2.8,g
377,Fat,4.1,g
377,Cholesterol,0,mg
377,Sodium,4.2,mg
378,Energy,81,cal
378,Protein,2.3,g
378,Carbohydrates,13.4,g
378,Fiber,2.2,g
378,Fat,2.3,g
378,Cholesterol,0,mg
378,Sodium,132.3,mg
379,Energy,174,cal
379,Protein,4,g
379,Carbohydrates,24.5,g
379,Fiber,3.8,g
379,Fat,6.6,g
379,Cholesterol,0,mg
379,Sodium,5.5,mg
380,Energy,66,cal
380,Protein,2.3,g
380,Carbohydrates,10,g
380,Fiber,2.4,g
380,Fat,1.9,g
380,Cholesterol,0,mg
380,Sodium,2.7,mg
381,Energy,66,cal
381,Protein,2.3,g
381,Carbohydrates,10,g
381,Fiber,2.4,g
381,Fat,1.9,g
381,Cholesterol,0,mg
381,Sodium,2.7,mg
382,Energy,20,cal
382,Protein,0.1,g
382,Carbohydrates,2,g
382,Fiber,0.1,g
382,Fat,1.3,g
382,Cholesterol,0,mg
382,Sodium,0.1,mg
383,Energy,119,cal
383,Protein,3.3,g
383,Carbohydrates,19.1,g
383,Fiber,3.2,g
383,Fat,3.3,g
383,Cholesterol,6.3,mg
383,Sodium,24.1,mg
384,Energy,119,cal
384,Protein,3.3,g
384,Carbohydrates,19.1,g
384,Fiber,3.2,g
384,Fat,3.3,g
384,Cholesterol,6.3,mg
384,Sodium,24.1,mg
385,Energy,119,cal
385,Protein,3.3,g
385,Carbohydrates,19.1,g
385,Fiber,3.2,g
385,Fat,3.3,g
385,Cholesterol,6.3,mg
385,Sodium,24.1,mg
386,Energy,48,cal
386,Protein,0.6,g
386,Carbohydrates,3.5,g
386,Fiber,0.5,g
386,Fat,3.5,g
386,Cholesterol,0,mg
386,Vitamin A,35.5,mcg
386,Vitamin B1,0,mg
386,Vitamin B2,0,mg
386,Vitamin B3,0.1,mg
386,Vitamin C,0,mg
386,Folic Acid,1.9,mcg
386,Calcium,5.7,mg
386,Iron,0.3,mg
386,Magnesium,0,mg
386,Phosphorus,0,mg
386,Sodium,0.9,mg
386,Potassium,14.2,mg
386,Zinc,0.1,mg
387,Energy,73,cal
387,Protein,2,g
387,Carbohydrates,12.5,g
387,Fiber,2.1,g
387,Fat,1.7,g
387,Cholesterol,0,mg
387,Sodium,4,mg
388,Energy,73,cal
388,Protein,2,g
388,Carbohydrates,12.5,g
388,Fiber,2.1,g
388,Fat,1.7,g
388,Cholesterol,0,mg
388,Sodium,4,mg
389,Energy,73,cal
389,Protein,2,g
389,Carbohydrates,12.5,g
389,Fiber,2.1,g
389,Fat,1.7,g
389,Cholesterol,0,mg
389,Sodium,4,mg
390,Energy,139,cal
390,Protein,6.4,g
390,Carbohydrates,21,g
390,Fiber,5.8,g
390,Fat,3.3,g
390,Cholesterol,0,mg
390,Sodium,12.2,mg
391,Energy,179,cal
391,Protein,3.7,g
391,Carbohydrates,22.8,g
391,Fiber,0.1,g
391,Fat,7.9,g
391,Cholesterol,23.1,mg
391,Sodium,75.7,mg
392,Energy,335,cal
392,Protein,4.2,g
392,Carbohydrates,58.4,g
392,Fiber,2.2,g
392,Fat,9.4,g
392,Cholesterol,9.2,mg
392,Sodium,65.9,mg
393,Energy,335,cal
393,Protein,4.2,g
393,Carbohydrates,58.4,g
393,Fiber,2.2,g
393,Fat,9.4,g
393,Cholesterol,9.2,mg
393,Sodium,65.9,mg
394,Energy,181,cal
394,Protein,6.8,g
394,Carbohydrates,29.5,g
394,Fiber,8.8,g
394,Fat,5.4,g
394,Cholesterol,0,mg
394,Vitamin A,257.3,mcg
394,Vitamin B1,0.1,mg
394,Vitamin B2,0,mg
394,Vitamin B3,0.5,mg
394,Vitamin C,14.2,mg
394,Folic Acid,37.8,mcg
394,Calcium,110.9,mg
394,Iron,0.8,mg
394,Magnesium,0,mg
394,Phosphorus,0,mg
394,Sodium,402.3,mg
394,Potassium,407.6,mg
394,Zinc,1.7,mg
395,Energy,181,cal
395,Protein,6.8,g
395,Carbohydrates,29.5,g
395,Fiber,8.8,g
395,Fat,5.4,g
395,Cholesterol,0,mg
395,Vitamin A,257.3,mcg
395,Vitamin B1,0.1,mg
395,Vitamin B2,0,mg
395,Vitamin B3,0.5,mg
395,Vitamin C,14.2,mg
395,Folic Acid,37.8,mcg
395,Calcium,110.9,mg
395,Iron,0.8,mg
395,Magnesium,0,mg
395,Phosphorus,0,mg
395,Sodium,402.3,mg
395,Potassium,407.6,mg
395,Zinc,1.7,mg
396,Energy,18,cal
396,Protein,0.8,g
396,Carbohydrates,3.4,g
396,Fiber,1.1,g
396,Fat,0.4,g
396,Cholesterol,0,mg
396,Sodium,67.5,mg
405,Energy,353,cal
405,Protein,10,g
405,Carbohydrates,40.8,g
405,Fiber,0.2,g
405,Fat,15.6,g
405,Cholesterol,29.6,mg
405,Sodium,85.9,mg
406,Energy,47,cal
406,Protein,1.5,g
406,Carbohydrates,8.5,g
406,Fiber,1.2,g
406,Fat,1.2,g
406,Cholesterol,0,mg
406,Sodium,156.4,mg
407,Energy,47,cal
407,Protein,1.5,g
407,Carbohydrates,8.5,g
407,Fiber,1.2,g
407,Fat,1.2,g
407,Cholesterol,0,mg
407,Sodium,156.4,mg
408,Energy,47,cal
408,Protein,1.5,g
408,Carbohydrates,8.5,g
408,Fiber,1.2,g
408,Fat,1.2,g
408,Cholesterol,0,mg
408,Sodium,156.4,mg
409,Energy,47,cal
409,Protein,1.5,g
409,Carbohydrates,8.5,g
409,Fiber,1.2,g
409,Fat,1.2,g
409,Cholesterol,0,mg
409,Sodium,156.4,mg
410,Energy,47,cal
410,Protein,1.5,g
410,Carbohydrates,8.5,g
410,Fiber,1.2,g
410,Fat,1.2,g
410,Cholesterol,0,mg
410,Sodium,156.4,mg
411,Energy,47,cal
411,Protein,1.5,g
411,Carbohydrates,8.5,g
411,Fiber,1.2,g
411,Fat,1.2,g
411,Cholesterol,0,mg
411,Sodium,156.4,mg
412,Energy,58,cal
412,Protein,1.2,g
412,Carbohydrates,4.3,g
412,Fiber,0,g
412,Fat,4.1,g
412,Cholesterol,0,mg
412,Vitamin A,141.6,mcg
412,Vitamin B1,0,mg
412,Vitamin B2,0,mg
412,Vitamin B3,0.1,mg
412,Vitamin C,0,mg
412,Folic Acid,0,mcg
412,Calcium,18.9,mg
412,Iron,0.1,mg
412,Magnesium,0,mg
412,Phosphorus,0,mg
412,Sodium,34.9,mg
412,Potassium,1.1,mg
412,Zinc,0,mg
413,Energy,770,cal
413,Protein,35.1,g
413,Carbohydrates,104.2,g
413,Fiber,25.8,g
413,Fat,23.5,g
413,Cholesterol,0.1,mg
413,Vitamin A,13520.9,mcg
413,Vitamin B1,0.3,mg
413,Vitamin B2,0.8,mg
413,Vitamin B3,4.8,mg
413,Vitamin C,295.9,mg
413,Folic Acid,328.3,mcg
413,Calcium,1124.1,mg
413,Iron,48.9,mg
413,Magnesium,0,mg
413,Phosphorus,0,mg
413,Sodium,193.9,mg
413,Potassium,699.9,mg
413,Zinc,1.8,mg
414,Energy,770,cal
414,Protein,35.1,g
414,Carbohydrates,104.2,g
414,Fiber,25.8,g
414,Fat,23.5,g
414,Cholesterol,0.1,mg
414,Vitamin A,13520.9,mcg
414,Vitamin B1,0.3,mg
414,Vitamin B2,0.8,mg
414,Vitamin B3,4.8,mg
414,Vitamin C,295.9,mg
414,Folic Acid,328.3,mcg
414,Calcium,1124.1,mg
414,Iron,48.9,mg
414,Magnesium,0,mg
414,Phosphorus,0,mg
414,Sodium,193.9,mg
414,Potassium,699.9,mg
414,Zinc,1.8,mg
415,Energy,770,cal
415,Protein,35.1,g
415,Carbohydrates,104.2,g
415,Fiber,25.8,g
415,Fat,23.5,g
415,Cholesterol,0.1,mg
415,Vitamin A,13520.9,mcg
415,Vitamin B1,0.3,mg
415,Vitamin B2,0.8,mg
415,Vitamin B3,4.8,mg
415,Vitamin C,295.9,mg
415,Folic Acid,328.3,mcg
415,Calcium,1124.1,mg
415,Iron,48.9,mg
415,Magnesium,0,mg
415,Phosphorus,0,mg
415,Sodium,193.9,mg
415,Potassium,699.9,mg
415,Zinc,1.8,mg
416,Energy,152,cal
416,Protein,8.2,g
416,Carbohydrates,11,g
416,Fiber,0.7,g
416,Fat,8.6,g
416,Cholesterol,14.1,mg
416,Vitamin A,92,mcg
416,Vitamin B1,0,mg
416,Vitamin B2,0.1,mg
416,Vitamin B3,0.5,mg
416,Vitamin C,11.3,mg
416,Folic Acid,21.1,mcg
416,Calcium,189.2,mg
416,Iron,0.6,mg
416,Magnesium,0,mg
416,Phosphorus,0,mg
416,Sodium,251.3,mg
416,Potassium,194.9,mg
416,Zinc,0.8,mg
417,Energy,152,cal
417,Protein,8.2,g
417,Carbohydrates,11,g
417,Fiber,0.7,g
417,Fat,8.6,g
417,Cholesterol,14.1,mg
417,Vitamin A,92,mcg
417,Vitamin B1,0,mg
417,Vitamin B2,0.1,mg
417,Vitamin B3,0.5,mg
417,Vitamin C,11.3,mg
417,Folic Acid,21.1,mcg
417,Calcium,189.2,mg
417,Iron,0.6,mg
417,Magnesium,0,mg
417,Phosphorus,0,mg
417,Sodium,251.3,mg
417,Potassium,194.9,mg
417,Zinc,0.8,mg
418,Energy,152,cal
418,Protein,8.2,g
418,Carbohydrates,11,g
418,Fiber,0.7,g
418,Fat,8.6,g
418,Cholesterol,14.1,mg
418,Vitamin A,92,mcg
418,Vitamin B1,0,mg
418,Vitamin B2,0.1,mg
418,Vitamin B3,0.5,mg
418,Vitamin C,11.3,mg
418,Folic Acid,21.1,mcg
418,Calcium,189.2,mg
418,Iron,0.6,mg
418,Magnesium,0,mg
418,Phosphorus,0,mg
418,Sodium,251.3,mg
418,Potassium,194.9,mg
418,Zinc,0.8,mg
419,Energy,142,cal
419,Protein,5.1,g
419,Carbohydrates,12.3,g
419,Fiber,0.8,g
419,Fat,7.4,g
419,Cholesterol,0,mg
419,Vitamin A,200.4,mcg
419,Vitamin B1,0,mg
419,Vitamin B2,0.1,mg
419,Vitamin B3,0.1,mg
419,Vitamin C,1.5,mg
419,Folic Acid,10.4,mcg
419,Calcium,159.1,mg
419,Iron,0.4,mg
419,Magnesium,0,mg
419,Phosphorus,0,mg
419,Sodium,36.3,mg
419,Potassium,100.6,mg
419,Zinc,0.1,mg
420,Energy,142,cal
420,Protein,5.1,g
420,Carbohydrates,12.3,g
420,Fiber,0.8,g
420,Fat,7.4,g
420,Cholesterol,0,mg
420,Vitamin A,200.4,mcg
420,Vitamin B1,0,mg
420,Vitamin B2,0.1,mg
420,Vitamin B3,0.1,mg
420,Vitamin C,1.5,mg
420,Folic Acid,10.4,mcg
420,Calcium,159.1,mg
420,Iron,0.4,mg
420,Magnesium,0,mg
420,Phosphorus,0,mg
420,Sodium,36.3,mg
420,Potassium,100.6,mg
420,Zinc,0.1,mg
421,Energy,142,cal
421,Protein,5.1,g
421,Carbohydrates,12.3,g
421,Fiber,0.8,g
421,Fat,7.4,g
421,Cholesterol,0,mg
421,Vitamin A,200.4,mcg
421,Vitamin B1,0,mg
421,Vitamin B2,0.1,mg
421,Vitamin B3,0.1,mg
421,Vitamin C,1.5,mg
421,Folic Acid,10.4,mcg
421,Calcium,159.1,mg
421,Iron,0.4,mg
421,Magnesium,0,mg
421,Phosphorus,0,mg
421,Sodium,36.3,mg
421,Potassium,100.6,mg
421,Zinc,0.1,mg
426,Energy,40,cal
426,Protein,0.6,g
426,Carbohydrates,1.2,g
426,Fiber,0.9,g
426,Fat,3.5,g
426,Cholesterol,1.3,mg
426,Sodium,3,mg
427,Energy,158,cal
427,Protein,6.1,g
427,Carbohydrates,5.7,g
427,Fiber,0.8,g
427,Fat,10.9,g
427,Cholesterol,0,mg
427,Vitamin A,1950.1,mcg
427,Vitamin B1,0,mg
427,Vitamin B2,0.1,mg
427,Vitamin B3,0.3,mg
427,Vitamin C,10.5,mg
427,Folic Acid,43.4,mcg
427,Calcium,247.4,mg
427,Iron,0.8,mg
427,Magnesium,0,mg
427,Phosphorus,0,mg
427,Sodium,31.1,mg
427,Potassium,132.6,mg
427,Zinc,0.1,mg
428,Energy,89,cal
428,Protein,1.6,g
428,Carbohydrates,10.6,g
428,Fiber,0.1,g
428,Fat,4.4,g
428,Cholesterol,0,mg
428,Vitamin A,204.4,mcg
428,Vitamin B1,0,mg
428,Vitamin B2,0,mg
428,Vitamin B3,0.2,mg
428,Vitamin C,0.4,mg
428,Folic Acid,0,mcg
428,Calcium,18.3,mg
428,Iron,0.6,mg
428,Magnesium,0,mg
428,Phosphorus,0,mg
428,Sodium,43.4,mg
428,Potassium,1.4,mg
428,Zinc,0,mg
429,Energy,89,cal
429,Protein,1.6,g
429,Carbohydrates,10.6,g
429,Fiber,0.1,g
429,Fat,4.4,g
429,Cholesterol,0,mg
429,Vitamin A,204.4,mcg
429,Vitamin B1,0,mg
429,Vitamin B2,0,mg
429,Vitamin B3,0.2,mg
429,Vitamin C,0.4,mg
429,Folic Acid,0,mcg
429,Calcium,18.3,mg
429,Iron,0.6,mg
429,Magnesium,0,mg
429,Phosphorus,0,mg
429,Sodium,43.4,mg
429,Potassium,1.4,mg
429,Zinc,0,mg
430,Energy,89,cal
430,Protein,1.6,g
430,Carbohydrates,10.6,g
430,Fiber,0.1,g
430,Fat,4.4,g
430,Cholesterol,0,mg
430,Vitamin A,204.4,mcg
430,Vitamin B1,0,mg
430,Vitamin B2,0,mg
430,Vitamin B3,0.2,mg
430,Vitamin C,0.4,mg
430,Folic Acid,0,mcg
430,Calcium,18.3,mg
430,Iron,0.6,mg
430,Magnesium,0,mg
430,Phosphorus,0,mg
430,Sodium,43.4,mg
430,Potassium,1.4,mg
430,Zinc,0,mg
431,Energy,89,cal
431,Protein,1.6,g
431,Carbohydrates,10.6,g
431,Fiber,0.1,g
431,Fat,4.4,g
431,Cholesterol,0,mg
431,Vitamin A,204.4,mcg
431,Vitamin B1,0,mg
431,Vitamin B2,0,mg
431,Vitamin B3,0.2,mg
431,Vitamin C,0.4,mg
431,Folic Acid,0,mcg
431,Calcium,18.3,mg
431,Iron,0.6,mg
431,Magnesium,0,mg
431,Phosphorus,0,mg
431,Sodium,43.4,mg
431,Potassium,1.4,mg
431,Zinc,0,mg
432,Energy,197,cal
432,Protein,1.1,g
432,Carbohydrates,3.3,g
432,Fiber,0.7,g
432,Fat,20.2,g
432,Cholesterol,0,mg
432,Sodium,14.3,mg
433,Energy,197,cal
433,Protein,1.1,g
433,Carbohydrates,3.3,g
433,Fiber,0.7,g
433,Fat,20.2,g
433,Cholesterol,0,mg
433,Sodium,14.3,mg
434,Energy,197,cal
434,Protein,1.1,g
434,Carbohydrates,3.3,g
434,Fiber,0.7,g
434,Fat,20.2,g
434,Cholesterol,0,mg
434,Sodium,14.3,mg
435,Energy,197,cal
435,Protein,1.1,g
435,Carbohydrates,3.3,g
435,Fiber,0.7,g
435,Fat,20.2,g
435,Cholesterol,0,mg
435,Sodium,14.3,mg
436,Energy,197,cal
436,Protein,1.1,g
436,Carbohydrates,3.3,g
436,Fiber,0.7,g
436,Fat,20.2,g
436,Cholesterol,0,mg
436,Sodium,14.3,mg
437,Energy,667,cal
437,Protein,34.6,g
437,Carbohydrates,100.2,g
437,Fiber,26.1,g
437,Fat,14.3,g
437,Cholesterol,0,mg
437,Sodium,127.5,mg
438,Energy,26,cal
438,Protein,0.7,g
438,Carbohydrates,4.2,g
438,Fiber,0.1,g
438,Fat,0.7,g
438,Cholesterol,0,mg
438,Sodium,1.5,mg
439,Energy,30,cal
439,Protein,1.3,g
439,Carbohydrates,5,g
439,Fiber,1.2,g
439,Fat,0.6,g
439,Cholesterol,0,mg
439,Sodium,5,mg
440,Energy,28,cal
440,Protein,0.8,g
440,Carbohydrates,4.8,g
440,Fiber,0.9,g
440,Fat,0.7,g
440,Cholesterol,0,mg
440,Sodium,1.8,mg
441,Energy,28,cal
441,Protein,0.8,g
441,Carbohydrates,4.8,g
441,Fiber,0.9,g
441,Fat,0.7,g
441,Cholesterol,0,mg
441,Sodium,1.8,mg
442,Energy,260,cal
442,Protein,6.8,g
442,Carbohydrates,31.4,g
442,Fiber,3.5,g
442,Fat,12.1,g
442,Cholesterol,0,mg
442,Vitamin A,564.5,mcg
442,Vitamin B1,0.1,mg
442,Vitamin B2,0.1,mg
442,Vitamin B3,0.8,mg
442,Vitamin C,27.3,mg
442,Folic Acid,28.9,mcg
442,Calcium,145.3,mg
442,Iron,1.2,mg
442,Magnesium,0,mg
442,Phosphorus,0,mg
442,Sodium,140.9,mg
442,Potassium,196.1,mg
442,Zinc,0.4,mg
443,Energy,260,cal
443,Protein,6.8,g
443,Carbohydrates,31.4,g
443,Fiber,3.5,g
443,Fat,12.1,g
443,Cholesterol,0,mg
443,Vitamin A,564.5,mcg
443,Vitamin B1,0.1,mg
443,Vitamin B2,0.1,mg
443,Vitamin B3,0.8,mg
443,Vitamin C,27.3,mg
443,Folic Acid,28.9,mcg
443,Calcium,145.3,mg
443,Iron,1.2,mg
443,Magnesium,0,mg
443,Phosphorus,0,mg
443,Sodium,140.9,mg
443,Potassium,196.1,mg
443,Zinc,0.4,mg
444,Energy,260,cal
444,Protein,6.8,g
444,Carbohydrates,31.4,g
444,Fiber,3.5,g
444,Fat,12.1,g
444,Cholesterol,0,mg
444,Vitamin A,564.5,mcg
444,Vitamin B1,0.1,mg
444,Vitamin B2,0.1,mg
444,Vitamin B3,0.8,mg
444,Vitamin C,27.3,mg
444,Folic Acid,28.9,mcg
444,Calcium,145.3,mg
444,Iron,1.2,mg
444,Magnesium,0,mg
444,Phosphorus,0,mg
444,Sodium,140.9,mg
444,Potassium,196.1,mg
444,Zinc,0.4,mg
445,Energy,260,cal
445,Protein,6.8,g
445,Carbohydrates,31.4,g
445,Fiber,3.5,g
445,Fat,12.1,g
445,Cholesterol,0,mg
445,Vitamin A,564.5,mcg
445,Vitamin B1,0.1,mg
445,Vitamin B2,0.1,mg
445,Vitamin B3,0.8,mg
445,Vitamin C,27.3,mg
445,Folic Acid,28.9,mcg
445,Calcium,145.3,mg
445,Iron,1.2,mg
445,Magnesium,0,mg
445,Phosphorus,0,mg
445,Sodium,140.9,mg
445,Potassium,196.1,mg
445,Zinc,0.4,mg
446,Energy,260,cal
446,Protein,6.8,g
446,Carbohydrates,31.4,g
446,Fiber,3.5,g
446,Fat,12.1,g
446,Cholesterol,0,mg
446,Vitamin A,564.5,mcg
446,Vitamin B1,0.1,mg
446,Vitamin B2,0.1,mg
446,Vitamin B3,0.8,mg
446,Vitamin C,27.3,mg
446,Folic Acid,28.9,mcg
446,Calcium,145.3,mg
446,Iron,1.2,mg
446,Magnesium,0,mg
446,Phosphorus,0,mg
446,Sodium,140.9,mg
446,Potassium,196.1,mg
446,Zinc,0.4,mg
447,Energy,115,cal
447,Protein,2.1,g
447,Carbohydrates,21.2,g
447,Fiber,3.4,g
447,Fat,2.4,g
447,Cholesterol,0,mg
447,Sodium,3.2,mg
448,Energy,319,cal
448,Protein,13.9,g
448,Carbohydrates,37.4,g
448,Fiber,4.4,g
448,Fat,11.3,g
448,Cholesterol,0,mg
448,Vitamin A,9631.2,mcg
448,Vitamin B1,0.4,mg
448,Vitamin B2,0.6,mg
448,Vitamin B3,3.3,mg
448,Vitamin C,49.9,mg
448,Folic Acid,218.1,mcg
448,Calcium,362.3,mg
448,Iron,3.8,mg
448,Magnesium,0,mg
448,Phosphorus,0,mg
448,Sodium,113.2,mg
448,Potassium,473,mg
448,Zinc,1,mg
449,Energy,319,cal
449,Protein,13.9,g
449,Carbohydrates,37.4,g
449,Fiber,4.4,g
449,Fat,11.3,g
449,Cholesterol,0,mg
449,Vitamin A,9631.2,mcg
449,Vitamin B1,0.4,mg
449,Vitamin B2,0.6,mg
449,Vitamin B3,3.3,mg
449,Vitamin C,49.9,mg
449,Folic Acid,218.1,mcg
449,Calcium,362.3,mg
449,Iron,3.8,mg
449,Magnesium,0,mg
449,Phosphorus,0,mg
449,Sodium,113.2,mg
449,Potassium,473,mg
449,Zinc,1,mg
450,Energy,319,cal
450,Protein,13.9,g
450,Carbohydrates,37.4,g
450,Fiber,4.4,g
450,Fat,11.3,g
450,Cholesterol,0,mg
450,Vitamin A,9631.2,mcg
450,Vitamin B1,0.4,mg
450,Vitamin B2,0.6,mg
450,Vitamin B3,3.3,mg
450,Vitamin C,49.9,mg
450,Folic Acid,218.1,mcg
450,Calcium,362.3,mg
450,Iron,3.8,mg
450,Magnesium,0,mg
450,Phosphorus,0,mg
450,Sodium,113.2,mg
450,Potassium,473,mg
450,Zinc,1,mg
451,Energy,319,cal
451,Protein,13.9,g
451,Carbohydrates,37.4,g
451,Fiber,4.4,g
451,Fat,11.3,g
451,Cholesterol,0,mg
451,Vitamin A,9631.2,mcg
451,Vitamin B1,0.4,mg
451,Vitamin B2,0.6,mg
451,Vitamin B3,3.3,mg
451,Vitamin C,49.9,mg
451,Folic Acid,218.1,mcg
451,Calcium,362.3,mg
451,Iron,3.8,mg
451,Magnesium,0,mg
451,Phosphorus,0,mg
451,Sodium,113.2,mg
451,Potassium,473,mg
451,Zinc,1,mg
452,Energy,36,cal
452,Protein,1.9,g
452,Carbohydrates,5.7,g
452,Fiber,0.7,g
452,Fat,0.7,g
452,Cholesterol,0.1,mg
452,Sodium,19.5,mg
453,Energy,36,cal
453,Protein,1.9,g
453,Carbohydrates,5.7,g
453,Fiber,0.7,g
453,Fat,0.7,g
453,Cholesterol,0.1,mg
453,Sodium,19.5,mg
456,Energy,13,cal
456,Protein,0.3,g
456,Carbohydrates,2,g
456,Fiber,0,g
456,Fat,0.4,g
456,Cholesterol,0,mg
456,Sodium,0.3,mg
457,Energy,12,cal
457,Protein,0.4,g
457,Carbohydrates,2.4,g
457,Fiber,0.4,g
457,Fat,0.2,g
457,Cholesterol,0,mg
457,Sodium,0.7,mg
459,Energy,285,cal
459,Protein,9.1,g
459,Carbohydrates,32.6,g
459,Fiber,0.8,g
459,Fat,12.4,g
459,Cholesterol,0,mg
459,Vitamin A,397.9,mcg
459,Vitamin B1,0.5,mg
459,Vitamin B2,0.2,mg
459,Vitamin B3,3,mg
459,Vitamin C,31.5,mg
459,Folic Acid,14.8,mcg
459,Calcium,162.1,mg
459,Iron,2,mg
459,Magnesium,0,mg
459,Phosphorus,0,mg
459,Sodium,39.5,mg
459,Potassium,135.2,mg
459,Zinc,0.5,mg
460,Energy,231,cal
460,Protein,6,g
460,Carbohydrates,32.1,g
460,Fiber,3,g
460,Fat,9,g
460,Cholesterol,13.8,mg
460,Sodium,66.4,mg
462,Energy,187,cal
462,Protein,3,g
462,Carbohydrates,25.5,g
462,Fiber,0.3,g
462,Fat,7.5,g
462,Cholesterol,4,mg
462,Sodium,8.8,mg
463,Energy,324,cal
463,Protein,1.5,g
463,Carbohydrates,21,g
463,Fiber,1.7,g
463,Fat,26.1,g
463,Cholesterol,0,mg
463,Sodium,10.9,mg
464,Energy,266,cal
464,Protein,4.8,g
464,Carbohydrates,38.1,g
464,Fiber,2.8,g
464,Fat,10.6,g
464,Cholesterol,0,mg
464,Vitamin A,274.2,mcg
464,Vitamin B1,0.2,mg
464,Vitamin B2,0,mg
464,Vitamin B3,2,mg
464,Vitamin C,28.2,mg
464,Folic Acid,28.2,mcg
464,Calcium,87.7,mg
464,Iron,1,mg
464,Magnesium,0,mg
464,Phosphorus,0,mg
464,Sodium,63.7,mg
464,Potassium,411.4,mg
464,Zinc,0.9,mg
465,Energy,266,cal
465,Protein,4.8,g
465,Carbohydrates,38.1,g
465,Fiber,2.8,g
465,Fat,10.6,g
465,Cholesterol,0,mg
465,Vitamin A,274.2,mcg
465,Vitamin B1,0.2,mg
465,Vitamin B2,0,mg
465,Vitamin B3,2,mg
465,Vitamin C,28.2,mg
465,Folic Acid,28.2,mcg
465,Calcium,87.7,mg
465,Iron,1,mg
465,Magnesium,0,mg
465,Phosphorus,0,mg
465,Sodium,63.7,mg
465,Potassium,411.4,mg
465,Zinc,0.9,mg
466,Energy,266,cal
466,Protein,4.8,g
466,Carbohydrates,38.1,g
466,Fiber,2.8,g
466,Fat,10.6,g
466,Cholesterol,0,mg
466,Vitamin A,274.2,mcg
466,Vitamin B1,0.2,mg
466,Vitamin B2,0,mg
466,Vitamin B3,2,mg
466,Vitamin C,28.2,mg
466,Folic Acid,28.2,mcg
466,Calcium,87.7,mg
466,Iron,1,mg
466,Magnesium,0,mg
466,Phosphorus,0,mg
466,Sodium,63.7,mg
466,Potassium,411.4,mg
466,Zinc,0.9,mg
467,Energy,266,cal
467,Protein,4.8,g
467,Carbohydrates,38.1,g
467,Fiber,2.8,g
467,Fat,10.6,g
467,Cholesterol,0,mg
467,Vitamin A,274.2,mcg
467,Vitamin B1,0.2,mg
467,Vitamin B2,0,mg
467,Vitamin B3,2,mg
467,Vitamin C,28.2,mg
467,Folic Acid,28.2,mcg
467,Calcium,87.7,mg
467,Iron,1,mg
467,Magnesium,0,mg
467,Phosphorus,0,mg
467,Sodium,63.7,mg
467,Potassium,411.4,mg
467,Zinc,0.9,mg
468,Energy,73,cal
468,Protein,2.1,g
468,Carbohydrates,9,g
468,Fiber,0.8,g
468,Fat,3.2,g
468,Cholesterol,9.1,mg
468,Sodium,79.8,mg
469,Energy,11,cal
469,Protein,0.3,g
469,Carbohydrates,2,g
469,Fiber,0.3,g
469,Fat,0.2,g
469,Cholesterol,0,mg
469,Sodium,0.5,mg
470,Energy,11,cal
470,Protein,0.3,g
470,Carbohydrates,2,g
470,Fiber,0.3,g
470,Fat,0.2,g
470,Cholesterol,0,mg
470,Sodium,0.5,mg
471,Energy,11,cal
471,Protein,0.3,g
471,Carbohydrates,2,g
471,Fiber,0.3,g
471,Fat,0.2,g
471,Cholesterol,0,mg
471,Sodium,0.5,mg
472,Energy,278,cal
472,Protein,7.6,g
472,Carbohydrates,29.3,g
472,Fiber,0.1,g
472,Fat,12.1,g
472,Cholesterol,16,mg
472,Sodium,19,mg
473,Energy,278,cal
473,Protein,7.6,g
473,Carbohydrates,29.3,g
473,Fiber,0.1,g
473,Fat,12.1,g
473,Cholesterol,16,mg
473,Sodium,19,mg
474,Energy,124,cal
474,Protein,5.1,g
474,Carbohydrates,16.9,g
474,Fiber,3.3,g
474,Fat,4,g
474,Cholesterol,0,mg
474,Vitamin A,53.2,mcg
474,Vitamin B1,0.1,mg
474,Vitamin B2,0,mg
474,Vitamin B3,0.8,mg
474,Vitamin C,0.2,mg
474,Folic Acid,32.7,mcg
474,Calcium,14.7,mg
474,Iron,1.4,mg
474,Magnesium,0,mg
474,Phosphorus,0,mg
474,Sodium,16.4,mg
474,Potassium,168.9,mg
474,Zinc,0.5,mg
475,Energy,124,cal
475,Protein,5.1,g
475,Carbohydrates,16.9,g
475,Fiber,3.3,g
475,Fat,4,g
475,Cholesterol,0,mg
475,Vitamin A,53.2,mcg
475,Vitamin B1,0.1,mg
475,Vitamin B2,0,mg
475,Vitamin B3,0.8,mg
475,Vitamin C,0.2,mg
475,Folic Acid,32.7,mcg
475,Calcium,14.7,mg
475,Iron,1.4,mg
475,Magnesium,0,mg
475,Phosphorus,0,mg
475,Sodium,16.4,mg
475,Potassium,168.9,mg
475,Zinc,0.5,mg
476,Energy,124,cal
476,Protein,5.1,g
476,Carbohydrates,16.9,g
476,Fiber,3.3,g
476,Fat,4,g
476,Cholesterol,0,mg
476,Vitamin A,53.2,mcg
476,Vitamin B1,0.1,mg
476,Vitamin B2,0,mg
476,Vitamin B3,0.8,mg
476,Vitamin C,0.2,mg
476,Folic Acid,32.7,mcg
476,Calcium,14.7,mg
476,Iron,1.4,mg
476,Magnesium,0,mg
476,Phosphorus,0,mg
476,Sodium,16.4,mg
476,Potassium,168.9,mg
476,Zinc,0.5,mg
477,Energy,124,cal
477,Protein,5.1,g
477,Carbohydrates,16.9,g
477,Fiber,3.3,g
477,Fat,4,g
477,Cholesterol,0,mg
477,Vitamin A,53.2,mcg
477,Vitamin B1,0.1,mg
477,Vitamin B2,0,mg
477,Vitamin B3,0.8,mg
477,Vitamin C,0.2,mg
477,Folic Acid,32.7,mcg
477,Calcium,14.7,mg
477,Iron,1.4,mg
477,Magnesium,0,mg
477,Phosphorus,0,mg
477,Sodium,16.4,mg
477,Potassium,168.9,mg
477,Zinc,0.5,mg
478,Energy,124,cal
478,Protein,5.1,g
478,Carbohydrates,16.9,g
478,Fiber,3.3,g
478,Fat,4,g
478,Cholesterol,0,mg
478,Vitamin A,53.2,mcg
478,Vitamin B1,0.1,mg
478,Vitamin B2,0,mg
478,Vitamin B3,0.8,mg
478,Vitamin C,0.2,mg
478,Folic Acid,32.7,mcg
478,Calcium,14.7,mg
478,Iron,1.4,mg
478,Magnesium,0,mg
478,Phosphorus,0,mg
478,Sodium,16.4,mg
478,Potassium,168.9,mg
478,Zinc,0.5,mg
479,Energy,124,cal
479,Protein,5.1,g
479,Carbohydrates,16.9,g
479,Fiber,3.3,g
479,Fat,4,g
479,Cholesterol,0,mg
479,Vitamin A,53.2,mcg
479,Vitamin B1,0.1,mg
479,Vitamin B2,0,mg
479,Vitamin B3,0.8,mg
479,Vitamin C,0.2,mg
479,Folic Acid,32.7,mcg
479,Calcium,14.7,mg
479,Iron,1.4,mg
479,Magnesium,0,mg
479,Phosphorus,0,mg
479,Sodium,16.4,mg
479,Potassium,168.9,mg
479,Zinc,0.5,mg
480,Energy,124,cal
480,Protein,5.1,g
480,Carbohydrates,16.9,g
480,Fiber,3.3,g
480,Fat,4,g
480,Cholesterol,0,mg
480,Vitamin A,53.2,mcg
480,Vitamin B1,0.1,mg
480,Vitamin B2,0,mg
480,Vitamin B3,0.8,mg
480,Vitamin C,0.2,mg
480,Folic Acid,32.7,mcg
480,Calcium,14.7,mg
480,Iron,1.4,mg
480,Magnesium,0,mg
480,Phosphorus,0,mg
480,Sodium,16.4,mg
480,Potassium,168.9,mg
480,Zinc,0.5,mg
481,Energy,124,cal
481,Protein,5.1,g
481,Carbohydrates,16.9,g
481,Fiber,3.3,g
481,Fat,4,g
481,Cholesterol,0,mg
481,Vitamin A,53.2,mcg
481,Vitamin B1,0.1,mg
481,Vitamin B2,0,mg
481,Vitamin B3,0.8,mg
481,Vitamin C,0.2,mg
481,Folic Acid,32.7,mcg
481,Calcium,14.7,mg
481,Iron,1.4,mg
481,Magnesium,0,mg
481,Phosphorus,0,mg
481,Sodium,16.4,mg
481,Potassium,168.9,mg
481,Zinc,0.5,mg
482,Energy,124,cal
482,Protein,5.1,g
482,Carbohydrates,16.9,g
482,Fiber,3.3,g
482,Fat,4,g
482,Cholesterol,0,mg
482,Vitamin A,53.2,mcg
482,Vitamin B1,0.1,mg
482,Vitamin B2,0,mg
482,Vitamin B3,0.8,mg
482,Vitamin C,0.2,mg
482,Folic Acid,32.7,mcg
482,Calcium,14.7,mg
482,Iron,1.4,mg
482,Magnesium,0,mg
482,Phosphorus,0,mg
482,Sodium,16.4,mg
482,Potassium,168.9,mg
482,Zinc,0.5,mg
483,Energy,124,cal
483,Protein,5.1,g
483,Carbohydrates,16.9,g
483,Fiber,3.3,g
483,Fat,4,g
483,Cholesterol,0,mg
483,Vitamin A,53.2,mcg
483,Vitamin B1,0.1,mg
483,Vitamin B2,0,mg
483,Vitamin B3,0.8,mg
483,Vitamin C,0.2,mg
483,Folic Acid,32.7,mcg
483,Calcium,14.7,mg
483,Iron,1.4,mg
483,Magnesium,0,mg
483,Phosphorus,0,mg
483,Sodium,16.4,mg
483,Potassium,168.9,mg
483,Zinc,0.5,mg
484,Energy,124,cal
484,Protein,5.1,g
484,Carbohydrates,16.9,g
484,Fiber,3.3,g
484,Fat,4,g
484,Cholesterol,0,mg
484,Vitamin A,53.2,mcg
484,Vitamin B1,0.1,mg
484,Vitamin B2,0,mg
484,Vitamin B3,0.8,mg
484,Vitamin C,0.2,mg
484,Folic Acid,32.7,mcg
484,Calcium,14.7,mg
484,Iron,1.4,mg
484,Magnesium,0,mg
484,Phosphorus,0,mg
484,Sodium,16.4,mg
484,Potassium,168.9,mg
484,Zinc,0.5,mg
485,Energy,124,cal
485,Protein,5.1,g
485,Carbohydrates,16.9,g
485,Fiber,3.3,g
485,Fat,4,g
485,Cholesterol,0,mg
485,Vitamin A,53.2,mcg
485,Vitamin B1,0.1,mg
485,Vitamin B2,0,mg
485,Vitamin B3,0.8,mg
485,Vitamin C,0.2,mg
485,Folic Acid,32.7,mcg
485,Calcium,14.7,mg
485,Iron,1.4,mg
485,Magnesium,0,mg
485,Phosphorus,0,mg
485,Sodium,16.4,mg
485,Potassium,168.9,mg
485,Zinc,0.5,mg
486,Energy,124,cal
486,Protein,5.1,g
486,Carbohydrates,16.9,g
486,Fiber,3.3,g
486,Fat,4,g
486,Cholesterol,0,mg
486,Vitamin A,53.2,mcg
486,Vitamin B1,0.1,mg
486,Vitamin B2,0,mg
486,Vitamin B3,0.8,mg
486,Vitamin C,0.2,mg
486,Folic Acid,32.7,mcg
486,Calcium,14.7,mg
486,Iron,1.4,mg
486,Magnesium,0,mg
486,Phosphorus,0,mg
486,Sodium,16.4,mg
486,Potassium,168.9,mg
486,Zinc,0.5,mg
487,Energy,151,cal
487,Protein,5,g
487,Carbohydrates,14.3,g
487,Fiber,0.9,g
487,Fat,7.6,g
487,Cholesterol,0,mg
487,Vitamin A,2039.1,mcg
487,Vitamin B1,0.2,mg
487,Vitamin B2,0.2,mg
487,Vitamin B3,1.2,mg
487,Vitamin C,10.7,mg
487,Folic Acid,46.2,mcg
487,Calcium,126,mg
487,Iron,1.1,mg
487,Magnesium,0,mg
487,Phosphorus,0,mg
487,Sodium,39.9,mg
487,Potassium,130,mg
487,Zinc,0.3,mg
488,Energy,151,cal
488,Protein,5,g
488,Carbohydrates,14.3,g
488,Fiber,0.9,g
488,Fat,7.6,g
488,Cholesterol,0,mg
488,Vitamin A,2039.1,mcg
488,Vitamin B1,0.2,mg
488,Vitamin B2,0.2,mg
488,Vitamin B3,1.2,mg
488,Vitamin C,10.7,mg
488,Folic Acid,46.2,mcg
488,Calcium,126,mg
488,Iron,1.1,mg
488,Magnesium,0,mg
488,Phosphorus,0,mg
488,Sodium,39.9,mg
488,Potassium,130,mg
488,Zinc,0.3,mg
489,Energy,151,cal
489,Protein,5,g
489,Carbohydrates,14.3,g
489,Fiber,0.9,g
489,Fat,7.6,g
489,Cholesterol,0,mg
489,Vitamin A,2039.1,mcg
489,Vitamin B1,0.2,mg
489,Vitamin B2,0.2,mg
489,Vitamin B3,1.2,mg
489,Vitamin C,10.7,mg
489,Folic Acid,46.2,mcg
489,Calcium,126,mg
489,Iron,1.1,mg
489,Magnesium,0,mg
489,Phosphorus,0,mg
489,Sodium,39.9,mg
489,Potassium,130,mg
489,Zinc,0.3,mg
490,Energy,59,cal
490,Protein,2,g
490,Carbohydrates,6.5,g
490,Fiber,2.5,g
490,Fat,2.7,g
490,Cholesterol,0,mg
490,Sodium,22.6,mg
491,Energy,168,cal
491,Protein,6.4,g
491,Carbohydrates,13.9,g
491,Fiber,4.8,g
491,Fat,9.6,g
491,Cholesterol,0,mg
491,Sodium,31.7,mg
492,Energy,168,cal
492,Protein,6.4,g
492,Carbohydrates,13.9,g
492,Fiber,4.8,g
492,Fat,9.6,g
492,Cholesterol,0,mg
492,Sodium,31.7,mg
493,Energy,154,cal
493,Protein,0.9,g
493,Carbohydrates,20.7,g
493,Fiber,2.9,g
493,Fat,7.6,g
493,Cholesterol,0,mg
493,Sodium,6.6,mg
494,Protein,2,g
494,Cho,6,g
494,Fat,0.8,g
495,Energy,11,cal
495,Protein,0.2,g
495,Carbohydrates,2,g
495,Fiber,0.1,g
495,Fat,0.3,g
495,Cholesterol,0,mg
495,Vitamin A,3.4,mcg
495,Vitamin B1,0,mg
495,Vitamin B2,0,mg
495,Vitamin B3,0.1,mg
495,Vitamin C,0,mg
495,Folic Acid,0.3,mcg
495,Calcium,0.4,mg
495,Iron,0.1,mg
495,Magnesium,0,mg
495,Phosphorus,0,mg
495,Sodium,0.2,mg
495,Potassium,5.6,mg
495,Zinc,0,mg
496,Energy,11,cal
496,Protein,0.2,g
496,Carbohydrates,2,g
496,Fiber,0.1,g
496,Fat,0.3,g
496,Cholesterol,0,mg
496,Vitamin A,3.4,mcg
496,Vitamin B1,0,mg
496,Vitamin B2,0,mg
496,Vitamin B3,0.1,mg
496,Vitamin C,0,mg
496,Folic Acid,0.3,mcg
496,Calcium,0.4,mg
496,Iron,0.1,mg
496,Magnesium,0,mg
496,Phosphorus,0,mg
496,Sodium,0.2,mg
496,Potassium,5.6,mg
496,Zinc,0,mg
497,Energy,10,cal
497,Protein,0.3,g
497,Carbohydrates,1.9,g
497,Fiber,0.3,g
497,Fat,0.2,g
497,Cholesterol,0,mg
497,Sodium,0.4,mg
498,Energy,10,cal
498,Protein,0.3,g
498,Carbohydrates,1.9,g
498,Fiber,0.3,g
498,Fat,0.2,g
498,Cholesterol,0,mg
498,Sodium,0.4,mg
499,Energy,10,cal
499,Protein,0.3,g
499,Carbohydrates,1.9,g
499,Fiber,0.3,g
499,Fat,0.2,g
499,Cholesterol,0,mg
499,Sodium,0.4,mg
500,Energy,250,cal
500,Protein,8.4,g
500,Carbohydrates,9.3,g
500,Fiber,0,g
500,Fat,17.6,g
500,Cholesterol,0,mg
500,Vitamin A,490.1,mcg
500,Vitamin B1,0,mg
500,Vitamin B2,0.1,mg
500,Vitamin B3,0.2,mg
500,Vitamin C,1,mg
500,Folic Acid,5.6,mcg
500,Calcium,329.5,mg
500,Iron,0.6,mg
500,Magnesium,0,mg
500,Phosphorus,0,mg
500,Sodium,93.8,mg
500,Potassium,98.2,mg
500,Zinc,0,mg
501,Protein,4,g
501,Cho,9,g
501,Energy,80,calories
501,fat,2,gm
502,Protein,4,g
502,Cho,9,g
502,Energy,80,calories
502,fat,2,gm
503,Energy,273,cal
503,Protein,8.4,g
503,Carbohydrates,31,g
503,Fiber,1.5,g
503,Fat,11,g
503,Cholesterol,26.5,mg
503,Sodium,152.6,mg
504,Energy,273,cal
504,Protein,8.4,g
504,Carbohydrates,31,g
504,Fiber,1.5,g
504,Fat,11,g
504,Cholesterol,26.5,mg
504,Sodium,152.6,mg
505,Energy,273,cal
505,Protein,8.4,g
505,Carbohydrates,31,g
505,Fiber,1.5,g
505,Fat,11,g
505,Cholesterol,26.5,mg
505,Sodium,152.6,mg
506,Energy,273,cal
506,Protein,8.4,g
506,Carbohydrates,31,g
506,Fiber,1.5,g
506,Fat,11,g
506,Cholesterol,26.5,mg
506,Sodium,152.6,mg
507,Energy,273,cal
507,Protein,8.4,g
507,Carbohydrates,31,g
507,Fiber,1.5,g
507,Fat,11,g
507,Cholesterol,26.5,mg
507,Sodium,152.6,mg
508,Energy,273,cal
508,Protein,8.4,g
508,Carbohydrates,31,g
508,Fiber,1.5,g
508,Fat,11,g
508,Cholesterol,26.5,mg
508,Sodium,152.6,mg
509,Energy,273,cal
509,Protein,8.4,g
509,Carbohydrates,31,g
509,Fiber,1.5,g
509,Fat,11,g
509,Cholesterol,26.5,mg
509,Sodium,152.6,mg
510,Energy,87,cal
510,Protein,2.6,g
510,Carbohydrates,2.5,g
510,Fiber,0.1,g
510,Fat,7.4,g
510,Cholesterol,25,mg
510,Vitamin A,271.2,mcg
510,Vitamin B1,0,mg
510,Vitamin B2,0,mg
510,Vitamin B3,0.1,mg
510,Vitamin C,2.8,mg
510,Folic Acid,1,mcg
510,Calcium,88.1,mg
510,Iron,0.3,mg
510,Magnesium,0,mg
510,Phosphorus,0,mg
510,Sodium,50.7,mg
510,Potassium,24.4,mg
510,Zinc,0.1,mg
511,Energy,28,cal
511,Protein,0.8,g
511,Carbohydrates,4.7,g
511,Fiber,0.8,g
511,Fat,0.7,g
511,Cholesterol,0,mg
511,Sodium,1.3,mg
512,Energy,279,cal
512,Protein,3.4,g
512,Carbohydrates,42.8,g
512,Fiber,3,g
512,Fat,11.2,g
512,Cholesterol,0,mg
512,Sodium,2.9,mg
513,Energy,237,cal
513,Protein,3.7,g
513,Carbohydrates,31,g
513,Fiber,1.5,g
513,Fat,11.2,g
513,Cholesterol,0,mg
513,Sodium,1.3,mg
514,Energy,139,cal
514,Protein,2.3,g
514,Carbohydrates,25.6,g
514,Fiber,2.7,g
514,Fat,3.1,g
514,Cholesterol,0,mg
514,Sodium,105.7,mg
515,Energy,192,cal
515,Protein,3.9,g
515,Carbohydrates,29.5,g
515,Fiber,4.9,g
515,Fat,6.9,g
515,Cholesterol,0,mg
515,Sodium,42.7,mg
516,Energy,307,cal
516,Protein,4.4,g
516,Carbohydrates,55.5,g
516,Fiber,4.7,g
516,Fat,7.6,g
516,Cholesterol,0,mg
516,Sodium,35.5,mg
517,Energy,65,kcal
517,Protein,0.5,gm
517,Carbohydrate,15.1,gm
517,Invisible Fat,0.2,gm
517,Fibre,2,gm
517,Vitamin A,346.6,mcg
518,Energy,156,cal
518,Protein,3.8,g
518,Carbohydrates,34.3,g
518,Fiber,2.3,g
518,Fat,0.4,g
518,Cholesterol,0,mg
518,Sodium,79.6,mg
519,Energy,75,cal
519,Protein,1.1,g
519,Carbohydrates,12.1,g
519,Fiber,1.4,g
519,Fat,2.5,g
519,Cholesterol,0,mg
519,Sodium,3.5,mg
520,Energy,32,cal
520,Protein,0.3,g
520,Carbohydrates,7.6,g
520,Fiber,0.5,g
520,Fat,0.1,g
520,Cholesterol,0,mg
520,Sodium,10.2,mg
521,Energy,1214,cal
521,Protein,17.2,g
521,Carbohydrates,150.7,g
521,Fiber,2.7,g
521,Fat,58.9,g
521,Cholesterol,113,mg
521,Sodium,397,mg
522,Energy,170,cal
522,Protein,5.6,g
522,Carbohydrates,32.6,g
522,Fiber,1.9,g
522,Fat,2,g
522,Cholesterol,3.8,mg
522,Sodium,83.7,mg
523,Energy,51,Calories
523,Protein,3.6,Gm
523,Carbohydrates,30.7,Gm
523,Fat,1.5,Gm
523,Iron,0.8,Mg
523,Calcium,88.3,Mg
523,Fibre,0.6,Gm
524,Amt,252,gm
524,Energy,380,kcal
524,Protein,2.7,gm
524,Cho,80.7,gm
524,Fat,5.3,gm
524,Vit-A,139.5,mcg
524,Vit-C,11.1,mg
524,Calcium,55.1,mg
524,Iron,1.8,mg
524,F.Acid,0,mcg
524,Fibre,1.2,gm
525,Energy,172,cal
525,Protein,2.8,g
525,Carbohydrates,29.5,g
525,Fiber,1.8,g
525,Fat,3.6,g
525,Cholesterol,8,mg
525,Sodium,35.1,mg
526,Energy,198,cal
526,Protein,7.8,g
526,Carbohydrates,37.1,g
526,Fiber,6.3,g
526,Fat,2.1,g
526,Cholesterol,0,mg
526,Vitamin A,91.9,mcg
526,Vitamin B1,0.2,mg
526,Vitamin B2,0.1,mg
526,Vitamin B3,1.1,mg
526,Vitamin C,4.6,mg
526,Folic Acid,50.4,mcg
526,Calcium,29.6,mg
526,Iron,2,mg
526,Magnesium,0,mg
526,Phosphorus,0,mg
526,Sodium,47.5,mg
526,Potassium,300,mg
526,Zinc,0.6,mg
527,Energy,198,cal
527,Protein,7.8,g
527,Carbohydrates,37.1,g
527,Fiber,6.3,g
527,Fat,2.1,g
527,Cholesterol,0,mg
527,Vitamin A,91.9,mcg
527,Vitamin B1,0.2,mg
527,Vitamin B2,0.1,mg
527,Vitamin B3,1.1,mg
527,Vitamin C,4.6,mg
527,Folic Acid,50.4,mcg
527,Calcium,29.6,mg
527,Iron,2,mg
527,Magnesium,0,mg
527,Phosphorus,0,mg
527,Sodium,47.5,mg
527,Potassium,300,mg
527,Zinc,0.6,mg
528,Energy,277,cal
528,Protein,5.6,g
528,Carbohydrates,40,g
528,Fiber,1.1,g
528,Fat,9.7,g
528,Cholesterol,5.3,mg
528,Sodium,29.5,mg
529,Energy,66,cal
529,Protein,3.9,g
529,Carbohydrates,8.9,g
529,Fiber,0.5,g
529,Fat,3.1,g
529,Cholesterol,0,mg
529,Vitamin A,42.4,mcg
529,Vitamin B1,0,mg
529,Vitamin B2,0,mg
529,Vitamin B3,0.2,mg
529,Vitamin C,1.4,mg
529,Folic Acid,1.4,mcg
529,Calcium,4.9,mg
529,Iron,0.1,mg
529,Magnesium,0,mg
529,Phosphorus,0,mg
529,Sodium,7.4,mg
529,Potassium,24.4,mg
529,Zinc,0.1,mg
530,Energy,155,cal
530,Protein,0.7,g
530,Carbohydrates,27.6,g
530,Fiber,1.1,g
530,Fat,3.4,g
530,Cholesterol,10,mg
530,Sodium,55,mg
531,Energy,104,cal
531,Protein,2.5,g
531,Carbohydrates,23.2,g
531,Fiber,2.4,g
531,Fat,0.4,g
531,Cholesterol,0,mg
531,Sodium,9.3,mg
532,Energy,45,cal
532,Protein,0.3,g
532,Carbohydrates,11,g
532,Fiber,0.1,g
532,Fat,0,g
532,Cholesterol,0,mg
532,Sodium,72.7,mg
533,Energy,337,cal
533,Protein,4.1,g
533,Carbohydrates,74.4,g
533,Fiber,4.9,g
533,Fat,2.1,g
533,Cholesterol,3.2,mg
533,Sodium,102.6,mg
534,Energy,337,cal
534,Protein,4.1,g
534,Carbohydrates,74.4,g
534,Fiber,4.9,g
534,Fat,2.1,g
534,Cholesterol,3.2,mg
534,Sodium,102.6,mg
535,Energy,307,cal
535,Protein,5.8,g
535,Carbohydrates,50.1,g
535,Fiber,2.3,g
535,Fat,6.9,g
535,Cholesterol,16,mg
535,Sodium,65.4,mg
536,Energy,232,cal
536,Protein,5.4,g
536,Carbohydrates,35.2,g
536,Fiber,2.4,g
536,Fat,7.8,g
536,Cholesterol,0,mg
536,Vitamin A,376.8,mcg
536,Vitamin B1,0.1,mg
536,Vitamin B2,0.1,mg
536,Vitamin B3,0.4,mg
536,Vitamin C,6.9,mg
536,Folic Acid,6.3,mcg
536,Calcium,34.9,mg
536,Iron,0.9,mg
536,Magnesium,0,mg
536,Phosphorus,0,mg
536,Sodium,151,mg
536,Potassium,75.2,mg
536,Zinc,0.3,mg
537,Energy,375,cal
537,Protein,10.5,g
537,Carbohydrates,58,g
537,Fiber,5.9,g
537,Fat,11.7,g
537,Cholesterol,0,mg
537,Sodium,35.4,mg
538,Energy,413,cal
538,Protein,10.5,g
538,Carbohydrates,62.5,g
538,Fiber,6.4,g
538,Fat,12.3,g
538,Cholesterol,16,mg
538,Sodium,57.6,mg
539,Energy,413,cal
539,Protein,10.5,g
539,Carbohydrates,62.5,g
539,Fiber,6.4,g
539,Fat,12.3,g
539,Cholesterol,16,mg
539,Sodium,57.6,mg
540,Energy,165,cal
540,Protein,3.4,g
540,Carbohydrates,31.9,g
540,Fiber,3.6,g
540,Fat,3.1,g
540,Cholesterol,0,mg
540,Sodium,17.9,mg
541,Energy,211,cal
541,Protein,1.3,g
541,Carbohydrates,13.4,g
541,Fiber,0.5,g
541,Fat,16.9,g
541,Cholesterol,0,mg
541,Vitamin A,178.8,mcg
541,Vitamin B1,0,mg
541,Vitamin B2,0,mg
541,Vitamin B3,0.2,mg
541,Vitamin C,23,mg
541,Folic Acid,15.7,mcg
541,Calcium,9.6,mg
541,Iron,6,mg
541,Magnesium,0,mg
541,Phosphorus,0,mg
541,Sodium,14.4,mg
541,Potassium,185.3,mg
541,Zinc,0,mg
542,Energy,69,cal
542,Protein,1,g
542,Carbohydrates,10.1,g
542,Fiber,0.4,g
542,Fat,2.6,g
542,Cholesterol,0,mg
542,Vitamin A,44.1,mcg
542,Vitamin B1,0,mg
542,Vitamin B2,0,mg
542,Vitamin B3,0.1,mg
542,Vitamin C,17.3,mg
542,Folic Acid,11.8,mcg
542,Calcium,7.2,mg
542,Iron,4.5,mg
542,Magnesium,0,mg
542,Phosphorus,0,mg
542,Sodium,10.8,mg
542,Potassium,139,mg
542,Zinc,0,mg
543,Energy,46,cal
543,Protein,1,g
543,Carbohydrates,10.1,g
543,Fiber,0.4,g
543,Fat,0.1,g
543,Cholesterol,0,mg
543,Vitamin A,21.6,mcg
543,Vitamin B1,0,mg
543,Vitamin B2,0,mg
543,Vitamin B3,0.1,mg
543,Vitamin C,17.3,mg
543,Folic Acid,11.8,mcg
543,Calcium,7.2,mg
543,Iron,4.5,mg
543,Magnesium,0,mg
543,Phosphorus,0,mg
543,Sodium,10.8,mg
543,Potassium,139,mg
543,Zinc,0,mg
544,Energy,540,cal
544,Protein,7.7,g
544,Carbohydrates,91.9,g
544,Fiber,3,g
544,Fat,14.9,g
544,Cholesterol,5.3,mg
544,Sodium,30.3,mg
545,Energy,91,cal
545,Protein,2.4,g
545,Carbohydrates,10.2,g
545,Fiber,0.4,g
545,Fat,3.3,g
545,Cholesterol,8,mg
545,Sodium,18.2,mg
546,Energy,283,cal
546,Protein,3.1,g
546,Carbohydrates,32.8,g
546,Fiber,5.1,g
546,Fat,15.5,g
546,Cholesterol,0,mg
546,Sodium,38.9,mg
547,Energy,188,cal
547,Protein,3.1,g
547,Carbohydrates,28.9,g
547,Fiber,3.5,g
547,Fat,6.9,g
547,Cholesterol,6.7,mg
547,Sodium,34.2,mg
548,Energy,24,cal
548,Protein,0.3,g
548,Carbohydrates,5.4,g
548,Fiber,0.4,g
548,Fat,0.1,g
548,Cholesterol,0.1,mg
548,Sodium,5.6,mg
549,Energy,145,cal
549,Protein,2.4,g
549,Carbohydrates,22.1,g
549,Fiber,1.5,g
549,Fat,5.2,g
549,Cholesterol,0,mg
549,Vitamin A,60,mcg
549,Vitamin B1,0,mg
549,Vitamin B2,0,mg
549,Vitamin B3,0.5,mg
549,Vitamin C,1.2,mg
549,Folic Acid,7.5,mcg
549,Calcium,11.7,mg
549,Iron,0.3,mg
549,Magnesium,0,mg
549,Phosphorus,0,mg
549,Sodium,8.1,mg
549,Potassium,52.8,mg
549,Zinc,0.3,mg
550,Energy,145,cal
550,Protein,2.4,g
550,Carbohydrates,22.1,g
550,Fiber,1.5,g
550,Fat,5.2,g
550,Cholesterol,0,mg
550,Vitamin A,60,mcg
550,Vitamin B1,0,mg
550,Vitamin B2,0,mg
550,Vitamin B3,0.5,mg
550,Vitamin C,1.2,mg
550,Folic Acid,7.5,mcg
550,Calcium,11.7,mg
550,Iron,0.3,mg
550,Magnesium,0,mg
550,Phosphorus,0,mg
550,Sodium,8.1,mg
550,Potassium,52.8,mg
550,Zinc,0.3,mg
551,Energy,149,calories
551,Protein,1.8,gm
551,Carbohydrates,15,gm
551,Fat,9.1,gm
551,Vitamin A,233.2,mcg
551,Potassium,18,mg
551,Fibre,0.3,gm
552,Energy,166,cal
552,Protein,1.4,g
552,Carbohydrates,17,g
552,Fiber,0.3,g
552,Fat,10.2,g
552,Cholesterol,24,mg
552,Sodium,168.4,mg
553,Energy,251,cal
553,Protein,5.6,g
553,Carbohydrates,31.6,g
553,Fiber,3.2,g
553,Fat,11.3,g
553,Cholesterol,11,mg
553,Sodium,39.9,mg
554,Energy,251,cal
554,Protein,5.6,g
554,Carbohydrates,31.6,g
554,Fiber,3.2,g
554,Fat,11.3,g
554,Cholesterol,11,mg
554,Sodium,39.9,mg
555,Energy,272,cal
555,Protein,6.3,g
555,Carbohydrates,34.8,g
555,Fiber,0.8,g
555,Fat,8.8,g
555,Cholesterol,21.3,mg
555,Sodium,41.8,mg
556,Energy,272,cal
556,Protein,6.3,g
556,Carbohydrates,34.8,g
556,Fiber,0.8,g
556,Fat,8.8,g
556,Cholesterol,21.3,mg
556,Sodium,41.8,mg
557,Energy,272,cal
557,Protein,6.3,g
557,Carbohydrates,34.8,g
557,Fiber,0.8,g
557,Fat,8.8,g
557,Cholesterol,21.3,mg
557,Sodium,41.8,mg
558,Energy,272,cal
558,Protein,6.3,g
558,Carbohydrates,34.8,g
558,Fiber,0.8,g
558,Fat,8.8,g
558,Cholesterol,21.3,mg
558,Sodium,41.8,mg
559,Energy,35,cal
559,Protein,0.9,g
559,Carbohydrates,4.8,g
559,Fiber,0.1,g
559,Fat,1.7,g
559,Cholesterol,5,mg
559,Sodium,217.8,mg
560,Energy,45,cal
560,Protein,1.2,g
560,Carbohydrates,5.5,g
560,Fiber,0,g
560,Fat,2.4,g
560,Cholesterol,7.5,mg
560,Sodium,132.9,mg
563,Energy,214,cal
563,Protein,11.3,g
563,Carbohydrates,34.9,g
563,Fiber,3.8,g
563,Fat,3.2,g
563,Cholesterol,0,mg
563,Sodium,11.9,mg
564,Energy,260,cal
564,Protein,6.1,g
564,Carbohydrates,29.1,g
564,Fiber,3.8,g
564,Fat,9.3,g
564,Cholesterol,0,mg
564,Sodium,19.8,mg
565,Energy,42,cal
565,Protein,1.6,g
565,Carbohydrates,8.6,g
565,Fiber,0.6,g
565,Fat,0.1,g
565,Cholesterol,0,mg
565,Sodium,2.3,mg
566,Energy,110,cal
566,Protein,3.5,g
566,Carbohydrates,17.7,g
566,Fiber,2.5,g
566,Fat,3,g
566,Cholesterol,0,mg
566,Sodium,9.6,mg
567,Energy,148,cal
567,Protein,7.4,g
567,Carbohydrates,25.8,g
567,Fiber,3.6,g
567,Fat,1.7,g
567,Cholesterol,0,mg
567,Sodium,14.1,mg
568,Energy,148,cal
568,Protein,7.4,g
568,Carbohydrates,25.8,g
568,Fiber,3.6,g
568,Fat,1.7,g
568,Cholesterol,0,mg
568,Sodium,14.1,mg
569,Energy,40,cal
569,Protein,1.4,g
569,Carbohydrates,8.4,g
569,Fiber,0.5,g
569,Fat,0.2,g
569,Cholesterol,0,mg
569,Sodium,1.1,mg
570,Energy,40,cal
570,Protein,1.4,g
570,Carbohydrates,8.4,g
570,Fiber,0.5,g
570,Fat,0.2,g
570,Cholesterol,0,mg
570,Sodium,1.1,mg
571,Energy,45,cal
571,Protein,1.1,g
571,Carbohydrates,9.9,g
571,Fiber,1.7,g
571,Fat,0.1,g
571,Cholesterol,0,mg
571,Vitamin A,353.6,mcg
571,Vitamin B1,0.1,mg
571,Vitamin B2,0,mg
571,Vitamin B3,0.6,mg
571,Vitamin C,19.9,mg
571,Folic Acid,17.1,mcg
571,Calcium,35.9,mg
571,Iron,0.6,mg
571,Magnesium,0,mg
571,Phosphorus,0,mg
571,Sodium,11,mg
571,Potassium,130.7,mg
571,Zinc,0.3,mg
572,Energy,79,cal
572,Protein,0,g
572,Carbohydrates,8.5,g
572,Fiber,0,g
572,Fat,4.9,g
572,Cholesterol,15.2,mg
572,Sodium,50.2,mg
573,Energy,222,cal
573,Protein,8.3,g
573,Carbohydrates,25.4,g
573,Fiber,6.4,g
573,Fat,9.7,g
573,Cholesterol,0,mg
573,Sodium,32.8,mg
574,Energy,1613,cal
574,Protein,46.6,g
574,Carbohydrates,129.2,g
574,Fiber,1,g
574,Fat,77.1,g
574,Cholesterol,190,mg
574,Sodium,391.2,mg
575,Energy,1613,cal
575,Protein,46.6,g
575,Carbohydrates,129.2,g
575,Fiber,1,g
575,Fat,77.1,g
575,Cholesterol,190,mg
575,Sodium,391.2,mg
576,Energy,446,cal
576,Protein,2.5,g
576,Carbohydrates,42.4,g
576,Fiber,3.3,g
576,Fat,35,g
576,Cholesterol,0,mg
576,Sodium,758.3,mg
577,Energy,152,cal
577,Protein,5.8,g
577,Carbohydrates,11.7,g
577,Fiber,1.4,g
577,Fat,6.7,g
577,Cholesterol,16,mg
577,Sodium,32.1,mg
578,Energy,152,cal
578,Protein,5.8,g
578,Carbohydrates,11.7,g
578,Fiber,1.4,g
578,Fat,6.7,g
578,Cholesterol,16,mg
578,Sodium,32.1,mg
579,Energy,152,cal
579,Protein,5.8,g
579,Carbohydrates,11.7,g
579,Fiber,1.4,g
579,Fat,6.7,g
579,Cholesterol,16,mg
579,Sodium,32.1,mg
580,Energy,152,cal
580,Protein,5.8,g
580,Carbohydrates,11.7,g
580,Fiber,1.4,g
580,Fat,6.7,g
580,Cholesterol,16,mg
580,Sodium,32.1,mg
581,Energy,152,cal
581,Protein,5.8,g
581,Carbohydrates,11.7,g
581,Fiber,1.4,g
581,Fat,6.7,g
581,Cholesterol,16,mg
581,Sodium,32.1,mg
582,Energy,152,cal
582,Protein,5.8,g
582,Carbohydrates,11.7,g
582,Fiber,1.4,g
582,Fat,6.7,g
582,Cholesterol,16,mg
582,Sodium,32.1,mg
583,Energy,152,cal
583,Protein,5.8,g
583,Carbohydrates,11.7,g
583,Fiber,1.4,g
583,Fat,6.7,g
583,Cholesterol,16,mg
583,Sodium,32.1,mg
584,Energy,250,cal
584,Protein,3.5,g
584,Carbohydrates,13.5,g
584,Fiber,3.1,g
584,Fat,20.1,g
584,Cholesterol,20,mg
584,Sodium,89.8,mg
585,Energy,250,cal
585,Protein,3.5,g
585,Carbohydrates,13.5,g
585,Fiber,3.1,g
585,Fat,20.1,g
585,Cholesterol,20,mg
585,Sodium,89.8,mg
586,Energy,250,cal
586,Protein,3.5,g
586,Carbohydrates,13.5,g
586,Fiber,3.1,g
586,Fat,20.1,g
586,Cholesterol,20,mg
586,Sodium,89.8,mg
587,Energy,250,cal
587,Protein,3.5,g
587,Carbohydrates,13.5,g
587,Fiber,3.1,g
587,Fat,20.1,g
587,Cholesterol,20,mg
587,Sodium,89.8,mg
588,Energy,250,cal
588,Protein,3.5,g
588,Carbohydrates,13.5,g
588,Fiber,3.1,g
588,Fat,20.1,g
588,Cholesterol,20,mg
588,Sodium,89.8,mg
589,Energy,250,cal
589,Protein,3.5,g
589,Carbohydrates,13.5,g
589,Fiber,3.1,g
589,Fat,20.1,g
589,Cholesterol,20,mg
589,Sodium,89.8,mg
590,Energy,250,cal
590,Protein,3.5,g
590,Carbohydrates,13.5,g
590,Fiber,3.1,g
590,Fat,20.1,g
590,Cholesterol,20,mg
590,Sodium,89.8,mg
591,Energy,250,cal
591,Protein,3.5,g
591,Carbohydrates,13.5,g
591,Fiber,3.1,g
591,Fat,20.1,g
591,Cholesterol,20,mg
591,Sodium,89.8,mg
592,Energy,93,cal
592,Protein,2,g
592,Carbohydrates,19.4,g
592,Fiber,3.1,g
592,Fat,0.9,g
592,Cholesterol,0,mg
592,Sodium,3,mg
593,Energy,33,cal
593,Protein,0.3,g
593,Carbohydrates,2.2,g
593,Fiber,0,g
593,Fat,2.5,g
593,Cholesterol,0,mg
593,Vitamin A,23.2,mcg
593,Vitamin B1,0,mg
593,Vitamin B2,0,mg
593,Vitamin B3,0.1,mg
593,Vitamin C,0,mg
593,Folic Acid,0.6,mcg
593,Calcium,1,mg
593,Iron,0.1,mg
593,Magnesium,0,mg
593,Phosphorus,0,mg
593,Sodium,0.3,mg
593,Potassium,4.3,mg
593,Zinc,0,mg
594,Energy,33,cal
594,Protein,0.3,g
594,Carbohydrates,2.2,g
594,Fiber,0,g
594,Fat,2.5,g
594,Cholesterol,0,mg
594,Vitamin A,23.2,mcg
594,Vitamin B1,0,mg
594,Vitamin B2,0,mg
594,Vitamin B3,0.1,mg
594,Vitamin C,0,mg
594,Folic Acid,0.6,mcg
594,Calcium,1,mg
594,Iron,0.1,mg
594,Magnesium,0,mg
594,Phosphorus,0,mg
594,Sodium,0.3,mg
594,Potassium,4.3,mg
594,Zinc,0,mg
595,Energy,424,cal
595,Protein,7.4,g
595,Carbohydrates,49.4,g
595,Fiber,0.1,g
595,Fat,21.7,g
595,Cholesterol,55.3,mg
595,Sodium,287.6,mg
597,Energy,143,cal
597,Protein,7.1,g
597,Carbohydrates,19.1,g
597,Fiber,3.1,g
597,Fat,4.3,g
597,Cholesterol,0,mg
597,Sodium,11.2,mg
598,Energy,235,cal
598,Protein,13.7,g
598,Carbohydrates,32.6,g
598,Fiber,6.2,g
598,Fat,4.9,g
598,Cholesterol,4,mg
598,Sodium,26.5,mg
599,Energy,218,cal
599,Protein,4.2,g
599,Carbohydrates,22,g
599,Fiber,0.2,g
599,Fat,10.7,g
599,Cholesterol,13.3,mg
599,Sodium,21.7,mg
600,Energy,218,cal
600,Protein,4.2,g
600,Carbohydrates,22,g
600,Fiber,0.2,g
600,Fat,10.7,g
600,Cholesterol,13.3,mg
600,Sodium,21.7,mg
601,Energy,218,cal
601,Protein,4.2,g
601,Carbohydrates,22,g
601,Fiber,0.2,g
601,Fat,10.7,g
601,Cholesterol,13.3,mg
601,Sodium,21.7,mg
602,Energy,69,cal
602,Protein,1.3,g
602,Carbohydrates,15.6,g
602,Fiber,2,g
602,Fat,0.1,g
602,Cholesterol,0,mg
602,Vitamin A,18,mcg
602,Vitamin B1,0.1,mg
602,Vitamin B2,0,mg
602,Vitamin B3,0.8,mg
602,Vitamin C,18.5,mg
602,Folic Acid,11.3,mcg
602,Calcium,30.3,mg
602,Iron,0.7,mg
602,Magnesium,0,mg
602,Phosphorus,0,mg
602,Sodium,7.3,mg
602,Potassium,193.8,mg
602,Zinc,0.5,mg
603,Energy,69,cal
603,Protein,1.3,g
603,Carbohydrates,15.6,g
603,Fiber,2,g
603,Fat,0.1,g
603,Cholesterol,0,mg
603,Vitamin A,18,mcg
603,Vitamin B1,0.1,mg
603,Vitamin B2,0,mg
603,Vitamin B3,0.8,mg
603,Vitamin C,18.5,mg
603,Folic Acid,11.3,mcg
603,Calcium,30.3,mg
603,Iron,0.7,mg
603,Magnesium,0,mg
603,Phosphorus,0,mg
603,Sodium,7.3,mg
603,Potassium,193.8,mg
603,Zinc,0.5,mg
604,Energy,69,cal
604,Protein,1.3,g
604,Carbohydrates,15.6,g
604,Fiber,2,g
604,Fat,0.1,g
604,Cholesterol,0,mg
604,Vitamin A,18,mcg
604,Vitamin B1,0.1,mg
604,Vitamin B2,0,mg
604,Vitamin B3,0.8,mg
604,Vitamin C,18.5,mg
604,Folic Acid,11.3,mcg
604,Calcium,30.3,mg
604,Iron,0.7,mg
604,Magnesium,0,mg
604,Phosphorus,0,mg
604,Sodium,7.3,mg
604,Potassium,193.8,mg
604,Zinc,0.5,mg
605,Energy,512,cal
605,Protein,11.8,g
605,Carbohydrates,72.5,g
605,Fiber,2.2,g
605,Fat,20.2,g
605,Cholesterol,0,mg
605,Vitamin A,248.8,mcg
605,Vitamin B1,0.8,mg
605,Vitamin B2,0.4,mg
605,Vitamin B3,5.4,mg
605,Vitamin C,12.1,mg
605,Folic Acid,43.7,mcg
605,Calcium,39,mg
605,Iron,3.6,mg
605,Magnesium,0,mg
605,Phosphorus,0,mg
605,Sodium,13.3,mg
605,Potassium,305.3,mg
605,Zinc,1.3,mg
606,Energy,19,cal
606,Protein,0.1,g
606,Carbohydrates,0.8,g
606,Fiber,0,g
606,Fat,1.7,g
606,Cholesterol,0,mg
606,Sodium,195.7,mg
608,Energy,91,cal
608,Protein,2.7,g
608,Carbohydrates,13.6,g
608,Fiber,1.6,g
608,Fat,2.8,g
608,Cholesterol,0,mg
608,Vitamin A,182,mcg
608,Vitamin B1,0.1,mg
608,Vitamin B2,0.1,mg
608,Vitamin B3,1.1,mg
608,Vitamin C,8.5,mg
608,Folic Acid,7.9,mcg
608,Calcium,23.3,mg
608,Iron,0.9,mg
608,Magnesium,0,mg
608,Phosphorus,0,mg
608,Sodium,9.2,mg
608,Potassium,73.3,mg
608,Zinc,0.3,mg
609,Energy,122,cal
609,Protein,0.6,g
609,Carbohydrates,1.1,g
609,Fiber,0.2,g
609,Fat,12.8,g
609,Cholesterol,0,mg
609,Sodium,193.9,mg
612,Energy,63,cal
612,Protein,1.2,g
612,Carbohydrates,8.5,g
612,Fiber,1.5,g
612,Fat,2.7,g
612,Cholesterol,0,mg
612,Sodium,15.5,mg
613,Energy,106,cal
613,Protein,1.9,g
613,Carbohydrates,16.1,g
613,Fiber,1.4,g
613,Fat,4,g
613,Cholesterol,0,mg
613,Sodium,8.1,mg
614,Energy,106,cal
614,Protein,1.9,g
614,Carbohydrates,16.1,g
614,Fiber,1.4,g
614,Fat,4,g
614,Cholesterol,0,mg
614,Sodium,8.1,mg
615,Energy,234,cal
615,Protein,3.4,g
615,Carbohydrates,42.5,g
615,Fiber,1,g
615,Fat,5.6,g
615,Cholesterol,0,mg
615,Sodium,8.8,mg
616,Energy,234,cal
616,Protein,3.4,g
616,Carbohydrates,42.5,g
616,Fiber,1,g
616,Fat,5.6,g
616,Cholesterol,0,mg
616,Sodium,8.8,mg
617,Energy,234,cal
617,Protein,3.4,g
617,Carbohydrates,42.5,g
617,Fiber,1,g
617,Fat,5.6,g
617,Cholesterol,0,mg
617,Sodium,8.8,mg
618,Energy,156,cal
618,Protein,3.7,g
618,Carbohydrates,15.2,g
618,Fiber,2.9,g
618,Fat,9,g
618,Cholesterol,0,mg
618,Sodium,14.2,mg
619,Energy,156,cal
619,Protein,3.7,g
619,Carbohydrates,15.2,g
619,Fiber,2.9,g
619,Fat,9,g
619,Cholesterol,0,mg
619,Sodium,14.2,mg
620,Energy,156,cal
620,Protein,3.7,g
620,Carbohydrates,15.2,g
620,Fiber,2.9,g
620,Fat,9,g
620,Cholesterol,0,mg
620,Sodium,14.2,mg
621,Energy,156,cal
621,Protein,3.7,g
621,Carbohydrates,15.2,g
621,Fiber,2.9,g
621,Fat,9,g
621,Cholesterol,0,mg
621,Sodium,14.2,mg
622,Energy,159,cal
622,Protein,0.9,g
622,Carbohydrates,16.2,g
622,Fiber,1,g
622,Fat,10.1,g
622,Cholesterol,0,mg
622,Sodium,6.7,mg
623,Energy,243,cal
623,Protein,2,g
623,Carbohydrates,22.9,g
623,Fiber,2.1,g
623,Fat,16,g
623,Cholesterol,0,mg
623,Sodium,11.7,mg
624,Energy,63,cal
624,Protein,3.5,g
624,Carbohydrates,9.1,g
624,Fiber,5.3,g
624,Fat,1.4,g
624,Cholesterol,0,mg
624,Sodium,17,mg
625,Energy,63,cal
625,Protein,3.5,g
625,Carbohydrates,9.1,g
625,Fiber,5.3,g
625,Fat,1.4,g
625,Cholesterol,0,mg
625,Sodium,17,mg
626,Energy,134,cal
626,Protein,6.8,g
626,Carbohydrates,22.8,g
626,Fiber,7.1,g
626,Fat,1.7,g
626,Cholesterol,0,mg
626,Sodium,7,mg
628,Energy,116,cal
628,Protein,2.9,g
628,Carbohydrates,15.2,g
628,Fiber,4,g
628,Fat,5.3,g
628,Cholesterol,0,mg
628,Vitamin A,378.6,mcg
628,Vitamin B1,0.1,mg
628,Vitamin B2,0.1,mg
628,Vitamin B3,0.6,mg
628,Vitamin C,15.8,mg
628,Folic Acid,33,mcg
628,Calcium,51.8,mg
628,Iron,0.9,mg
628,Magnesium,0,mg
628,Phosphorus,0,mg
628,Sodium,187.8,mg
628,Potassium,200.8,mg
628,Zinc,0.6,mg
630,Energy,214,cal
630,Protein,9.5,g
630,Carbohydrates,27.1,g
630,Fiber,5.1,g
630,Fat,8.4,g
630,Cholesterol,18,mg
630,Sodium,465.1,mg
633,Energy,81,cal
633,Protein,2.9,g
633,Carbohydrates,15.6,g
633,Fiber,2.5,g
633,Fat,0.7,g
633,Cholesterol,0,mg
633,Vitamin A,495.6,mcg
633,Vitamin B1,0.1,mg
633,Vitamin B2,0,mg
633,Vitamin B3,0.3,mg
633,Vitamin C,51.1,mg
633,Folic Acid,10.4,mcg
633,Calcium,53.9,mg
633,Iron,1,mg
633,Magnesium,0,mg
633,Phosphorus,0,mg
633,Sodium,7.8,mg
633,Potassium,23.8,mg
633,Zinc,0.6,mg
634,Energy,81,cal
634,Protein,2.9,g
634,Carbohydrates,15.6,g
634,Fiber,2.5,g
634,Fat,0.7,g
634,Cholesterol,0,mg
634,Vitamin A,495.6,mcg
634,Vitamin B1,0.1,mg
634,Vitamin B2,0,mg
634,Vitamin B3,0.3,mg
634,Vitamin C,51.1,mg
634,Folic Acid,10.4,mcg
634,Calcium,53.9,mg
634,Iron,1,mg
634,Magnesium,0,mg
634,Phosphorus,0,mg
634,Sodium,7.8,mg
634,Potassium,23.8,mg
634,Zinc,0.6,mg
636,Energy,148,cal
636,Protein,21.2,g
636,Carbohydrates,13.4,g
636,Fiber,1,g
636,Fat,7.4,g
636,Cholesterol,19.3,mg
636,Sodium,242.5,mg
637,Energy,148,cal
637,Protein,21.2,g
637,Carbohydrates,13.4,g
637,Fiber,1,g
637,Fat,7.4,g
637,Cholesterol,19.3,mg
637,Sodium,242.5,mg
638,Energy,148,cal
638,Protein,21.2,g
638,Carbohydrates,13.4,g
638,Fiber,1,g
638,Fat,7.4,g
638,Cholesterol,19.3,mg
638,Sodium,242.5,mg
639,Energy,47,kcal
639,Protein,2.1,gm
639,Carbohydrates,6.5,gm
639,Fat,1.2,gm
639,Vitamin A,161.4,mcg
639,Vitamin C,50.6,mg
639,Calcium,18.5,mg
639,Iron,0.7,mg
639,Folic Acid,4.4,mcg
639,Fibre,2.3,gm
640,Energy,47,kcal
640,Protein,2.1,gm
640,Carbohydrates,6.5,gm
640,Fat,1.2,gm
640,Vitamin A,161.4,mcg
640,Vitamin C,50.6,mg
640,Calcium,18.5,mg
640,Iron,0.7,mg
640,Folic Acid,4.4,mcg
640,Fibre,2.3,gm
641,Energy,23,cal
641,Protein,0.8,g
641,Carbohydrates,3.8,g
641,Fiber,1.6,g
641,Fat,0.6,g
641,Cholesterol,0,mg
641,Vitamin A,109.4,mcg
641,Vitamin B1,0.1,mg
641,Vitamin B2,0,mg
641,Vitamin B3,0.2,mg
641,Vitamin C,31.9,mg
641,Folic Acid,2.4,mcg
641,Calcium,28.3,mg
641,Iron,0.6,mg
641,Magnesium,0,mg
641,Phosphorus,0,mg
641,Sodium,13.1,mg
641,Potassium,110.1,mg
641,Zinc,0.1,mg
650,Energy,178,cal
650,Protein,8.8,g
650,Carbohydrates,27.3,g
650,Fiber,8.9,g
650,Fat,3.7,g
650,Cholesterol,0,mg
650,Sodium,69.4,mg
651,Energy,178,cal
651,Protein,8.8,g
651,Carbohydrates,27.3,g
651,Fiber,8.9,g
651,Fat,3.7,g
651,Cholesterol,0,mg
651,Sodium,69.4,mg
652,Energy,136,cal
652,Protein,5.3,g
652,Carbohydrates,17.4,g
652,Fiber,3.3,g
652,Fat,5.4,g
652,Cholesterol,0,mg
652,Vitamin A,630.5,mcg
652,Vitamin B1,0.2,mg
652,Vitamin B2,0.1,mg
652,Vitamin B3,0.6,mg
652,Vitamin C,53.6,mg
652,Folic Acid,38.6,mcg
652,Calcium,104.1,mg
652,Iron,1.6,mg
652,Magnesium,0,mg
652,Phosphorus,0,mg
652,Sodium,95.2,mg
652,Potassium,198.2,mg
652,Zinc,0.7,mg
653,Energy,136,cal
653,Protein,5.3,g
653,Carbohydrates,17.4,g
653,Fiber,3.3,g
653,Fat,5.4,g
653,Cholesterol,0,mg
653,Vitamin A,630.5,mcg
653,Vitamin B1,0.2,mg
653,Vitamin B2,0.1,mg
653,Vitamin B3,0.6,mg
653,Vitamin C,53.6,mg
653,Folic Acid,38.6,mcg
653,Calcium,104.1,mg
653,Iron,1.6,mg
653,Magnesium,0,mg
653,Phosphorus,0,mg
653,Sodium,95.2,mg
653,Potassium,198.2,mg
653,Zinc,0.7,mg
654,Energy,121,cal
654,Protein,5.4,g
654,Carbohydrates,16.9,g
654,Fiber,5.4,g
654,Fat,3.6,g
654,Cholesterol,0,mg
654,Sodium,17.9,mg
655,Energy,48,cal
655,Protein,0.5,g
655,Carbohydrates,2.9,g
655,Fiber,1,g
655,Fat,3.8,g
655,Cholesterol,0,mg
655,Sodium,16.7,mg
656,Energy,48,cal
656,Protein,0.5,g
656,Carbohydrates,2.9,g
656,Fiber,1,g
656,Fat,3.8,g
656,Cholesterol,0,mg
656,Sodium,16.7,mg
657,Energy,134,kcal
657,Protein,4.8,gm
657,Carbohydrate,8.7,gm
657,Invisible Fat,6.6,gm
657,Fibre,1.5,gm
657,Vitamin A,575.8,mcg
657,Calcium,230.5,mg
658,Energy,38,cal
658,Protein,0.9,g
658,Carbohydrates,8.3,g
658,Fiber,3.4,g
658,Fat,0.1,g
658,Cholesterol,0,mg
658,Sodium,33.2,mg
659,Energy,77,cal
659,Protein,1.7,g
659,Carbohydrates,4.6,g
659,Fiber,1.8,g
659,Fat,5.6,g
659,Cholesterol,1.1,mg
659,Sodium,4.4,mg
660,Energy,81,cal
660,Protein,1.1,g
660,Carbohydrates,3.8,g
660,Fiber,2,g
660,Fat,6.8,g
660,Cholesterol,0,mg
660,Sodium,15,mg
661,Energy,92,cal
661,Protein,0.1,g
661,Carbohydrates,0.4,g
661,Fiber,0,g
661,Fat,10,g
661,Cholesterol,0,mg
661,Sodium,0,mg
662,Energy,26,cal
662,Protein,1,g
662,Carbohydrates,5.3,g
662,Fiber,2.1,g
662,Fat,0.1,g
662,Cholesterol,0,mg
662,Sodium,34.5,mg
666,Energy,143,cal
666,Protein,4.1,g
666,Carbohydrates,6.1,g
666,Fiber,1.7,g
666,Fat,10.5,g
666,Cholesterol,8,mg
666,Sodium,16.5,mg
667,Energy,84,cal
667,Protein,2.2,g
667,Carbohydrates,12.2,g
667,Fiber,0.3,g
667,Fat,2.8,g
667,Cholesterol,1.1,mg
667,Sodium,199.5,mg
668,Energy,84,cal
668,Protein,2.2,g
668,Carbohydrates,12.2,g
668,Fiber,0.3,g
668,Fat,2.8,g
668,Cholesterol,1.1,mg
668,Sodium,199.5,mg
669,Energy,43,cal
669,Protein,0.7,g
669,Carbohydrates,4.1,g
669,Fiber,0.3,g
669,Fat,2.6,g
669,Cholesterol,0,mg
669,Vitamin A,24.1,mcg
669,Vitamin B1,0,mg
669,Vitamin B2,0,mg
669,Vitamin B3,0.2,mg
669,Vitamin C,0.4,mg
669,Folic Acid,1.9,mcg
669,Calcium,3.4,mg
669,Iron,0.3,mg
669,Magnesium,0,mg
669,Phosphorus,0,mg
669,Sodium,3.6,mg
669,Potassium,18.8,mg
669,Zinc,0.2,mg
670,Energy,43,cal
670,Protein,0.7,g
670,Carbohydrates,4.1,g
670,Fiber,0.3,g
670,Fat,2.6,g
670,Cholesterol,0,mg
670,Vitamin A,24.1,mcg
670,Vitamin B1,0,mg
670,Vitamin B2,0,mg
670,Vitamin B3,0.2,mg
670,Vitamin C,0.4,mg
670,Folic Acid,1.9,mcg
670,Calcium,3.4,mg
670,Iron,0.3,mg
670,Magnesium,0,mg
670,Phosphorus,0,mg
670,Sodium,3.6,mg
670,Potassium,18.8,mg
670,Zinc,0.2,mg
671,Energy,101,cal
671,Protein,3.3,g
671,Carbohydrates,17,g
671,Fiber,3.4,g
671,Fat,2.5,g
671,Cholesterol,0,mg
671,Sodium,7.9,mg
672,Energy,188,cal
672,Protein,4.6,g
672,Carbohydrates,11,g
672,Fiber,1.5,g
672,Fat,12.2,g
672,Cholesterol,0,mg
672,Vitamin A,359.3,mcg
672,Vitamin B1,0.1,mg
672,Vitamin B2,0.1,mg
672,Vitamin B3,0.4,mg
672,Vitamin C,5,mg
672,Folic Acid,4.5,mcg
672,Calcium,171.6,mg
672,Iron,0.8,mg
672,Magnesium,0,mg
672,Phosphorus,0,mg
672,Sodium,92.2,mg
672,Potassium,100.5,mg
672,Zinc,0.4,mg
673,Energy,188,cal
673,Protein,4.6,g
673,Carbohydrates,11,g
673,Fiber,1.5,g
673,Fat,12.2,g
673,Cholesterol,0,mg
673,Vitamin A,359.3,mcg
673,Vitamin B1,0.1,mg
673,Vitamin B2,0.1,mg
673,Vitamin B3,0.4,mg
673,Vitamin C,5,mg
673,Folic Acid,4.5,mcg
673,Calcium,171.6,mg
673,Iron,0.8,mg
673,Magnesium,0,mg
673,Phosphorus,0,mg
673,Sodium,92.2,mg
673,Potassium,100.5,mg
673,Zinc,0.4,mg
674,Energy,28,cal
674,Protein,0.8,g
674,Carbohydrates,3.4,g
674,Fiber,1.2,g
674,Fat,1.3,g
674,Cholesterol,0,mg
674,Sodium,213.3,mg
675,Energy,28,cal
675,Protein,0.8,g
675,Carbohydrates,3.4,g
675,Fiber,1.2,g
675,Fat,1.3,g
675,Cholesterol,0,mg
675,Sodium,213.3,mg
677,Energy,188,cal
677,Protein,5.8,g
677,Carbohydrates,15.2,g
677,Fiber,4.4,g
677,Fat,12.3,g
677,Cholesterol,0,mg
677,Sodium,39.2,mg
678,Energy,114,cal
678,Protein,3.6,g
678,Carbohydrates,17.9,g
678,Fiber,3.2,g
678,Fat,3.2,g
678,Cholesterol,0,mg
678,Sodium,8.3,mg
679,Energy,114,cal
679,Protein,3.6,g
679,Carbohydrates,17.9,g
679,Fiber,3.2,g
679,Fat,3.2,g
679,Cholesterol,0,mg
679,Sodium,8.3,mg
680,Energy,114,cal
680,Protein,3.6,g
680,Carbohydrates,17.9,g
680,Fiber,3.2,g
680,Fat,3.2,g
680,Cholesterol,0,mg
680,Sodium,8.3,mg
681,Energy,291,cal
681,Protein,11.4,g
681,Carbohydrates,57.4,g
681,Fiber,6.2,g
681,Fat,1.7,g
681,Cholesterol,0,mg
681,Sodium,9.3,mg
682,Energy,291,cal
682,Protein,11.4,g
682,Carbohydrates,57.4,g
682,Fiber,6.2,g
682,Fat,1.7,g
682,Cholesterol,0,mg
682,Sodium,9.3,mg
683,Energy,109,cal
683,Protein,5.6,g
683,Carbohydrates,11.8,g
683,Fiber,6,g
683,Fat,4.1,g
683,Cholesterol,2,mg
683,Sodium,7.8,mg
684,Energy,85,cal
684,Protein,4.4,g
684,Carbohydrates,10.6,g
684,Fiber,6.3,g
684,Fat,2.8,g
684,Cholesterol,0,mg
684,Sodium,16.9,mg
685,Energy,420,cal
685,Protein,11.2,g
685,Carbohydrates,43.2,g
685,Fiber,0.5,g
685,Fat,17.3,g
685,Cholesterol,34,mg
685,Sodium,40.4,mg
686,Energy,219,cal
686,Protein,9.1,g
686,Carbohydrates,37.9,g
686,Fiber,6.7,g
686,Fat,3.3,g
686,Cholesterol,0,mg
686,Sodium,111.6,mg
687,Energy,211,cal
687,Protein,3.1,g
687,Carbohydrates,51.6,g
687,Fiber,0.9,g
687,Fat,15.2,g
687,Cholesterol,2,mg
687,Sodium,4,mg
688,Energy,122,cal
688,Protein,1.6,g
688,Carbohydrates,21,g
688,Fiber,0.9,g
688,Fat,6.8,g
688,Cholesterol,0,mg
688,Sodium,2.1,mg
689,Energy,36,cal
689,Protein,0.6,g
689,Carbohydrates,2.6,g
689,Fiber,1.2,g
689,Fat,2.6,g
689,Cholesterol,0,mg
689,Sodium,2.3,mg
690,Energy,59,cal
690,Protein,0.6,g
690,Carbohydrates,2.6,g
690,Fiber,1.2,g
690,Fat,5.1,g
690,Cholesterol,0,mg
690,Sodium,2.3,mg
691,Energy,125,cal
691,Protein,7.5,g
691,Carbohydrates,14.8,g
691,Fiber,3.9,g
691,Fat,3.7,g
691,Cholesterol,2,mg
691,Sodium,8.1,mg
692,Energy,13,cal
692,Protein,0.1,g
692,Carbohydrates,1.2,g
692,Fiber,0.3,g
692,Fat,0.8,g
692,Cholesterol,0,mg
692,Sodium,67,mg
693,Energy,15,cal
693,Protein,0.2,g
693,Carbohydrates,2.5,g
693,Fiber,0.3,g
693,Fat,0.5,g
693,Cholesterol,0,mg
693,Sodium,2.6,mg
694,Energy,87,cal
694,Protein,2,g
694,Carbohydrates,13.9,g
694,Fiber,1.1,g
694,Fat,2.6,g
694,Cholesterol,7.5,mg
694,Sodium,27.5,mg
695,Energy,58,cal
695,Protein,0.8,g
695,Carbohydrates,12.5,g
695,Fiber,2.3,g
695,Fat,0.5,g
695,Cholesterol,0,mg
695,Sodium,47.6,mg
696,Energy,58,cal
696,Protein,0.8,g
696,Carbohydrates,12.5,g
696,Fiber,2.3,g
696,Fat,0.5,g
696,Cholesterol,0,mg
696,Sodium,47.6,mg
697,Energy,98,cal
697,Protein,6,g
697,Carbohydrates,16,g
697,Fiber,5.2,g
697,Fat,1.2,g
697,Cholesterol,0,mg
697,Sodium,17.3,mg
698,Energy,272,cal
698,Protein,4.7,g
698,Carbohydrates,25.5,g
698,Fiber,2.6,g
698,Fat,16.7,g
698,Cholesterol,0,mg
698,Sodium,13.3,mg
699,Energy,272,cal
699,Protein,4.7,g
699,Carbohydrates,25.5,g
699,Fiber,2.6,g
699,Fat,16.7,g
699,Cholesterol,0,mg
699,Sodium,13.3,mg
700,Energy,272,cal
700,Protein,4.7,g
700,Carbohydrates,25.5,g
700,Fiber,2.6,g
700,Fat,16.7,g
700,Cholesterol,0,mg
700,Sodium,13.3,mg
701,Energy,236,cal
701,Protein,10.7,g
701,Carbohydrates,30.7,g
701,Fiber,7.9,g
701,Fat,7.9,g
701,Cholesterol,0,mg
701,Sodium,38.4,mg
702,Energy,439,cal
702,Protein,9.4,g
702,Carbohydrates,29.9,g
702,Fiber,6.7,g
702,Fat,31.3,g
702,Cholesterol,0,mg
702,Vitamin A,312.6,mcg
702,Vitamin B1,0.2,mg
702,Vitamin B2,0.1,mg
702,Vitamin B3,1.3,mg
702,Vitamin C,0.4,mg
702,Folic Acid,63.5,mcg
702,Calcium,25,mg
702,Iron,2.3,mg
702,Magnesium,0,mg
702,Phosphorus,0,mg
702,Sodium,31.4,mg
702,Potassium,312.5,mg
702,Zinc,0.8,mg
703,Energy,173,cal
703,Protein,5,g
703,Carbohydrates,23,g
703,Fiber,3.7,g
703,Fat,6.8,g
703,Cholesterol,0,mg
703,Sodium,17.7,mg
704,Energy,173,cal
704,Protein,5,g
704,Carbohydrates,23,g
704,Fiber,3.7,g
704,Fat,6.8,g
704,Cholesterol,0,mg
704,Sodium,17.7,mg
705,Energy,210,cal
705,Protein,7.9,g
705,Carbohydrates,22.5,g
705,Fiber,5.8,g
705,Fat,9.8,g
705,Cholesterol,0,mg
705,Sodium,27.5,mg
706,Energy,210,cal
706,Protein,7.9,g
706,Carbohydrates,22.5,g
706,Fiber,5.8,g
706,Fat,9.8,g
706,Cholesterol,0,mg
706,Sodium,27.5,mg
707,Energy,445,cal
707,Protein,8,g
707,Carbohydrates,55.1,g
707,Fiber,4.7,g
707,Fat,20.4,g
707,Cholesterol,6,mg
707,Sodium,29.6,mg
708,Energy,177,cal
708,Protein,4.3,g
708,Carbohydrates,21.9,g
708,Fiber,2.9,g
708,Fat,7.9,g
708,Cholesterol,1.2,mg
708,Sodium,12.5,mg
709,Energy,177,cal
709,Protein,4.3,g
709,Carbohydrates,21.9,g
709,Fiber,2.9,g
709,Fat,7.9,g
709,Cholesterol,1.2,mg
709,Sodium,12.5,mg
710,Energy,105,cal
710,Protein,0.8,g
710,Carbohydrates,8.2,g
710,Fiber,0,g
710,Fat,7.6,g
710,Cholesterol,0,mg
710,Vitamin A,68.4,mcg
710,Vitamin B1,0,mg
710,Vitamin B2,0,mg
710,Vitamin B3,0.5,mg
710,Vitamin C,0,mg
710,Folic Acid,0,mcg
710,Calcium,2.6,mg
710,Iron,0.7,mg
710,Magnesium,0,mg
710,Phosphorus,0,mg
710,Sodium,0,mg
710,Potassium,0,mg
710,Zinc,0,mg
711,Energy,125,cal
711,Protein,7.5,g
711,Carbohydrates,19.1,g
711,Fiber,4.1,g
711,Fat,2.1,g
711,Cholesterol,0,mg
711,Sodium,17.8,mg
712,Energy,125,cal
712,Protein,7.5,g
712,Carbohydrates,19.1,g
712,Fiber,4.1,g
712,Fat,2.1,g
712,Cholesterol,0,mg
712,Sodium,17.8,mg
713,Energy,125,cal
713,Protein,7.5,g
713,Carbohydrates,19.1,g
713,Fiber,4.1,g
713,Fat,2.1,g
713,Cholesterol,0,mg
713,Sodium,17.8,mg
714,Energy,125,cal
714,Protein,7.5,g
714,Carbohydrates,19.1,g
714,Fiber,4.1,g
714,Fat,2.1,g
714,Cholesterol,0,mg
714,Sodium,17.8,mg
715,Energy,125,cal
715,Protein,7.5,g
715,Carbohydrates,19.1,g
715,Fiber,4.1,g
715,Fat,2.1,g
715,Cholesterol,0,mg
715,Sodium,17.8,mg
716,Energy,113,cal
716,Protein,2.6,g
716,Carbohydrates,15.7,g
716,Fiber,2.6,g
716,Fat,4.7,g
716,Cholesterol,0,mg
716,Sodium,4.3,mg
717,Energy,113,cal
717,Protein,2.6,g
717,Carbohydrates,15.7,g
717,Fiber,2.6,g
717,Fat,4.7,g
717,Cholesterol,0,mg
717,Sodium,4.3,mg
718,Energy,177,cal
718,Protein,3.1,g
718,Carbohydrates,8.5,g
718,Fiber,5.7,g
718,Fat,14.9,g
718,Cholesterol,0,mg
718,Sodium,5.9,mg
719,Energy,221,cal
719,Protein,4.6,g
719,Carbohydrates,21.3,g
719,Fiber,8.6,g
719,Fat,13.6,g
719,Cholesterol,0,mg
719,Sodium,8.9,mg
720,Energy,221,cal
720,Protein,4.6,g
720,Carbohydrates,21.3,g
720,Fiber,8.6,g
720,Fat,13.6,g
720,Cholesterol,0,mg
720,Sodium,8.9,mg
721,Energy,221,cal
721,Protein,4.6,g
721,Carbohydrates,21.3,g
721,Fiber,8.6,g
721,Fat,13.6,g
721,Cholesterol,0,mg
721,Sodium,8.9,mg
722,Energy,221,cal
722,Protein,4.6,g
722,Carbohydrates,21.3,g
722,Fiber,8.6,g
722,Fat,13.6,g
722,Cholesterol,0,mg
722,Sodium,8.9,mg
723,Energy,221,cal
723,Protein,4.6,g
723,Carbohydrates,21.3,g
723,Fiber,8.6,g
723,Fat,13.6,g
723,Cholesterol,0,mg
723,Sodium,8.9,mg
724,Energy,221,cal
724,Protein,4.6,g
724,Carbohydrates,21.3,g
724,Fiber,8.6,g
724,Fat,13.6,g
724,Cholesterol,0,mg
724,Sodium,8.9,mg
725,Energy,221,cal
725,Protein,4.6,g
725,Carbohydrates,21.3,g
725,Fiber,8.6,g
725,Fat,13.6,g
725,Cholesterol,0,mg
725,Sodium,8.9,mg
726,Energy,50,kcal
726,Protein,1.4,gm
726,Carbohydrtae,7.8,gm
726,Fat,1.5,gm
726,Fibre,3.7,gm
727,Energy,50,kcal
727,Protein,1.4,gm
727,Carbohydrtae,7.8,gm
727,Fat,1.5,gm
727,Fibre,3.7,gm
728,Energy,50,kcal
728,Protein,1.4,gm
728,Carbohydrtae,7.8,gm
728,Fat,1.5,gm
728,Fibre,3.7,gm
729,Energy,50,kcal
729,Protein,1.4,gm
729,Carbohydrtae,7.8,gm
729,Fat,1.5,gm
729,Fibre,3.7,gm
731,Energy,348,cal
731,Protein,12.3,g
731,Carbohydrates,52.8,g
731,Fiber,8.1,g
731,Fat,9.4,g
731,Cholesterol,2,mg
731,Sodium,29.5,mg
732,Energy,204,cal
732,Protein,3.3,g
732,Carbohydrates,20.6,g
732,Fiber,0.1,g
732,Fat,11.9,g
732,Cholesterol,4.8,mg
732,Sodium,16.1,mg
733,Energy,209,cal
733,Protein,3.2,g
733,Carbohydrates,21.5,g
733,Fiber,0.1,g
733,Fat,12.1,g
733,Cholesterol,0.6,mg
733,Sodium,3.3,mg
734,Energy,9,cal
734,Protein,0,g
734,Carbohydrates,0,g
734,Fiber,0,g
734,Fat,1,g
734,Cholesterol,0,mg
734,Sodium,0,mg
735,Energy,76,cal
735,Protein,0.3,g
735,Carbohydrates,1.5,g
735,Fiber,0.1,g
735,Fat,7.7,g
735,Cholesterol,0,mg
735,Sodium,0.1,mg
736,Energy,76,cal
736,Protein,0.3,g
736,Carbohydrates,1.5,g
736,Fiber,0.1,g
736,Fat,7.7,g
736,Cholesterol,0,mg
736,Sodium,0.1,mg
737,Energy,76,cal
737,Protein,0.3,g
737,Carbohydrates,1.5,g
737,Fiber,0.1,g
737,Fat,7.7,g
737,Cholesterol,0,mg
737,Sodium,0.1,mg
738,Energy,467,cal
738,Protein,11.8,g
738,Carbohydrates,60,g
738,Fiber,6.7,g
738,Fat,19.9,g
738,Cholesterol,0,mg
738,Sodium,34.9,mg
739,Energy,467,cal
739,Protein,11.8,g
739,Carbohydrates,60,g
739,Fiber,6.7,g
739,Fat,19.9,g
739,Cholesterol,0,mg
739,Sodium,34.9,mg
740,Energy,124,cal
740,Protein,1.8,g
740,Carbohydrates,6.1,g
740,Fiber,3.4,g
740,Fat,10.2,g
740,Cholesterol,0,mg
740,Sodium,7.6,mg
741,Energy,124,cal
741,Protein,1.8,g
741,Carbohydrates,6.1,g
741,Fiber,3.4,g
741,Fat,10.2,g
741,Cholesterol,0,mg
741,Sodium,7.6,mg
742,Energy,124,cal
742,Protein,1.8,g
742,Carbohydrates,6.1,g
742,Fiber,3.4,g
742,Fat,10.2,g
742,Cholesterol,0,mg
742,Sodium,7.6,mg
743,Energy,120,cal
743,Protein,3.6,g
743,Carbohydrates,10.1,g
743,Fiber,3.4,g
743,Fat,6.4,g
743,Cholesterol,6,mg
743,Sodium,14.2,mg
744,Energy,663,cal
744,Protein,14.7,g
744,Carbohydrates,28.2,g
744,Fiber,16.3,g
744,Fat,54.6,g
744,Cholesterol,0,mg
744,Vitamin A,1237.5,mcg
744,Vitamin B1,0.5,mg
744,Vitamin B2,0.3,mg
744,Vitamin B3,8.5,mg
744,Vitamin C,47.7,mg
744,Folic Acid,261.9,mcg
744,Calcium,213.6,mg
744,Iron,2.3,mg
744,Magnesium,0,mg
744,Phosphorus,0,mg
744,Sodium,23.6,mg
744,Potassium,277.9,mg
744,Zinc,2.3,mg
745,Energy,166,cal
745,Protein,1.4,g
745,Carbohydrates,6,g
745,Fiber,2.4,g
745,Fat,15.1,g
745,Cholesterol,0,mg
745,Sodium,5,mg
746,Energy,516,cal
746,Protein,5.6,g
746,Carbohydrates,18.2,g
746,Fiber,14.6,g
746,Fat,46.8,g
746,Cholesterol,0,mg
746,Vitamin A,144.1,mcg
746,Vitamin B1,0.1,mg
746,Vitamin B2,0.2,mg
746,Vitamin B3,1.2,mg
746,Vitamin C,13.4,mg
746,Folic Acid,98.2,mcg
746,Calcium,70.7,mg
746,Iron,1.8,mg
746,Magnesium,0,mg
746,Phosphorus,0,mg
746,Sodium,6.4,mg
746,Potassium,105.9,mg
746,Zinc,0.4,mg
747,Energy,516,cal
747,Protein,5.6,g
747,Carbohydrates,18.2,g
747,Fiber,14.6,g
747,Fat,46.8,g
747,Cholesterol,0,mg
747,Vitamin A,144.1,mcg
747,Vitamin B1,0.1,mg
747,Vitamin B2,0.2,mg
747,Vitamin B3,1.2,mg
747,Vitamin C,13.4,mg
747,Folic Acid,98.2,mcg
747,Calcium,70.7,mg
747,Iron,1.8,mg
747,Magnesium,0,mg
747,Phosphorus,0,mg
747,Sodium,6.4,mg
747,Potassium,105.9,mg
747,Zinc,0.4,mg
748,Energy,160,cal
748,Protein,2,g
748,Carbohydrates,7.2,g
748,Fiber,2.3,g
748,Fat,13.4,g
748,Cholesterol,2,mg
748,Sodium,13.1,mg
749,Energy,53,cal
749,Protein,0.8,g
749,Carbohydrates,3.8,g
749,Fiber,1.3,g
749,Fat,3.8,g
749,Cholesterol,0,mg
749,Sodium,2.9,mg
750,Energy,53,cal
750,Protein,0.8,g
750,Carbohydrates,3.8,g
750,Fiber,1.3,g
750,Fat,3.8,g
750,Cholesterol,0,mg
750,Sodium,2.9,mg
751,Energy,163,cal
751,Protein,5,g
751,Carbohydrates,7.2,g
751,Fiber,1.3,g
751,Fat,10.3,g
751,Cholesterol,16,mg
751,Sodium,21.4,mg
752,Energy,163,cal
752,Protein,5,g
752,Carbohydrates,7.2,g
752,Fiber,1.3,g
752,Fat,10.3,g
752,Cholesterol,16,mg
752,Sodium,21.4,mg
753,Energy,58,cal
753,Protein,2.4,g
753,Carbohydrates,8,g
753,Fiber,4.1,g
753,Fat,1.8,g
753,Cholesterol,0,mg
753,Sodium,2720.4,mg
754,Energy,325,cal
754,Protein,7.7,g
754,Carbohydrates,39.3,g
754,Fiber,3.8,g
754,Fat,13.4,g
754,Cholesterol,0,mg
754,Vitamin A,340.7,mcg
754,Vitamin B1,0.2,mg
754,Vitamin B2,0.1,mg
754,Vitamin B3,1.8,mg
754,Vitamin C,25.7,mg
754,Folic Acid,40.7,mcg
754,Calcium,198.3,mg
754,Iron,1.4,mg
754,Magnesium,0,mg
754,Phosphorus,0,mg
754,Sodium,37.3,mg
754,Potassium,469.9,mg
754,Zinc,0.9,mg
755,Energy,72,cal
755,Protein,2.4,g
755,Carbohydrates,7.8,g
755,Fiber,1.2,g
755,Fat,3.5,g
755,Cholesterol,0,mg
755,Sodium,9.5,mg
756,Energy,72,cal
756,Protein,2.4,g
756,Carbohydrates,7.8,g
756,Fiber,1.2,g
756,Fat,3.5,g
756,Cholesterol,0,mg
756,Sodium,9.5,mg
757,Energy,125,cal
757,Protein,4.1,g
757,Carbohydrates,8.9,g
757,Fiber,1.5,g
757,Fat,6.9,g
757,Cholesterol,8,mg
757,Sodium,17.2,mg
758,Energy,208,cal
758,Protein,2.1,g
758,Carbohydrates,24.3,g
758,Fiber,2.4,g
758,Fat,11.4,g
758,Cholesterol,0,mg
758,Sodium,16.5,mg
759,Energy,147,cal
759,Protein,2.5,g
759,Carbohydrates,16.4,g
759,Fiber,0.8,g
759,Fat,8,g
759,Cholesterol,0,mg
759,Sodium,3.4,mg
760,Energy,38,cal
760,Protein,1,g
760,Carbohydrates,2.5,g
760,Fiber,0.4,g
760,Fat,2.6,g
760,Cholesterol,0,mg
760,Sodium,2.1,mg
761,Energy,38,cal
761,Protein,1,g
761,Carbohydrates,2.5,g
761,Fiber,0.4,g
761,Fat,2.6,g
761,Cholesterol,0,mg
761,Sodium,2.1,mg
762,Energy,132,cal
762,Protein,2.2,g
762,Carbohydrates,14,g
762,Fiber,1,g
762,Fat,7.5,g
762,Cholesterol,0,mg
762,Vitamin A,146.5,mcg
762,Vitamin B1,0,mg
762,Vitamin B2,0,mg
762,Vitamin B3,0.5,mg
762,Vitamin C,2.9,mg
762,Folic Acid,8.3,mcg
762,Calcium,37,mg
762,Iron,0.5,mg
762,Magnesium,0,mg
762,Phosphorus,0,mg
762,Sodium,2.1,mg
762,Potassium,21.8,mg
762,Zinc,0.2,mg
766,Energy,3776,cal
766,Protein,49.9,g
766,Carbohydrates,338.7,g
766,Fiber,10,g
766,Fat,291.4,g
766,Cholesterol,212.5,mg
766,Sodium,768.3,mg
767,Energy,55,cal
767,Protein,0.9,g
767,Carbohydrates,6.1,g
767,Fiber,0,g
767,Fat,3,g
767,Cholesterol,0,mg
767,Sodium,0,mg
768,Energy,55,cal
768,Protein,0.9,g
768,Carbohydrates,6.1,g
768,Fiber,0,g
768,Fat,3,g
768,Cholesterol,0,mg
768,Sodium,0,mg
769,Energy,55,cal
769,Protein,0.9,g
769,Carbohydrates,6.1,g
769,Fiber,0,g
769,Fat,3,g
769,Cholesterol,0,mg
769,Sodium,0,mg
773,Energy,5,cal
773,Protein,0.2,g
773,Carbohydrates,0.9,g
773,Fiber,0.3,g
773,Fat,0,g
773,Cholesterol,0,mg
773,Sodium,0.8,mg
774,Energy,66,cal
774,Protein,1.7,g
774,Carbohydrates,4,g
774,Fiber,1.6,g
774,Fat,4.9,g
774,Cholesterol,0,mg
774,Sodium,0.1,mg
775,Energy,541,cal
775,Protein,10.7,g
775,Carbohydrates,65.1,g
775,Fiber,13.8,g
775,Fat,27.8,g
775,Cholesterol,0,mg
775,Sodium,16.2,mg
777,Energy,91,cal
777,Protein,3.6,g
777,Carbohydrates,11,g
777,Fiber,3.9,g
777,Fat,3.6,g
777,Cholesterol,0,mg
777,Sodium,7.5,mg
779,Energy,58,cal
779,Protein,3.9,g
779,Carbohydrates,9.8,g
779,Fiber,0.3,g
779,Fat,0.4,g
779,Cholesterol,0,mg
779,Sodium,51.8,mg
780,Energy,146,cal
780,Protein,10.2,g
780,Carbohydrates,24.8,g
780,Fiber,7.2,g
780,Fat,0.6,g
780,Cholesterol,0,mg
780,Sodium,15.4,mg
782,Energy,441,cal
782,Protein,5.5,g
782,Carbohydrates,42,g
782,Fiber,0.5,g
782,Fat,33.3,g
782,Cholesterol,9.3,mg
782,Sodium,65.8,mg
783,Energy,441,cal
783,Protein,5.5,g
783,Carbohydrates,42,g
783,Fiber,0.5,g
783,Fat,33.3,g
783,Cholesterol,9.3,mg
783,Sodium,65.8,mg
784,Energy,441,cal
784,Protein,5.5,g
784,Carbohydrates,42,g
784,Fiber,0.5,g
784,Fat,33.3,g
784,Cholesterol,9.3,mg
784,Sodium,65.8,mg
786,Energy,70,cal
786,Protein,0.4,g
786,Carbohydrates,16.7,g
786,Fiber,0.8,g
786,Fat,0.2,g
786,Cholesterol,0,mg
786,Sodium,6.6,mg
788,Energy,493,cal
788,Protein,17.2,g
788,Carbohydrates,26.1,g
788,Fiber,0,g
788,Fat,26,g
788,Cholesterol,64,mg
788,Sodium,76,mg
789,Energy,158,cal
789,Protein,2.4,g
789,Carbohydrates,26.7,g
789,Fiber,0.6,g
789,Fat,3.4,g
789,Cholesterol,8.1,mg
789,Sodium,9.5,mg
790,Energy,234,cal
790,Protein,3.2,g
790,Carbohydrates,41.7,g
790,Fiber,1.6,g
790,Fat,5.9,g
790,Cholesterol,0.1,mg
790,Sodium,0,mg
791,Energy,96,cal
791,Protein,3.7,g
791,Carbohydrates,19.6,g
791,Fiber,0.5,g
791,Fat,0.2,g
791,Cholesterol,0,mg
791,Sodium,50,mg
792,Energy,29,cal
792,Protein,0.4,g
792,Carbohydrates,6.6,g
792,Fiber,1.6,g
792,Fat,0.1,g
792,Cholesterol,0,mg
792,Sodium,7.7,mg
793,Energy,234,cal
793,Protein,8.6,g
793,Carbohydrates,10,g
793,Fiber,0,g
793,Fat,13,g
793,Cholesterol,32,mg
793,Sodium,38,mg
794,Energy,139,cal
794,Protein,1.1,g
794,Carbohydrates,31.2,g
794,Fiber,7.5,g
794,Fat,1,g
794,Cholesterol,0,mg
794,Sodium,59,mg
795,Energy,43,cal
795,Protein,2.6,g
795,Carbohydrates,7.7,g
795,Fiber,0.6,g
795,Fat,0.2,g
795,Cholesterol,0,mg
795,Sodium,33.4,mg
796,Energy,43,cal
796,Protein,2.6,g
796,Carbohydrates,7.7,g
796,Fiber,0.6,g
796,Fat,0.2,g
796,Cholesterol,0,mg
796,Sodium,33.4,mg
797,Energy,43,cal
797,Protein,2.6,g
797,Carbohydrates,7.7,g
797,Fiber,0.6,g
797,Fat,0.2,g
797,Cholesterol,0,mg
797,Sodium,33.4,mg
798,Energy,664,cal
798,Protein,21.5,g
798,Carbohydrates,72.4,g
798,Fiber,15.8,g
798,Fat,31.9,g
798,Cholesterol,0,mg
798,Sodium,72,mg
799,Energy,108,cal
799,Protein,1.3,g
799,Carbohydrates,13.3,g
799,Fiber,0.1,g
799,Fat,5.5,g
799,Cholesterol,13.3,mg
799,Sodium,44.8,mg
800,Energy,55,cal
800,Protein,1.3,g
800,Carbohydrates,10.4,g
800,Fiber,4.4,g
800,Fat,1.5,g
800,Cholesterol,0,mg
800,Sodium,27.8,mg
801,Energy,279,cal
801,Protein,9.9,g
801,Carbohydrates,40.2,g
801,Fiber,9.1,g
801,Fat,9.9,g
801,Cholesterol,0,mg
801,Sodium,55.1,mg
802,Energy,306,cal
802,Protein,10.6,g
802,Carbohydrates,41.6,g
802,Fiber,9.6,g
802,Fat,12,g
802,Cholesterol,0,mg
802,Sodium,1.2,mg
803,Energy,124,cal
803,Protein,3.2,g
803,Carbohydrates,18.4,g
803,Fiber,5.3,g
803,Fat,3.8,g
803,Cholesterol,8,mg
803,Sodium,10.6,mg
804,Energy,29,cal
804,Protein,0.8,g
804,Carbohydrates,1.2,g
804,Fiber,0.8,g
804,Fat,2.3,g
804,Cholesterol,0,mg
804,Sodium,0.3,mg
805,Energy,29,cal
805,Protein,0.8,g
805,Carbohydrates,1.2,g
805,Fiber,0.8,g
805,Fat,2.3,g
805,Cholesterol,0,mg
805,Sodium,0.3,mg
806,Energy,224,cal
806,Protein,4.4,g
806,Carbohydrates,42.3,g
806,Fiber,6,g
806,Fat,3.9,g
806,Cholesterol,8,mg
806,Sodium,45.3,mg
807,Energy,266,cal
807,Protein,2.4,g
807,Carbohydrates,54.1,g
807,Fiber,1.9,g
807,Fat,3.5,g
807,Cholesterol,8,mg
807,Sodium,25.7,mg
808,Energy,354,cal
808,Protein,9.5,g
808,Carbohydrates,38.6,g
808,Fiber,5.9,g
808,Fat,13.9,g
808,Cholesterol,32,mg
808,Sodium,71.4,mg
809,Energy,96,cal
809,Protein,1.2,g
809,Carbohydrates,10.5,g
809,Fiber,1.6,g
809,Fat,5.9,g
809,Cholesterol,0,mg
809,Sodium,42.8,mg
810,Energy,96,cal
810,Protein,1.2,g
810,Carbohydrates,10.5,g
810,Fiber,1.6,g
810,Fat,5.9,g
810,Cholesterol,0,mg
810,Sodium,42.8,mg
811,Energy,97,cal
811,Protein,2.4,g
811,Carbohydrates,14.1,g
811,Fiber,6.7,g
811,Fat,3.2,g
811,Cholesterol,5.3,mg
811,Sodium,6.9,mg
812,Energy,87,cal
812,Protein,2.2,g
812,Carbohydrates,17.2,g
812,Fiber,2.9,g
812,Fat,1.8,g
812,Cholesterol,0,mg
812,Sodium,34.3,mg
813,Energy,87,cal
813,Protein,2.2,g
813,Carbohydrates,17.2,g
813,Fiber,2.9,g
813,Fat,1.8,g
813,Cholesterol,0,mg
813,Sodium,34.3,mg
814,Energy,202,cal
814,Protein,4.8,g
814,Carbohydrates,22.7,g
814,Fiber,1.3,g
814,Fat,8.4,g
814,Cholesterol,16,mg
814,Sodium,20.8,mg
815,Energy,170,cal
815,Protein,3.1,g
815,Carbohydrates,22.5,g
815,Fiber,0.7,g
815,Fat,7.7,g
815,Cholesterol,0,mg
815,Sodium,1,mg
816,Energy,214,cal
816,Protein,5.4,g
816,Carbohydrates,29,g
816,Fiber,4.6,g
816,Fat,7,g
816,Cholesterol,16,mg
816,Sodium,20.7,mg
817,Energy,181,cal
817,Protein,3.9,g
817,Carbohydrates,30.6,g
817,Fiber,5,g
817,Fat,4.3,g
817,Cholesterol,8,mg
817,Sodium,11.6,mg
818,Energy,181,cal
818,Protein,3.9,g
818,Carbohydrates,30.6,g
818,Fiber,5,g
818,Fat,4.3,g
818,Cholesterol,8,mg
818,Sodium,11.6,mg
819,Energy,181,cal
819,Protein,3.9,g
819,Carbohydrates,30.6,g
819,Fiber,5,g
819,Fat,4.3,g
819,Cholesterol,8,mg
819,Sodium,11.6,mg
820,Energy,403,cal
820,Protein,12.7,g
820,Carbohydrates,78.2,g
820,Fiber,0,g
820,Fat,4.3,g
820,Cholesterol,0,mg
820,Vitamin A,30,mcg
820,Vitamin B1,0,mg
820,Vitamin B2,0,mg
820,Vitamin B3,0,mg
820,Vitamin C,0,mg
820,Folic Acid,0,mcg
820,Calcium,0,mg
820,Iron,0,mg
820,Magnesium,0,mg
820,Phosphorus,0,mg
820,Sodium,482,mg
820,Potassium,0,mg
820,Zinc,0,mg
821,Energy,90,cal
821,Protein,0,g
821,Carbohydrates,0,g
821,Fiber,0,g
821,Fat,10,g
821,Cholesterol,0,mg
821,Vitamin A,90,mcg
821,Vitamin B1,0,mg
821,Vitamin B2,0,mg
821,Vitamin B3,0,mg
821,Vitamin C,0,mg
821,Folic Acid,0,mcg
821,Calcium,0,mg
821,Iron,0,mg
821,Magnesium,0,mg
821,Phosphorus,0,mg
821,Sodium,0,mg
821,Potassium,0,mg
821,Zinc,0,mg
822,Energy,132,cal
822,Protein,3.2,g
822,Carbohydrates,29.3,g
822,Fiber,1.6,g
822,Fat,0.3,g
822,Cholesterol,0,mg
822,Sodium,10.6,mg
823,Energy,132,cal
823,Protein,3.2,g
823,Carbohydrates,29.3,g
823,Fiber,1.6,g
823,Fat,0.3,g
823,Cholesterol,0,mg
823,Sodium,10.6,mg
824,Energy,44,cal
824,Protein,1.8,g
824,Carbohydrates,4.8,g
824,Fiber,0.9,g
824,Fat,2,g
824,Cholesterol,0,mg
824,Vitamin A,85.8,mcg
824,Vitamin B1,0,mg
824,Vitamin B2,0,mg
824,Vitamin B3,0.3,mg
824,Vitamin C,4.4,mg
824,Folic Acid,7,mcg
824,Calcium,13.3,mg
824,Iron,0.6,mg
824,Magnesium,0,mg
824,Phosphorus,0,mg
824,Sodium,2,mg
824,Potassium,26.1,mg
824,Zinc,0.2,mg
825,Energy,68,cal
825,Protein,2.5,g
825,Carbohydrates,6.2,g
825,Fiber,1.5,g
825,Fat,3.7,g
825,Cholesterol,0,mg
825,Sodium,4.4,mg
826,Energy,69,cal
826,Protein,2.2,g
826,Carbohydrates,6.4,g
826,Fiber,0.9,g
826,Fat,2.9,g
826,Cholesterol,6,mg
826,Sodium,8.1,mg
827,Energy,534,cal
827,Protein,13.5,g
827,Carbohydrates,50.6,g
827,Fiber,1.6,g
827,Fat,24.8,g
827,Cholesterol,40.2,mg
827,Sodium,55.3,mg
828,Energy,534,cal
828,Protein,13.5,g
828,Carbohydrates,50.6,g
828,Fiber,1.6,g
828,Fat,24.8,g
828,Cholesterol,40.2,mg
828,Sodium,55.3,mg
829,Energy,39,cal
829,Protein,1,g
829,Carbohydrates,3,g
829,Fiber,0.8,g
829,Fat,2.5,g
829,Cholesterol,0,mg
829,Sodium,3.7,mg
833,Energy,103,cal
833,Protein,5.6,g
833,Carbohydrates,13.3,g
833,Fiber,3.4,g
833,Fat,3,g
833,Cholesterol,0,mg
833,Sodium,25.7,mg
834,Energy,23,cal
834,Protein,1.6,g
834,Carbohydrates,3.5,g
834,Fiber,3.1,g
834,Fat,0.3,g
834,Cholesterol,0,mg
834,Sodium,32.6,mg
835,Energy,187,cal
835,Protein,4.5,g
835,Carbohydrates,21.3,g
835,Fiber,2.1,g
835,Fat,7.7,g
835,Cholesterol,0,mg
835,Vitamin A,246.8,mcg
835,Vitamin B1,0.1,mg
835,Vitamin B2,0.1,mg
835,Vitamin B3,0.9,mg
835,Vitamin C,12.4,mg
835,Folic Acid,13.8,mcg
835,Calcium,171.5,mg
835,Iron,0.9,mg
835,Magnesium,0,mg
835,Phosphorus,0,mg
835,Sodium,53.5,mg
835,Potassium,270.3,mg
835,Zinc,0.5,mg
836,Energy,227,cal
836,Protein,4.5,g
836,Carbohydrates,31.5,g
836,Fiber,1.5,g
836,Fat,8.8,g
836,Cholesterol,0,mg
836,Vitamin A,387.9,mcg
836,Vitamin B1,0.1,mg
836,Vitamin B2,0.1,mg
836,Vitamin B3,0.3,mg
836,Vitamin C,2.9,mg
836,Folic Acid,3.2,mcg
836,Calcium,217.4,mg
836,Iron,0.4,mg
836,Magnesium,0,mg
836,Phosphorus,0,mg
836,Sodium,15.8,mg
836,Potassium,50.3,mg
836,Zinc,0.2,mg
837,Energy,40,cal
837,Protein,0.6,g
837,Carbohydrates,5.1,g
837,Fiber,0.1,g
837,Fat,1.9,g
837,Cholesterol,0,mg
837,Vitamin A,71.8,mcg
837,Vitamin B1,0,mg
837,Vitamin B2,0,mg
837,Vitamin B3,0.1,mg
837,Vitamin C,0,mg
837,Folic Acid,0.1,mcg
837,Calcium,5.7,mg
837,Iron,0.1,mg
837,Magnesium,0,mg
837,Phosphorus,0,mg
837,Sodium,18.2,mg
837,Potassium,7.9,mg
837,Zinc,0,mg
838,Energy,40,cal
838,Protein,0.6,g
838,Carbohydrates,5.1,g
838,Fiber,0.1,g
838,Fat,1.9,g
838,Cholesterol,0,mg
838,Vitamin A,71.8,mcg
838,Vitamin B1,0,mg
838,Vitamin B2,0,mg
838,Vitamin B3,0.1,mg
838,Vitamin C,0,mg
838,Folic Acid,0.1,mcg
838,Calcium,5.7,mg
838,Iron,0.1,mg
838,Magnesium,0,mg
838,Phosphorus,0,mg
838,Sodium,18.2,mg
838,Potassium,7.9,mg
838,Zinc,0,mg
839,Energy,339,cal
839,Protein,9.7,g
839,Carbohydrates,34.7,g
839,Fiber,0,g
839,Fat,13.3,g
839,Cholesterol,32,mg
839,Sodium,38,mg
843,Energy,121,cal
843,Protein,0.1,g
843,Carbohydrates,10.9,g
843,Fiber,0,g
843,Fat,8.4,g
843,Cholesterol,22.3,mg
843,Sodium,1.1,mg
844,Energy,78,cal
844,Protein,0.4,g
844,Carbohydrates,9,g
844,Fiber,0,g
844,Fat,4.5,g
844,Cholesterol,13.8,mg
844,Sodium,45.8,mg
845,Energy,78,cal
845,Protein,0.4,g
845,Carbohydrates,9,g
845,Fiber,0,g
845,Fat,4.5,g
845,Cholesterol,13.8,mg
845,Sodium,45.8,mg
846,Energy,441,cal
846,Protein,5.9,g
846,Carbohydrates,78.4,g
846,Fiber,7.3,g
846,Fat,11.5,g
846,Cholesterol,0,mg
846,Sodium,11.2,mg
847,Energy,300,cal
847,Protein,4.6,g
847,Carbohydrates,39.4,g
847,Fiber,1.6,g
847,Fat,13.3,g
847,Cholesterol,5.3,mg
847,Sodium,18.7,mg
848,Energy,300,cal
848,Protein,4.6,g
848,Carbohydrates,39.4,g
848,Fiber,1.6,g
848,Fat,13.3,g
848,Cholesterol,5.3,mg
848,Sodium,18.7,mg
849,Energy,49,cal
849,Protein,0.6,g
849,Carbohydrates,2.5,g
849,Fiber,0.2,g
849,Fat,4,g
849,Cholesterol,0,mg
849,Vitamin A,50.1,mcg
849,Vitamin B1,0,mg
849,Vitamin B2,0,mg
849,Vitamin B3,0.1,mg
849,Vitamin C,0.3,mg
849,Folic Acid,2.5,mcg
849,Calcium,7.1,mg
849,Iron,0.1,mg
849,Magnesium,0,mg
849,Phosphorus,0,mg
849,Sodium,1.7,mg
849,Potassium,14.8,mg
849,Zinc,0,mg
850,Energy,135,cal
850,Protein,3,g
850,Carbohydrates,18.2,g
850,Fiber,0.2,g
850,Fat,5.5,g
850,Cholesterol,0.6,mg
850,Vitamin A,55.8,mcg
850,Vitamin B1,0.1,mg
850,Vitamin B2,0,mg
850,Vitamin B3,0.7,mg
850,Vitamin C,0,mg
850,Folic Acid,3.4,mcg
850,Calcium,15.2,mg
850,Iron,0.8,mg
850,Magnesium,0,mg
850,Phosphorus,0,mg
850,Sodium,3.8,mg
850,Potassium,45.2,mg
850,Zinc,0.3,mg
851,Energy,50,cal
851,Protein,2.1,g
851,Carbohydrates,4.6,g
851,Fiber,0.1,g
851,Fat,2.6,g
851,Cholesterol,0,mg
851,Sodium,25.6,mg
852,Energy,50,cal
852,Protein,2.1,g
852,Carbohydrates,4.6,g
852,Fiber,0.1,g
852,Fat,2.6,g
852,Cholesterol,0,mg
852,Sodium,25.6,mg
853,Energy,50,cal
853,Protein,2.1,g
853,Carbohydrates,4.6,g
853,Fiber,0.1,g
853,Fat,2.6,g
853,Cholesterol,0,mg
853,Sodium,25.6,mg
854,Energy,120,cal
854,Protein,2.9,g
854,Carbohydrates,18.8,g
854,Fiber,0.1,g
854,Fat,3.4,g
854,Cholesterol,1.6,mg
854,Sodium,3.4,mg
855,Energy,82,cal
855,Protein,2.2,g
855,Carbohydrates,10,g
855,Fiber,0.9,g
855,Fat,3.6,g
855,Cholesterol,0.5,mg
855,Sodium,5.5,mg
856,Energy,82,cal
856,Protein,2.2,g
856,Carbohydrates,10,g
856,Fiber,0.9,g
856,Fat,3.6,g
856,Cholesterol,0.5,mg
856,Sodium,5.5,mg
857,Energy,82,cal
857,Protein,2.2,g
857,Carbohydrates,10,g
857,Fiber,0.9,g
857,Fat,3.6,g
857,Cholesterol,0.5,mg
857,Sodium,5.5,mg
858,Energy,82,cal
858,Protein,2.2,g
858,Carbohydrates,10,g
858,Fiber,0.9,g
858,Fat,3.6,g
858,Cholesterol,0.5,mg
858,Sodium,5.5,mg
859,Energy,82,cal
859,Protein,2.2,g
859,Carbohydrates,10,g
859,Fiber,0.9,g
859,Fat,3.6,g
859,Cholesterol,0.5,mg
859,Sodium,5.5,mg
860,Energy,82,cal
860,Protein,2.2,g
860,Carbohydrates,10,g
860,Fiber,0.9,g
860,Fat,3.6,g
860,Cholesterol,0.5,mg
860,Sodium,5.5,mg
861,Energy,86,cal
861,Protein,1.9,g
861,Carbohydrates,14.7,g
861,Fiber,0.1,g
861,Fat,2.1,g
861,Cholesterol,6.1,mg
861,Sodium,142.9,mg
862,Energy,86,cal
862,Protein,1.9,g
862,Carbohydrates,14.7,g
862,Fiber,0.1,g
862,Fat,2.1,g
862,Cholesterol,6.1,mg
862,Sodium,142.9,mg
863,Energy,86,cal
863,Protein,1.9,g
863,Carbohydrates,14.7,g
863,Fiber,0.1,g
863,Fat,2.1,g
863,Cholesterol,6.1,mg
863,Sodium,142.9,mg
864,Energy,86,cal
864,Protein,1.9,g
864,Carbohydrates,14.7,g
864,Fiber,0.1,g
864,Fat,2.1,g
864,Cholesterol,6.1,mg
864,Sodium,142.9,mg
869,Energy,115,cal
869,Protein,3,g
869,Carbohydrates,20.9,g
869,Fiber,0.1,g
869,Fat,2.1,g
869,Cholesterol,3.8,mg
869,Sodium,14.9,mg
870,Energy,115,cal
870,Protein,3,g
870,Carbohydrates,20.9,g
870,Fiber,0.1,g
870,Fat,2.1,g
870,Cholesterol,3.8,mg
870,Sodium,14.9,mg
871,Energy,115,cal
871,Protein,3,g
871,Carbohydrates,20.9,g
871,Fiber,0.1,g
871,Fat,2.1,g
871,Cholesterol,3.8,mg
871,Sodium,14.9,mg
872,Energy,39,cal
872,Protein,1,g
872,Carbohydrates,6.9,g
872,Fiber,0,g
872,Fat,0.7,g
872,Cholesterol,0,mg
872,Vitamin A,8.3,mcg
872,Vitamin B1,0,mg
872,Vitamin B2,0,mg
872,Vitamin B3,0.2,mg
872,Vitamin C,0,mg
872,Folic Acid,0,mcg
872,Calcium,2.1,mg
872,Iron,0.2,mg
872,Magnesium,0,mg
872,Phosphorus,0,mg
872,Sodium,0.9,mg
872,Potassium,11.9,mg
872,Zinc,0.1,mg
873,Energy,39,cal
873,Protein,1,g
873,Carbohydrates,6.9,g
873,Fiber,0,g
873,Fat,0.7,g
873,Cholesterol,0,mg
873,Vitamin A,8.3,mcg
873,Vitamin B1,0,mg
873,Vitamin B2,0,mg
873,Vitamin B3,0.2,mg
873,Vitamin C,0,mg
873,Folic Acid,0,mcg
873,Calcium,2.1,mg
873,Iron,0.2,mg
873,Magnesium,0,mg
873,Phosphorus,0,mg
873,Sodium,0.9,mg
873,Potassium,11.9,mg
873,Zinc,0.1,mg
874,Energy,39,cal
874,Protein,1,g
874,Carbohydrates,6.9,g
874,Fiber,0,g
874,Fat,0.7,g
874,Cholesterol,0,mg
874,Vitamin A,8.3,mcg
874,Vitamin B1,0,mg
874,Vitamin B2,0,mg
874,Vitamin B3,0.2,mg
874,Vitamin C,0,mg
874,Folic Acid,0,mcg
874,Calcium,2.1,mg
874,Iron,0.2,mg
874,Magnesium,0,mg
874,Phosphorus,0,mg
874,Sodium,0.9,mg
874,Potassium,11.9,mg
874,Zinc,0.1,mg
875,Energy,49,cal
875,Protein,1.6,g
875,Carbohydrates,10.4,g
875,Fiber,0,g
875,Fat,0.1,g
875,Cholesterol,0,mg
875,Vitamin A,0,mcg
875,Vitamin B1,0,mg
875,Vitamin B2,0,mg
875,Vitamin B3,0.1,mg
875,Vitamin C,0,mg
875,Folic Acid,0,mcg
875,Calcium,2.2,mg
875,Iron,0.2,mg
875,Magnesium,0,mg
875,Phosphorus,0,mg
875,Sodium,0,mg
875,Potassium,0,mg
875,Zinc,0,mg
876,Energy,49,cal
876,Protein,1.6,g
876,Carbohydrates,10.4,g
876,Fiber,0,g
876,Fat,0.1,g
876,Cholesterol,0,mg
876,Vitamin A,0,mcg
876,Vitamin B1,0,mg
876,Vitamin B2,0,mg
876,Vitamin B3,0.1,mg
876,Vitamin C,0,mg
876,Folic Acid,0,mcg
876,Calcium,2.2,mg
876,Iron,0.2,mg
876,Magnesium,0,mg
876,Phosphorus,0,mg
876,Sodium,0,mg
876,Potassium,0,mg
876,Zinc,0,mg
877,Energy,336,cal
877,Protein,7.3,g
877,Carbohydrates,42.6,g
877,Fiber,1.8,g
877,Fat,15.7,g
877,Cholesterol,0,mg
877,Sodium,126.2,mg
878,Energy,193,cal
878,Protein,4.3,g
878,Carbohydrates,26.8,g
878,Fiber,0.6,g
878,Fat,7.9,g
878,Cholesterol,0,mg
878,Sodium,60.6,mg
879,Energy,193,cal
879,Protein,4.3,g
879,Carbohydrates,26.8,g
879,Fiber,0.6,g
879,Fat,7.9,g
879,Cholesterol,0,mg
879,Sodium,60.6,mg
882,Energy,1194,cal
882,Protein,6.6,g
882,Carbohydrates,54.4,g
882,Fiber,11.3,g
882,Fat,106.6,g
882,Cholesterol,0,mg
882,Vitamin A,1019.6,mcg
882,Vitamin B1,0.5,mg
882,Vitamin B2,0.3,mg
882,Vitamin B3,3.5,mg
882,Vitamin C,36.7,mg
882,Folic Acid,90.8,mcg
882,Calcium,281.9,mg
882,Iron,4.2,mg
882,Magnesium,0,mg
882,Phosphorus,0,mg
882,Sodium,1090.8,mg
882,Potassium,701.1,mg
882,Zinc,1.3,mg
883,Energy,1194,cal
883,Protein,6.6,g
883,Carbohydrates,54.4,g
883,Fiber,11.3,g
883,Fat,106.6,g
883,Cholesterol,0,mg
883,Vitamin A,1019.6,mcg
883,Vitamin B1,0.5,mg
883,Vitamin B2,0.3,mg
883,Vitamin B3,3.5,mg
883,Vitamin C,36.7,mg
883,Folic Acid,90.8,mcg
883,Calcium,281.9,mg
883,Iron,4.2,mg
883,Magnesium,0,mg
883,Phosphorus,0,mg
883,Sodium,1090.8,mg
883,Potassium,701.1,mg
883,Zinc,1.3,mg
884,Energy,59,cal
884,Protein,0.7,g
884,Carbohydrates,5.3,g
884,Fiber,1.8,g
884,Fat,3.8,g
884,Cholesterol,0,mg
884,Vitamin A,123.3,mcg
884,Vitamin B1,0,mg
884,Vitamin B2,0,mg
884,Vitamin B3,0.4,mg
884,Vitamin C,7.2,mg
884,Folic Acid,12,mcg
884,Calcium,12.2,mg
884,Iron,0.3,mg
884,Magnesium,0,mg
884,Phosphorus,0,mg
884,Sodium,3.4,mg
884,Potassium,93.1,mg
884,Zinc,0.2,mg
886,Energy,201,cal
886,Protein,6.4,g
886,Carbohydrates,25.3,g
886,Fiber,5.3,g
886,Fat,8.4,g
886,Cholesterol,2.1,mg
886,Vitamin A,107.5,mcg
886,Vitamin B1,0.3,mg
886,Vitamin B2,0.2,mg
886,Vitamin B3,2.6,mg
886,Vitamin C,6.6,mg
886,Folic Acid,62.4,mcg
886,Calcium,114.4,mg
886,Iron,2,mg
886,Magnesium,0,mg
886,Phosphorus,0,mg
886,Sodium,60.7,mg
886,Potassium,180.5,mg
886,Zinc,0.5,mg
887,Energy,201,cal
887,Protein,6.4,g
887,Carbohydrates,25.3,g
887,Fiber,5.3,g
887,Fat,8.4,g
887,Cholesterol,2.1,mg
887,Vitamin A,107.5,mcg
887,Vitamin B1,0.3,mg
887,Vitamin B2,0.2,mg
887,Vitamin B3,2.6,mg
887,Vitamin C,6.6,mg
887,Folic Acid,62.4,mcg
887,Calcium,114.4,mg
887,Iron,2,mg
887,Magnesium,0,mg
887,Phosphorus,0,mg
887,Sodium,60.7,mg
887,Potassium,180.5,mg
887,Zinc,0.5,mg
888,Energy,201,cal
888,Protein,6.4,g
888,Carbohydrates,25.3,g
888,Fiber,5.3,g
888,Fat,8.4,g
888,Cholesterol,2.1,mg
888,Vitamin A,107.5,mcg
888,Vitamin B1,0.3,mg
888,Vitamin B2,0.2,mg
888,Vitamin B3,2.6,mg
888,Vitamin C,6.6,mg
888,Folic Acid,62.4,mcg
888,Calcium,114.4,mg
888,Iron,2,mg
888,Magnesium,0,mg
888,Phosphorus,0,mg
888,Sodium,60.7,mg
888,Potassium,180.5,mg
888,Zinc,0.5,mg
889,Energy,201,cal
889,Protein,6.4,g
889,Carbohydrates,25.3,g
889,Fiber,5.3,g
889,Fat,8.4,g
889,Cholesterol,2.1,mg
889,Vitamin A,107.5,mcg
889,Vitamin B1,0.3,mg
889,Vitamin B2,0.2,mg
889,Vitamin B3,2.6,mg
889,Vitamin C,6.6,mg
889,Folic Acid,62.4,mcg
889,Calcium,114.4,mg
889,Iron,2,mg
889,Magnesium,0,mg
889,Phosphorus,0,mg
889,Sodium,60.7,mg
889,Potassium,180.5,mg
889,Zinc,0.5,mg
890,Energy,145,cal
890,Protein,3.7,g
890,Carbohydrates,16,g
890,Fiber,0.1,g
890,Fat,7.1,g
890,Cholesterol,17.1,mg
890,Sodium,54,mg
891,Energy,50,cal
891,Protein,2,g
891,Carbohydrates,2.8,g
891,Fiber,0.5,g
891,Fat,3.6,g
891,Cholesterol,0,mg
891,Vitamin A,492.7,mcg
891,Vitamin B1,0,mg
891,Vitamin B2,0.1,mg
891,Vitamin B3,0.5,mg
891,Vitamin C,18.5,mg
891,Folic Acid,12.6,mcg
891,Calcium,37.8,mg
891,Iron,0.6,mg
891,Magnesium,0,mg
891,Phosphorus,0,mg
891,Sodium,2.3,mg
891,Potassium,64,mg
891,Zinc,0.3,mg
892,Energy,49,cal
892,Protein,2.2,g
892,Carbohydrates,3.7,g
892,Fiber,0.7,g
892,Fat,3.1,g
892,Cholesterol,0,mg
892,Sodium,4.6,mg
895,Energy,420,cal
895,Protein,12.1,g
895,Carbohydrates,75.3,g
895,Fiber,2.5,g
895,Fat,8.6,g
895,Cholesterol,0,mg
895,Vitamin A,385.4,mcg
895,Vitamin B1,0.2,mg
895,Vitamin B2,0.1,mg
895,Vitamin B3,0.9,mg
895,Vitamin C,34.9,mg
895,Folic Acid,32,mcg
895,Calcium,31.4,mg
895,Iron,1.1,mg
895,Magnesium,0,mg
895,Phosphorus,0,mg
895,Sodium,366.4,mg
895,Potassium,109.6,mg
895,Zinc,0.3,mg
896,Energy,115,cal
896,Protein,1.8,g
896,Carbohydrates,8.5,g
896,Fiber,1.2,g
896,Fat,8.5,g
896,Cholesterol,0,mg
896,Sodium,3,mg
897,Energy,212,cal
897,Protein,3.3,g
897,Carbohydrates,12,g
897,Fiber,2.1,g
897,Fat,17.1,g
897,Cholesterol,0,mg
897,Vitamin A,1168.5,mcg
897,Vitamin B1,0.3,mg
897,Vitamin B2,0.1,mg
897,Vitamin B3,1.2,mg
897,Vitamin C,63.2,mg
897,Folic Acid,47,mcg
897,Calcium,64.9,mg
897,Iron,1.4,mg
897,Magnesium,0,mg
897,Phosphorus,0,mg
897,Sodium,5.7,mg
897,Potassium,168.3,mg
897,Zinc,0.6,mg
898,Energy,212,cal
898,Protein,3.3,g
898,Carbohydrates,12,g
898,Fiber,2.1,g
898,Fat,17.1,g
898,Cholesterol,0,mg
898,Vitamin A,1168.5,mcg
898,Vitamin B1,0.3,mg
898,Vitamin B2,0.1,mg
898,Vitamin B3,1.2,mg
898,Vitamin C,63.2,mg
898,Folic Acid,47,mcg
898,Calcium,64.9,mg
898,Iron,1.4,mg
898,Magnesium,0,mg
898,Phosphorus,0,mg
898,Sodium,5.7,mg
898,Potassium,168.3,mg
898,Zinc,0.6,mg
899,Energy,161,cal
899,Protein,3,g
899,Carbohydrates,15.6,g
899,Fiber,2.7,g
899,Fat,10.4,g
899,Cholesterol,0,mg
899,Sodium,7.2,mg
900,Energy,177,cal
900,Protein,5.3,g
900,Carbohydrates,29,g
900,Fiber,4.9,g
900,Fat,4.6,g
900,Cholesterol,0,mg
900,Sodium,6.5,mg
902,Energy,206,cal
902,Protein,4.1,g
902,Carbohydrates,13.3,g
902,Fiber,3.2,g
902,Fat,15.7,g
902,Cholesterol,0,mg
902,Vitamin A,3966.5,mcg
902,Vitamin B1,0.3,mg
902,Vitamin B2,0.2,mg
902,Vitamin B3,0.9,mg
902,Vitamin C,126.1,mg
902,Folic Acid,85.7,mcg
902,Calcium,112.8,mg
902,Iron,1.7,mg
902,Magnesium,0,mg
902,Phosphorus,0,mg
902,Sodium,375.6,mg
902,Potassium,320,mg
902,Zinc,0.5,mg
903,Energy,94,cal
903,Protein,3.2,g
903,Carbohydrates,7.2,g
903,Fiber,0.5,g
903,Fat,5.9,g
903,Cholesterol,4.6,mg
903,Vitamin A,212.7,mcg
903,Vitamin B1,0.1,mg
903,Vitamin B2,0,mg
903,Vitamin B3,0.5,mg
903,Vitamin C,8.2,mg
903,Folic Acid,12.5,mcg
903,Calcium,63.8,mg
903,Iron,0.4,mg
903,Magnesium,0,mg
903,Phosphorus,0,mg
903,Sodium,128.7,mg
903,Potassium,53.1,mg
903,Zinc,0.1,mg
904,Energy,94,cal
904,Protein,3.2,g
904,Carbohydrates,7.2,g
904,Fiber,0.5,g
904,Fat,5.9,g
904,Cholesterol,4.6,mg
904,Vitamin A,212.7,mcg
904,Vitamin B1,0.1,mg
904,Vitamin B2,0,mg
904,Vitamin B3,0.5,mg
904,Vitamin C,8.2,mg
904,Folic Acid,12.5,mcg
904,Calcium,63.8,mg
904,Iron,0.4,mg
904,Magnesium,0,mg
904,Phosphorus,0,mg
904,Sodium,128.7,mg
904,Potassium,53.1,mg
904,Zinc,0.1,mg
905,Energy,94,cal
905,Protein,3.2,g
905,Carbohydrates,7.2,g
905,Fiber,0.5,g
905,Fat,5.9,g
905,Cholesterol,4.6,mg
905,Vitamin A,212.7,mcg
905,Vitamin B1,0.1,mg
905,Vitamin B2,0,mg
905,Vitamin B3,0.5,mg
905,Vitamin C,8.2,mg
905,Folic Acid,12.5,mcg
905,Calcium,63.8,mg
905,Iron,0.4,mg
905,Magnesium,0,mg
905,Phosphorus,0,mg
905,Sodium,128.7,mg
905,Potassium,53.1,mg
905,Zinc,0.1,mg
906,Energy,94,cal
906,Protein,3.2,g
906,Carbohydrates,7.2,g
906,Fiber,0.5,g
906,Fat,5.9,g
906,Cholesterol,4.6,mg
906,Vitamin A,212.7,mcg
906,Vitamin B1,0.1,mg
906,Vitamin B2,0,mg
906,Vitamin B3,0.5,mg
906,Vitamin C,8.2,mg
906,Folic Acid,12.5,mcg
906,Calcium,63.8,mg
906,Iron,0.4,mg
906,Magnesium,0,mg
906,Phosphorus,0,mg
906,Sodium,128.7,mg
906,Potassium,53.1,mg
906,Zinc,0.1,mg
907,Energy,94,cal
907,Protein,3.2,g
907,Carbohydrates,7.2,g
907,Fiber,0.5,g
907,Fat,5.9,g
907,Cholesterol,4.6,mg
907,Vitamin A,212.7,mcg
907,Vitamin B1,0.1,mg
907,Vitamin B2,0,mg
907,Vitamin B3,0.5,mg
907,Vitamin C,8.2,mg
907,Folic Acid,12.5,mcg
907,Calcium,63.8,mg
907,Iron,0.4,mg
907,Magnesium,0,mg
907,Phosphorus,0,mg
907,Sodium,128.7,mg
907,Potassium,53.1,mg
907,Zinc,0.1,mg
908,Energy,28,cal
908,Protein,1.1,g
908,Carbohydrates,1.3,g
908,Fiber,0,g
908,Fat,1.8,g
908,Cholesterol,5.7,mg
908,Sodium,35.7,mg
909,Energy,153,cal
909,Protein,6,g
909,Carbohydrates,8,g
909,Fiber,1.1,g
909,Fat,11,g
909,Cholesterol,0,mg
909,Sodium,6.7,mg
910,Energy,153,cal
910,Protein,6,g
910,Carbohydrates,8,g
910,Fiber,1.1,g
910,Fat,11,g
910,Cholesterol,0,mg
910,Sodium,6.7,mg
911,Energy,32,cal
911,Protein,1,g
911,Carbohydrates,2,g
911,Fiber,0.3,g
911,Fat,2.3,g
911,Cholesterol,0,mg
911,Sodium,0.8,mg
912,Energy,81,cal
912,Protein,3,g
912,Carbohydrates,7.7,g
912,Fiber,1.1,g
912,Fat,4.2,g
912,Cholesterol,0,mg
912,Vitamin A,1438.1,mcg
912,Vitamin B1,0.1,mg
912,Vitamin B2,0.1,mg
912,Vitamin B3,0.4,mg
912,Vitamin C,57.7,mg
912,Folic Acid,33.2,mcg
912,Calcium,109.1,mg
912,Iron,0.6,mg
912,Magnesium,0,mg
912,Phosphorus,0,mg
912,Sodium,13.6,mg
912,Potassium,183.4,mg
912,Zinc,0.1,mg
913,Energy,47,cal
913,Protein,0.7,g
913,Carbohydrates,10.5,g
913,Fiber,3.2,g
913,Fat,0.3,g
913,Cholesterol,0,mg
913,Sodium,14,mg
914,Energy,85,cal
914,Protein,1.6,g
914,Carbohydrates,9.9,g
914,Fiber,0.4,g
914,Fat,4.4,g
914,Cholesterol,0,mg
914,Vitamin A,257.4,mcg
914,Vitamin B1,0.1,mg
914,Vitamin B2,0.1,mg
914,Vitamin B3,0.5,mg
914,Vitamin C,9.1,mg
914,Folic Acid,7.8,mcg
914,Calcium,15,mg
914,Iron,0.5,mg
914,Magnesium,0,mg
914,Phosphorus,0,mg
914,Sodium,9.2,mg
914,Potassium,55.4,mg
914,Zinc,0.1,mg
915,Energy,23,cal
915,Protein,1,g
915,Carbohydrates,1,g
915,Fiber,0.2,g
915,Fat,1.8,g
915,Cholesterol,3.9,mg
915,Sodium,42.2,mg
916,Energy,43,cal
916,Protein,1.6,g
916,Carbohydrates,5.4,g
916,Fiber,1.4,g
916,Fat,1.9,g
916,Cholesterol,0,mg
916,Sodium,4.7,mg
917,Energy,68,cal
917,Protein,1.6,g
917,Carbohydrates,7.1,g
917,Fiber,1,g
917,Fat,4,g
917,Cholesterol,0,mg
917,Sodium,5.3,mg
919,Energy,82,cal
919,Protein,3.1,g
919,Carbohydrates,14.5,g
919,Fiber,3.2,g
919,Fat,2.1,g
919,Cholesterol,0,mg
919,Sodium,8.7,mg
920,Energy,200,cal
920,Protein,7.2,g
920,Carbohydrates,6.8,g
920,Fiber,0.3,g
920,Fat,16.1,g
920,Cholesterol,0,mg
920,Sodium,2.1,mg
921,Energy,27,cal
921,Protein,0.7,g
921,Carbohydrates,3.3,g
921,Fiber,1,g
921,Fat,1.3,g
921,Cholesterol,0,mg
921,Sodium,12,mg
922,Energy,27,cal
922,Protein,0.7,g
922,Carbohydrates,3.3,g
922,Fiber,1,g
922,Fat,1.3,g
922,Cholesterol,0,mg
922,Sodium,12,mg
923,Energy,27,cal
923,Protein,0.7,g
923,Carbohydrates,3.3,g
923,Fiber,1,g
923,Fat,1.3,g
923,Cholesterol,0,mg
923,Sodium,12,mg
924,Energy,27,cal
924,Protein,0.7,g
924,Carbohydrates,3.3,g
924,Fiber,1,g
924,Fat,1.3,g
924,Cholesterol,0,mg
924,Sodium,12,mg
925,Energy,27,cal
925,Protein,0.7,g
925,Carbohydrates,3.3,g
925,Fiber,1,g
925,Fat,1.3,g
925,Cholesterol,0,mg
925,Sodium,12,mg
926,Energy,104,cal
926,Protein,3.4,g
926,Carbohydrates,7.3,g
926,Fiber,0.6,g
926,Fat,5.9,g
926,Cholesterol,8,mg
926,Sodium,13.4,mg
927,Energy,104,cal
927,Protein,3.4,g
927,Carbohydrates,7.3,g
927,Fiber,0.6,g
927,Fat,5.9,g
927,Cholesterol,8,mg
927,Sodium,13.4,mg
928,Energy,104,cal
928,Protein,3.4,g
928,Carbohydrates,7.3,g
928,Fiber,0.6,g
928,Fat,5.9,g
928,Cholesterol,8,mg
928,Sodium,13.4,mg
929,Energy,196,cal
929,Protein,4.6,g
929,Carbohydrates,23.6,g
929,Fiber,4.7,g
929,Fat,9.7,g
929,Cholesterol,4,mg
929,Sodium,28.1,mg
931,Energy,218,cal
931,Protein,6.6,g
931,Carbohydrates,13.6,g
931,Fiber,1.4,g
931,Fat,15.9,g
931,Cholesterol,0,mg
931,Sodium,41.7,mg
932,Energy,56,cal
932,Protein,2.5,g
932,Carbohydrates,6.3,g
932,Fiber,2.4,g
932,Fat,2.6,g
932,Cholesterol,0,mg
932,Sodium,37.4,mg
933,Energy,56,cal
933,Protein,2.5,g
933,Carbohydrates,6.3,g
933,Fiber,2.4,g
933,Fat,2.6,g
933,Cholesterol,0,mg
933,Sodium,37.4,mg
934,Energy,56,cal
934,Protein,2.5,g
934,Carbohydrates,6.3,g
934,Fiber,2.4,g
934,Fat,2.6,g
934,Cholesterol,0,mg
934,Sodium,37.4,mg
935,Energy,177,cal
935,Protein,6.2,g
935,Carbohydrates,11.7,g
935,Fiber,2.7,g
935,Fat,11.5,g
935,Cholesterol,2.7,mg
935,Sodium,23.9,mg
936,Energy,30,cal
936,Protein,2.4,g
936,Carbohydrates,2.9,g
936,Fiber,1.2,g
936,Fat,1,g
936,Cholesterol,3.5,mg
936,Sodium,64.5,mg
937,Energy,30,cal
937,Protein,2.4,g
937,Carbohydrates,2.9,g
937,Fiber,1.2,g
937,Fat,1,g
937,Cholesterol,3.5,mg
937,Sodium,64.5,mg
938,Energy,90,cal
938,Protein,3.1,g
938,Carbohydrates,12.4,g
938,Fiber,1.5,g
938,Fat,4,g
938,Cholesterol,0,mg
938,Vitamin A,863.5,mcg
938,Vitamin B1,0.1,mg
938,Vitamin B2,0.1,mg
938,Vitamin B3,0.4,mg
938,Vitamin C,30.7,mg
938,Folic Acid,27.4,mcg
938,Calcium,42.1,mg
938,Iron,0.6,mg
938,Magnesium,0,mg
938,Phosphorus,0,mg
938,Sodium,25.7,mg
938,Potassium,162.8,mg
938,Zinc,0.4,mg
940,Energy,38,cal
940,Protein,2.1,g
940,Carbohydrates,4.3,g
940,Fiber,1.5,g
940,Fat,1.9,g
940,Cholesterol,0,mg
940,Sodium,4.9,mg
941,Energy,60,cal
941,Protein,1.9,g
941,Carbohydrates,7,g
941,Fiber,2,g
941,Fat,3,g
941,Cholesterol,0,mg
941,Sodium,14.3,mg
943,Energy,346,cal
943,Protein,9.3,g
943,Carbohydrates,57.5,g
943,Fiber,9.6,g
943,Fat,8.8,g
943,Cholesterol,0,mg
943,Sodium,10.5,mg
947,Energy,216,cal
947,Protein,3.7,g
947,Carbohydrates,27.9,g
947,Fiber,1.6,g
947,Fat,8.7,g
947,Cholesterol,23,mg
947,Sodium,67.6,mg
948,Energy,75,cal
948,Protein,2.5,g
948,Carbohydrates,15.4,g
948,Fiber,2.5,g
948,Fat,0.8,g
948,Cholesterol,0,mg
948,Sodium,125.2,mg
949,Energy,75,cal
949,Protein,2.5,g
949,Carbohydrates,15.4,g
949,Fiber,2.5,g
949,Fat,0.8,g
949,Cholesterol,0,mg
949,Sodium,125.2,mg
950,Energy,211,cal
950,Protein,4.4,g
950,Carbohydrates,44.4,g
950,Fiber,2,g
950,Fat,1.6,g
950,Cholesterol,0,mg
950,Sodium,2.3,mg
951,Energy,211,cal
951,Protein,4.4,g
951,Carbohydrates,44.4,g
951,Fiber,2,g
951,Fat,1.6,g
951,Cholesterol,0,mg
951,Sodium,2.3,mg
952,Energy,262,cal
952,Protein,3.1,g
952,Carbohydrates,47.2,g
952,Fiber,1.9,g
952,Fat,6.7,g
952,Cholesterol,0,mg
952,Vitamin A,58.5,mcg
952,Vitamin B1,0,mg
952,Vitamin B2,0,mg
952,Vitamin B3,0.9,mg
952,Vitamin C,1.7,mg
952,Folic Acid,4.3,mcg
952,Calcium,11.3,mg
952,Iron,0.4,mg
952,Magnesium,0,mg
952,Phosphorus,0,mg
952,Sodium,0.6,mg
952,Potassium,19.1,mg
952,Zinc,0.6,mg
953,Energy,168,cal
953,Protein,6.3,g
953,Carbohydrates,28.1,g
953,Fiber,2.3,g
953,Fat,3.3,g
953,Cholesterol,0,mg
953,Sodium,102.9,mg
954,Energy,78,cal
954,Protein,2,g
954,Carbohydrates,10.8,g
954,Fiber,1,g
954,Fat,2.9,g
954,Cholesterol,0,mg
954,Sodium,2.8,mg
955,Energy,290,cal
955,Protein,14.9,g
955,Carbohydrates,49.1,g
955,Fiber,5.2,g
955,Fat,3.7,g
955,Cholesterol,0,mg
955,Sodium,15.6,mg
956,Energy,108,cal
956,Protein,1.3,g
956,Carbohydrates,13.3,g
956,Fiber,0.6,g
956,Fat,5.5,g
956,Cholesterol,0,mg
956,Sodium,0.7,mg
957,Energy,189,cal
957,Protein,6.2,g
957,Carbohydrates,37.5,g
957,Fiber,2.1,g
957,Fat,1.5,g
957,Cholesterol,0.6,mg
957,Sodium,53,mg
958,Energy,182,cal
958,Protein,4.7,g
958,Carbohydrates,33.8,g
958,Fiber,4.3,g
958,Fat,3,g
958,Cholesterol,0,mg
958,Sodium,89.7,mg
960,Energy,32,cal
960,Protein,0.8,g
960,Carbohydrates,7,g
960,Fiber,1.3,g
960,Fat,0.1,g
960,Cholesterol,0,mg
960,Vitamin A,280.3,mcg
960,Vitamin B1,0.1,mg
960,Vitamin B2,0,mg
960,Vitamin B3,0.4,mg
960,Vitamin C,12.8,mg
960,Folic Acid,15.6,mcg
960,Calcium,30,mg
960,Iron,0.4,mg
960,Magnesium,0,mg
960,Phosphorus,0,mg
960,Sodium,9.1,mg
960,Potassium,109.1,mg
960,Zinc,0.2,mg
961,Energy,19,cal
961,Protein,0.6,g
961,Carbohydrates,4.1,g
961,Fiber,0.9,g
961,Fat,0.1,g
961,Cholesterol,0,mg
961,Vitamin A,169.6,mcg
961,Vitamin B1,0,mg
961,Vitamin B2,0,mg
961,Vitamin B3,0.3,mg
961,Vitamin C,9.4,mg
961,Folic Acid,12,mcg
961,Calcium,21.5,mg
961,Iron,0.3,mg
961,Magnesium,0,mg
961,Phosphorus,0,mg
961,Sodium,5.7,mg
961,Potassium,74,mg
961,Zinc,0.1,mg
962,Energy,19,cal
962,Protein,0.6,g
962,Carbohydrates,4.1,g
962,Fiber,0.9,g
962,Fat,0.1,g
962,Cholesterol,0,mg
962,Vitamin A,169.6,mcg
962,Vitamin B1,0,mg
962,Vitamin B2,0,mg
962,Vitamin B3,0.3,mg
962,Vitamin C,9.4,mg
962,Folic Acid,12,mcg
962,Calcium,21.5,mg
962,Iron,0.3,mg
962,Magnesium,0,mg
962,Phosphorus,0,mg
962,Sodium,5.7,mg
962,Potassium,74,mg
962,Zinc,0.1,mg
963,Energy,19,cal
963,Protein,0.6,g
963,Carbohydrates,4.1,g
963,Fiber,0.9,g
963,Fat,0.1,g
963,Cholesterol,0,mg
963,Vitamin A,169.6,mcg
963,Vitamin B1,0,mg
963,Vitamin B2,0,mg
963,Vitamin B3,0.3,mg
963,Vitamin C,9.4,mg
963,Folic Acid,12,mcg
963,Calcium,21.5,mg
963,Iron,0.3,mg
963,Magnesium,0,mg
963,Phosphorus,0,mg
963,Sodium,5.7,mg
963,Potassium,74,mg
963,Zinc,0.1,mg
964,Energy,19,cal
964,Protein,0.6,g
964,Carbohydrates,4.1,g
964,Fiber,0.9,g
964,Fat,0.1,g
964,Cholesterol,0,mg
964,Vitamin A,169.6,mcg
964,Vitamin B1,0,mg
964,Vitamin B2,0,mg
964,Vitamin B3,0.3,mg
964,Vitamin C,9.4,mg
964,Folic Acid,12,mcg
964,Calcium,21.5,mg
964,Iron,0.3,mg
964,Magnesium,0,mg
964,Phosphorus,0,mg
964,Sodium,5.7,mg
964,Potassium,74,mg
964,Zinc,0.1,mg
965,Energy,19,cal
965,Protein,0.6,g
965,Carbohydrates,4.1,g
965,Fiber,0.9,g
965,Fat,0.1,g
965,Cholesterol,0,mg
965,Vitamin A,169.6,mcg
965,Vitamin B1,0,mg
965,Vitamin B2,0,mg
965,Vitamin B3,0.3,mg
965,Vitamin C,9.4,mg
965,Folic Acid,12,mcg
965,Calcium,21.5,mg
965,Iron,0.3,mg
965,Magnesium,0,mg
965,Phosphorus,0,mg
965,Sodium,5.7,mg
965,Potassium,74,mg
965,Zinc,0.1,mg
966,Energy,19,cal
966,Protein,0.6,g
966,Carbohydrates,4.1,g
966,Fiber,0.9,g
966,Fat,0.1,g
966,Cholesterol,0,mg
966,Vitamin A,169.6,mcg
966,Vitamin B1,0,mg
966,Vitamin B2,0,mg
966,Vitamin B3,0.3,mg
966,Vitamin C,9.4,mg
966,Folic Acid,12,mcg
966,Calcium,21.5,mg
966,Iron,0.3,mg
966,Magnesium,0,mg
966,Phosphorus,0,mg
966,Sodium,5.7,mg
966,Potassium,74,mg
966,Zinc,0.1,mg
967,Energy,19,cal
967,Protein,0.6,g
967,Carbohydrates,4.1,g
967,Fiber,0.9,g
967,Fat,0.1,g
967,Cholesterol,0,mg
967,Vitamin A,169.6,mcg
967,Vitamin B1,0,mg
967,Vitamin B2,0,mg
967,Vitamin B3,0.3,mg
967,Vitamin C,9.4,mg
967,Folic Acid,12,mcg
967,Calcium,21.5,mg
967,Iron,0.3,mg
967,Magnesium,0,mg
967,Phosphorus,0,mg
967,Sodium,5.7,mg
967,Potassium,74,mg
967,Zinc,0.1,mg
968,Energy,19,cal
968,Protein,0.6,g
968,Carbohydrates,4.1,g
968,Fiber,0.9,g
968,Fat,0.1,g
968,Cholesterol,0,mg
968,Vitamin A,169.6,mcg
968,Vitamin B1,0,mg
968,Vitamin B2,0,mg
968,Vitamin B3,0.3,mg
968,Vitamin C,9.4,mg
968,Folic Acid,12,mcg
968,Calcium,21.5,mg
968,Iron,0.3,mg
968,Magnesium,0,mg
968,Phosphorus,0,mg
968,Sodium,5.7,mg
968,Potassium,74,mg
968,Zinc,0.1,mg
969,Energy,96,cal
969,Protein,3.5,g
969,Carbohydrates,10.8,g
969,Fiber,4.2,g
969,Fat,5.3,g
969,Cholesterol,0,mg
969,Sodium,89.9,mg
970,Energy,219,cal
970,Protein,5,g
970,Carbohydrates,18.8,g
970,Fiber,5.5,g
970,Fat,15.4,g
970,Cholesterol,0,mg
970,Sodium,36.5,mg
972,Energy,151,cal
972,Protein,4.5,g
972,Carbohydrates,28.4,g
972,Fiber,3.2,g
972,Fat,2.8,g
972,Cholesterol,0,mg
972,Sodium,342.2,mg
973,Energy,207,cal
973,Protein,10.5,g
973,Carbohydrates,36.1,g
973,Fiber,4.4,g
973,Fat,2.3,g
973,Cholesterol,0,mg
973,Sodium,13.4,mg
974,Energy,207,cal
974,Protein,10.5,g
974,Carbohydrates,36.1,g
974,Fiber,4.4,g
974,Fat,2.3,g
974,Cholesterol,0,mg
974,Sodium,13.4,mg
975,Energy,207,cal
975,Protein,10.5,g
975,Carbohydrates,36.1,g
975,Fiber,4.4,g
975,Fat,2.3,g
975,Cholesterol,0,mg
975,Sodium,13.4,mg
976,Energy,207,cal
976,Protein,10.5,g
976,Carbohydrates,36.1,g
976,Fiber,4.4,g
976,Fat,2.3,g
976,Cholesterol,0,mg
976,Sodium,13.4,mg
977,Energy,92,cal
977,Protein,1.9,g
977,Carbohydrates,11,g
977,Fiber,1.5,g
977,Fat,4.5,g
977,Cholesterol,0,mg
977,Sodium,3.4,mg
979,Energy,124,cal
979,Protein,2.7,g
979,Carbohydrates,24.8,g
979,Fiber,4,g
979,Fat,2.1,g
979,Cholesterol,0,mg
979,Sodium,45.5,mg
980,Energy,222,cal
980,Protein,6.3,g
980,Carbohydrates,31,g
980,Fiber,3.6,g
980,Fat,6.9,g
980,Cholesterol,0,mg
980,Vitamin A,212.5,mcg
980,Vitamin B1,0.4,mg
980,Vitamin B2,0.2,mg
980,Vitamin B3,1.9,mg
980,Vitamin C,6.6,mg
980,Folic Acid,6.9,mcg
980,Calcium,143.4,mg
980,Iron,5.7,mg
980,Magnesium,0,mg
980,Phosphorus,0,mg
980,Sodium,18.7,mg
980,Potassium,234.8,mg
980,Zinc,0.2,mg
981,Energy,222,cal
981,Protein,6.3,g
981,Carbohydrates,31,g
981,Fiber,3.6,g
981,Fat,6.9,g
981,Cholesterol,0,mg
981,Vitamin A,212.5,mcg
981,Vitamin B1,0.4,mg
981,Vitamin B2,0.2,mg
981,Vitamin B3,1.9,mg
981,Vitamin C,6.6,mg
981,Folic Acid,6.9,mcg
981,Calcium,143.4,mg
981,Iron,5.7,mg
981,Magnesium,0,mg
981,Phosphorus,0,mg
981,Sodium,18.7,mg
981,Potassium,234.8,mg
981,Zinc,0.2,mg
982,Energy,201,cal
982,Protein,4.2,g
982,Carbohydrates,20.7,g
982,Fiber,2.4,g
982,Fat,10.5,g
982,Cholesterol,5.3,mg
982,Sodium,12.5,mg
983,Energy,71,cal
983,Protein,2.1,g
983,Carbohydrates,11.9,g
983,Fiber,1.7,g
983,Fat,1.7,g
983,Cholesterol,0,mg
983,Sodium,6.5,mg
984,Energy,175,cal
984,Protein,7.4,g
984,Carbohydrates,32.2,g
984,Fiber,5,g
984,Fat,1.9,g
984,Cholesterol,0,mg
984,Sodium,14.2,mg
985,Energy,175,cal
985,Protein,7.4,g
985,Carbohydrates,32.2,g
985,Fiber,5,g
985,Fat,1.9,g
985,Cholesterol,0,mg
985,Sodium,14.2,mg
986,Energy,175,cal
986,Protein,7.4,g
986,Carbohydrates,32.2,g
986,Fiber,5,g
986,Fat,1.9,g
986,Cholesterol,0,mg
986,Sodium,14.2,mg
987,Energy,194,cal
987,Protein,7.1,g
987,Carbohydrates,22,g
987,Fiber,2.8,g
987,Fat,8.7,g
987,Cholesterol,0,mg
987,Sodium,13.6,mg
988,Energy,194,cal
988,Protein,7.1,g
988,Carbohydrates,22,g
988,Fiber,2.8,g
988,Fat,8.7,g
988,Cholesterol,0,mg
988,Sodium,13.6,mg
989,Energy,194,cal
989,Protein,7.1,g
989,Carbohydrates,22,g
989,Fiber,2.8,g
989,Fat,8.7,g
989,Cholesterol,0,mg
989,Sodium,13.6,mg
990,Energy,96,cal
990,Protein,3.5,g
990,Carbohydrates,19.8,g
990,Fiber,0.3,g
990,Fat,0.3,g
990,Cholesterol,0,mg
990,Sodium,38,mg
991,Energy,46,cal
991,Protein,1.2,g
991,Carbohydrates,7.6,g
991,Fiber,0.5,g
991,Fat,1.2,g
991,Cholesterol,0.6,mg
991,Sodium,2.8,mg
992,Energy,124,cal
992,Protein,4.9,g
992,Carbohydrates,20.5,g
992,Fiber,1.5,g
992,Fat,2.4,g
992,Cholesterol,0,mg
992,Sodium,4.8,mg
993,Energy,100,cal
993,Protein,2.1,g
993,Carbohydrates,21.9,g
993,Fiber,1.2,g
993,Fat,0.4,g
993,Cholesterol,0,mg
993,Sodium,1.1,mg
994,Energy,184,cal
994,Protein,4.1,g
994,Carbohydrates,34.6,g
994,Fiber,3.3,g
994,Fat,3.3,g
994,Cholesterol,0,mg
994,Sodium,209,mg
995,Energy,86,cal
995,Protein,2.8,g
995,Carbohydrates,17.7,g
995,Fiber,1.3,g
995,Fat,0.4,g
995,Cholesterol,0,mg
995,Sodium,18.4,mg
996,Energy,369,cal
996,Protein,7.6,g
996,Carbohydrates,58.2,g
996,Fiber,4.8,g
996,Fat,11.7,g
996,Cholesterol,0,mg
996,Sodium,57.6,mg
997,Energy,369,cal
997,Protein,7.6,g
997,Carbohydrates,58.2,g
997,Fiber,4.8,g
997,Fat,11.7,g
997,Cholesterol,0,mg
997,Sodium,57.6,mg
998,Energy,130,cal
998,Protein,4.8,g
998,Carbohydrates,17.9,g
998,Fiber,1,g
998,Fat,4.3,g
998,Cholesterol,9,mg
998,Sodium,135.1,mg
999,Energy,78,cal
999,Protein,2.9,g
999,Carbohydrates,3.4,g
999,Fiber,0,g
999,Fat,4.3,g
999,Cholesterol,10.7,mg
999,Sodium,13.2,mg
1000,Energy,78,cal
1000,Protein,2.9,g
1000,Carbohydrates,3.4,g
1000,Fiber,0,g
1000,Fat,4.3,g
1000,Cholesterol,10.7,mg
1000,Sodium,13.2,mg
1001,Energy,78,cal
1001,Protein,2.9,g
1001,Carbohydrates,3.4,g
1001,Fiber,0,g
1001,Fat,4.3,g
1001,Cholesterol,10.7,mg
1001,Sodium,13.2,mg
1002,Energy,78,cal
1002,Protein,2.9,g
1002,Carbohydrates,3.4,g
1002,Fiber,0,g
1002,Fat,4.3,g
1002,Cholesterol,10.7,mg
1002,Sodium,13.2,mg
1003,Energy,78,cal
1003,Protein,2.9,g
1003,Carbohydrates,3.4,g
1003,Fiber,0,g
1003,Fat,4.3,g
1003,Cholesterol,10.7,mg
1003,Sodium,13.2,mg
1004,Energy,118,cal
1004,Protein,1.7,g
1004,Carbohydrates,11.8,g
1004,Fiber,1.7,g
1004,Fat,7.7,g
1004,Cholesterol,0,mg
1004,Vitamin A,226.1,mcg
1004,Vitamin B1,0.1,mg
1004,Vitamin B2,0.1,mg
1004,Vitamin B3,0.2,mg
1004,Vitamin C,28.4,mg
1004,Folic Acid,17.2,mcg
1004,Calcium,25.7,mg
1004,Iron,0.5,mg
1004,Magnesium,0,mg
1004,Phosphorus,0,mg
1004,Sodium,6.2,mg
1004,Potassium,123.3,mg
1004,Zinc,0.2,mg
1005,Energy,48,cal
1005,Protein,1.2,g
1005,Carbohydrates,7.9,g
1005,Fiber,0,g
1005,Fat,1.3,g
1005,Cholesterol,0,mg
1005,Vitamin A,13.9,mcg
1005,Vitamin B1,0,mg
1005,Vitamin B2,0,mg
1005,Vitamin B3,0.3,mg
1005,Vitamin C,0,mg
1005,Folic Acid,0,mcg
1005,Calcium,2.4,mg
1005,Iron,0.3,mg
1005,Magnesium,0,mg
1005,Phosphorus,0,mg
1005,Sodium,1,mg
1005,Potassium,13.7,mg
1005,Zinc,0.1,mg
1006,Energy,208,cal
1006,Protein,7.6,g
1006,Carbohydrates,22,g
1006,Fiber,0.7,g
1006,Fat,9.9,g
1006,Cholesterol,17.3,mg
1006,Sodium,142.7,mg
1007,Energy,66,cal
1007,Protein,1.4,g
1007,Carbohydrates,9,g
1007,Fiber,0.6,g
1007,Fat,2.7,g
1007,Cholesterol,0,mg
1007,Vitamin A,135.7,mcg
1007,Vitamin B1,0,mg
1007,Vitamin B2,0,mg
1007,Vitamin B3,0.4,mg
1007,Vitamin C,8.5,mg
1007,Folic Acid,9.4,mcg
1007,Calcium,17.5,mg
1007,Iron,0.5,mg
1007,Magnesium,0,mg
1007,Phosphorus,0,mg
1007,Sodium,5,mg
1007,Potassium,59.7,mg
1007,Zinc,0.1,mg
1008,Energy,48,cal
1008,Protein,1.2,g
1008,Carbohydrates,7.9,g
1008,Fiber,0,g
1008,Fat,1.3,g
1008,Cholesterol,0,mg
1008,Vitamin A,13.9,mcg
1008,Vitamin B1,0,mg
1008,Vitamin B2,0,mg
1008,Vitamin B3,0.3,mg
1008,Vitamin C,0,mg
1008,Folic Acid,0,mcg
1008,Calcium,2.4,mg
1008,Iron,0.3,mg
1008,Magnesium,0,mg
1008,Phosphorus,0,mg
1008,Sodium,1,mg
1008,Potassium,13.7,mg
1008,Zinc,0.1,mg
1009,Energy,48,cal
1009,Protein,1.2,g
1009,Carbohydrates,7.9,g
1009,Fiber,0,g
1009,Fat,1.3,g
1009,Cholesterol,0,mg
1009,Vitamin A,13.9,mcg
1009,Vitamin B1,0,mg
1009,Vitamin B2,0,mg
1009,Vitamin B3,0.3,mg
1009,Vitamin C,0,mg
1009,Folic Acid,0,mcg
1009,Calcium,2.4,mg
1009,Iron,0.3,mg
1009,Magnesium,0,mg
1009,Phosphorus,0,mg
1009,Sodium,1,mg
1009,Potassium,13.7,mg
1009,Zinc,0.1,mg
1010,Energy,48,cal
1010,Protein,1.2,g
1010,Carbohydrates,7.9,g
1010,Fiber,0,g
1010,Fat,1.3,g
1010,Cholesterol,0,mg
1010,Vitamin A,13.9,mcg
1010,Vitamin B1,0,mg
1010,Vitamin B2,0,mg
1010,Vitamin B3,0.3,mg
1010,Vitamin C,0,mg
1010,Folic Acid,0,mcg
1010,Calcium,2.4,mg
1010,Iron,0.3,mg
1010,Magnesium,0,mg
1010,Phosphorus,0,mg
1010,Sodium,1,mg
1010,Potassium,13.7,mg
1010,Zinc,0.1,mg
1011,Energy,48,cal
1011,Protein,1.2,g
1011,Carbohydrates,7.9,g
1011,Fiber,0,g
1011,Fat,1.3,g
1011,Cholesterol,0,mg
1011,Vitamin A,13.9,mcg
1011,Vitamin B1,0,mg
1011,Vitamin B2,0,mg
1011,Vitamin B3,0.3,mg
1011,Vitamin C,0,mg
1011,Folic Acid,0,mcg
1011,Calcium,2.4,mg
1011,Iron,0.3,mg
1011,Magnesium,0,mg
1011,Phosphorus,0,mg
1011,Sodium,1,mg
1011,Potassium,13.7,mg
1011,Zinc,0.1,mg
1012,Energy,478,cal
1012,Protein,10.6,g
1012,Carbohydrates,25.7,g
1012,Fiber,1.4,g
1012,Fat,35.5,g
1012,Cholesterol,0,mg
1012,Vitamin A,387.5,mcg
1012,Vitamin B1,0.2,mg
1012,Vitamin B2,0.3,mg
1012,Vitamin B3,2.8,mg
1012,Vitamin C,17.9,mg
1012,Folic Acid,18.3,mcg
1012,Calcium,261.6,mg
1012,Iron,2.4,mg
1012,Magnesium,0,mg
1012,Phosphorus,0,mg
1012,Sodium,26,mg
1012,Potassium,200.7,mg
1012,Zinc,0.6,mg
1013,Energy,478,cal
1013,Protein,10.6,g
1013,Carbohydrates,25.7,g
1013,Fiber,1.4,g
1013,Fat,35.5,g
1013,Cholesterol,0,mg
1013,Vitamin A,387.5,mcg
1013,Vitamin B1,0.2,mg
1013,Vitamin B2,0.3,mg
1013,Vitamin B3,2.8,mg
1013,Vitamin C,17.9,mg
1013,Folic Acid,18.3,mcg
1013,Calcium,261.6,mg
1013,Iron,2.4,mg
1013,Magnesium,0,mg
1013,Phosphorus,0,mg
1013,Sodium,26,mg
1013,Potassium,200.7,mg
1013,Zinc,0.6,mg
1014,Energy,219,cal
1014,Protein,9.9,g
1014,Carbohydrates,24.5,g
1014,Fiber,1.9,g
1014,Fat,9,g
1014,Cholesterol,0,mg
1014,Vitamin A,384.6,mcg
1014,Vitamin B1,0.2,mg
1014,Vitamin B2,0.1,mg
1014,Vitamin B3,0.9,mg
1014,Vitamin C,25.5,mg
1014,Folic Acid,15.7,mcg
1014,Calcium,105.6,mg
1014,Iron,1.8,mg
1014,Magnesium,0,mg
1014,Phosphorus,0,mg
1014,Sodium,8.1,mg
1014,Potassium,88.2,mg
1014,Zinc,0.1,mg
1015,Energy,214,cal
1015,Protein,9.8,g
1015,Carbohydrates,26.7,g
1015,Fiber,1.8,g
1015,Fat,7.9,g
1015,Cholesterol,0,mg
1015,Vitamin A,302.6,mcg
1015,Vitamin B1,0.4,mg
1015,Vitamin B2,0.1,mg
1015,Vitamin B3,0.8,mg
1015,Vitamin C,44.8,mg
1015,Folic Acid,13.2,mcg
1015,Calcium,51.7,mg
1015,Iron,1.4,mg
1015,Magnesium,0,mg
1015,Phosphorus,0,mg
1015,Sodium,83,mg
1015,Potassium,89.7,mg
1015,Zinc,0.1,mg
1016,Energy,214,cal
1016,Protein,9.8,g
1016,Carbohydrates,26.7,g
1016,Fiber,1.8,g
1016,Fat,7.9,g
1016,Cholesterol,0,mg
1016,Vitamin A,302.6,mcg
1016,Vitamin B1,0.4,mg
1016,Vitamin B2,0.1,mg
1016,Vitamin B3,0.8,mg
1016,Vitamin C,44.8,mg
1016,Folic Acid,13.2,mcg
1016,Calcium,51.7,mg
1016,Iron,1.4,mg
1016,Magnesium,0,mg
1016,Phosphorus,0,mg
1016,Sodium,83,mg
1016,Potassium,89.7,mg
1016,Zinc,0.1,mg
1017,Energy,101,cal
1017,Protein,0,g
1017,Carbohydrates,8.5,g
1017,Fiber,0,g
1017,Fat,7.4,g
1017,Cholesterol,22.9,mg
1017,Sodium,75.5,mg
1018,Energy,93,cal
1018,Protein,2.2,g
1018,Carbohydrates,14.1,g
1018,Fiber,0.1,g
1018,Fat,3,g
1018,Cholesterol,0.8,mg
1018,Sodium,2.7,mg
1019,Energy,93,cal
1019,Protein,2.2,g
1019,Carbohydrates,14.1,g
1019,Fiber,0.1,g
1019,Fat,3,g
1019,Cholesterol,0.8,mg
1019,Sodium,2.7,mg
1020,Energy,404,cal
1020,Protein,4.8,g
1020,Carbohydrates,39.2,g
1020,Fiber,2.5,g
1020,Fat,24.9,g
1020,Cholesterol,12,mg
1020,Vitamin A,343.3,mcg
1020,Vitamin B1,0.1,mg
1020,Vitamin B2,0,mg
1020,Vitamin B3,1.3,mg
1020,Vitamin C,0.1,mg
1020,Folic Acid,16.8,mcg
1020,Calcium,17.7,mg
1020,Iron,0.7,mg
1020,Magnesium,0,mg
1020,Phosphorus,0,mg
1020,Sodium,46,mg
1020,Potassium,113.9,mg
1020,Zinc,0.6,mg
1021,Energy,138,cal
1021,Protein,3.5,g
1021,Carbohydrates,20.9,g
1021,Fiber,0.3,g
1021,Fat,4.3,g
1021,Cholesterol,11,mg
1021,Sodium,36.9,mg
1022,Energy,191,cal
1022,Protein,3.6,g
1022,Carbohydrates,21.6,g
1022,Fiber,0.5,g
1022,Fat,9.9,g
1022,Cholesterol,16.2,mg
1022,Sodium,55.2,mg
1023,Energy,95,cal
1023,Protein,1.5,g
1023,Carbohydrates,8.7,g
1023,Fiber,0.2,g
1023,Fat,6,g
1023,Cholesterol,12.7,mg
1023,Sodium,42.7,mg
1024,Energy,193,cal
1024,Protein,2.7,g
1024,Carbohydrates,31.3,g
1024,Fiber,1.6,g
1024,Fat,6.3,g
1024,Cholesterol,0,mg
1024,Vitamin A,203.2,mcg
1024,Vitamin B1,0,mg
1024,Vitamin B2,0,mg
1024,Vitamin B3,0.8,mg
1024,Vitamin C,0,mg
1024,Folic Acid,3.2,mcg
1024,Calcium,4,mg
1024,Iron,0.3,mg
1024,Magnesium,0,mg
1024,Phosphorus,0,mg
1024,Sodium,49.6,mg
1024,Potassium,1.6,mg
1024,Zinc,0.5,mg
1025,Energy,150,cal
1025,Protein,3.4,g
1025,Carbohydrates,23.8,g
1025,Fiber,2.5,g
1025,Fat,6.2,g
1025,Cholesterol,0,mg
1025,Vitamin A,256.7,mcg
1025,Vitamin B1,0.1,mg
1025,Vitamin B2,0.1,mg
1025,Vitamin B3,0.1,mg
1025,Vitamin C,5.9,mg
1025,Folic Acid,22.8,mcg
1025,Calcium,7.9,mg
1025,Iron,0.4,mg
1025,Magnesium,0,mg
1025,Phosphorus,0,mg
1025,Sodium,67.4,mg
1025,Potassium,177.4,mg
1025,Zinc,0.4,mg
1026,Energy,150,cal
1026,Protein,3.4,g
1026,Carbohydrates,23.8,g
1026,Fiber,2.5,g
1026,Fat,6.2,g
1026,Cholesterol,0,mg
1026,Vitamin A,256.7,mcg
1026,Vitamin B1,0.1,mg
1026,Vitamin B2,0.1,mg
1026,Vitamin B3,0.1,mg
1026,Vitamin C,5.9,mg
1026,Folic Acid,22.8,mcg
1026,Calcium,7.9,mg
1026,Iron,0.4,mg
1026,Magnesium,0,mg
1026,Phosphorus,0,mg
1026,Sodium,67.4,mg
1026,Potassium,177.4,mg
1026,Zinc,0.4,mg
1027,Energy,150,cal
1027,Protein,3.4,g
1027,Carbohydrates,23.8,g
1027,Fiber,2.5,g
1027,Fat,6.2,g
1027,Cholesterol,0,mg
1027,Vitamin A,256.7,mcg
1027,Vitamin B1,0.1,mg
1027,Vitamin B2,0.1,mg
1027,Vitamin B3,0.1,mg
1027,Vitamin C,5.9,mg
1027,Folic Acid,22.8,mcg
1027,Calcium,7.9,mg
1027,Iron,0.4,mg
1027,Magnesium,0,mg
1027,Phosphorus,0,mg
1027,Sodium,67.4,mg
1027,Potassium,177.4,mg
1027,Zinc,0.4,mg
1029,Energy,91,cal
1029,Protein,0.2,g
1029,Carbohydrates,13.5,g
1029,Fiber,0,g
1029,Fat,4.1,g
1029,Cholesterol,4.3,mg
1029,Sodium,17.1,mg
1030,Energy,45,cal
1030,Protein,0,g
1030,Carbohydrates,0.3,g
1030,Fiber,0,g
1030,Fat,4.9,g
1030,Cholesterol,0,mg
1030,Vitamin A,192.2,mcg
1030,Vitamin B1,0,mg
1030,Vitamin B2,0,mg
1030,Vitamin B3,0,mg
1030,Vitamin C,0,mg
1030,Folic Acid,0.3,mcg
1030,Calcium,0,mg
1030,Iron,0,mg
1030,Magnesium,0,mg
1030,Phosphorus,0,mg
1030,Sodium,49.6,mg
1030,Potassium,3.3,mg
1030,Zinc,0,mg
1031,Energy,45,cal
1031,Protein,0,g
1031,Carbohydrates,0.3,g
1031,Fiber,0,g
1031,Fat,4.9,g
1031,Cholesterol,0,mg
1031,Vitamin A,192.2,mcg
1031,Vitamin B1,0,mg
1031,Vitamin B2,0,mg
1031,Vitamin B3,0,mg
1031,Vitamin C,0,mg
1031,Folic Acid,0.3,mcg
1031,Calcium,0,mg
1031,Iron,0,mg
1031,Magnesium,0,mg
1031,Phosphorus,0,mg
1031,Sodium,49.6,mg
1031,Potassium,3.3,mg
1031,Zinc,0,mg
1032,Energy,50,cal
1032,Protein,0.3,g
1032,Carbohydrates,1.2,g
1032,Fiber,0.5,g
1032,Fat,4.9,g
1032,Cholesterol,0,mg
1032,Vitamin A,227.9,mcg
1032,Vitamin B1,0,mg
1032,Vitamin B2,0,mg
1032,Vitamin B3,0,mg
1032,Vitamin C,17.4,mg
1032,Folic Acid,3.4,mcg
1032,Calcium,10.3,mg
1032,Iron,0.2,mg
1032,Magnesium,0,mg
1032,Phosphorus,0,mg
1032,Sodium,49.9,mg
1032,Potassium,27.5,mg
1032,Zinc,0.1,mg
1033,Energy,27,cal
1033,Protein,0.9,g
1033,Carbohydrates,2.7,g
1033,Fiber,1.4,g
1033,Fat,1.4,g
1033,Cholesterol,0,mg
1033,Vitamin A,86.1,mcg
1033,Vitamin B1,0.1,mg
1033,Vitamin B2,0,mg
1033,Vitamin B3,0.2,mg
1033,Vitamin C,61,mg
1033,Folic Acid,9.4,mcg
1033,Calcium,20.1,mg
1033,Iron,0.4,mg
1033,Magnesium,0,mg
1033,Phosphorus,0,mg
1033,Sodium,0,mg
1033,Potassium,13.5,mg
1033,Zinc,0.1,mg
1034,Energy,119,cal
1034,Protein,4.9,g
1034,Carbohydrates,7.6,g
1034,Fiber,1.9,g
1034,Fat,7.6,g
1034,Cholesterol,10.6,mg
1034,Sodium,95.6,mg
1035,Energy,49,cal
1035,Protein,1,g
1035,Carbohydrates,5.3,g
1035,Fiber,2.2,g
1035,Fat,2.6,g
1035,Cholesterol,0,mg
1035,Sodium,15.3,mg
1036,Energy,49,cal
1036,Protein,0.9,g
1036,Carbohydrates,10.6,g
1036,Fiber,0.5,g
1036,Fat,0.2,g
1036,Cholesterol,0,mg
1036,Sodium,1.7,mg
1037,Energy,159,cal
1037,Protein,4,g
1037,Carbohydrates,11.2,g
1037,Fiber,4.5,g
1037,Fat,10.9,g
1037,Cholesterol,0,mg
1037,Sodium,22.3,mg
1038,Energy,75,cal
1038,Protein,1.5,g
1038,Carbohydrates,5.5,g
1038,Fiber,3.1,g
1038,Fat,5.2,g
1038,Cholesterol,0,mg
1038,Sodium,20,mg
1039,Energy,75,cal
1039,Protein,1.5,g
1039,Carbohydrates,5.5,g
1039,Fiber,3.1,g
1039,Fat,5.2,g
1039,Cholesterol,0,mg
1039,Sodium,20,mg
1040,Energy,75,cal
1040,Protein,1.5,g
1040,Carbohydrates,5.5,g
1040,Fiber,3.1,g
1040,Fat,5.2,g
1040,Cholesterol,0,mg
1040,Sodium,20,mg
1041,Energy,127,cal
1041,Protein,1.5,g
1041,Carbohydrates,12.5,g
1041,Fiber,2.6,g
1041,Fat,7.8,g
1041,Cholesterol,0.1,mg
1041,Sodium,13,mg
1042,Energy,105,cal
1042,Protein,3.3,g
1042,Carbohydrates,11.9,g
1042,Fiber,1.8,g
1042,Fat,3.7,g
1042,Cholesterol,0,mg
1042,Vitamin A,241.8,mcg
1042,Vitamin B1,0,mg
1042,Vitamin B2,0.1,mg
1042,Vitamin B3,0.3,mg
1042,Vitamin C,51.9,mg
1042,Folic Acid,13.3,mcg
1042,Calcium,141.9,mg
1042,Iron,0.7,mg
1042,Magnesium,0,mg
1042,Phosphorus,0,mg
1042,Sodium,12.2,mg
1042,Potassium,54.3,mg
1042,Zinc,0.2,mg
1043,Energy,105,cal
1043,Protein,3.3,g
1043,Carbohydrates,11.9,g
1043,Fiber,1.8,g
1043,Fat,3.7,g
1043,Cholesterol,0,mg
1043,Vitamin A,241.8,mcg
1043,Vitamin B1,0,mg
1043,Vitamin B2,0.1,mg
1043,Vitamin B3,0.3,mg
1043,Vitamin C,51.9,mg
1043,Folic Acid,13.3,mcg
1043,Calcium,141.9,mg
1043,Iron,0.7,mg
1043,Magnesium,0,mg
1043,Phosphorus,0,mg
1043,Sodium,12.2,mg
1043,Potassium,54.3,mg
1043,Zinc,0.2,mg
1044,Energy,137,cal
1044,Protein,7.4,g
1044,Carbohydrates,18.4,g
1044,Fiber,3.9,g
1044,Fat,3.7,g
1044,Cholesterol,0,mg
1044,Sodium,19.3,mg
1045,Energy,90,cal
1045,Protein,2.8,g
1045,Carbohydrates,16.5,g
1045,Fiber,2.8,g
1045,Fat,1.8,g
1045,Cholesterol,0,mg
1045,Sodium,134.4,mg
1046,Energy,224,cal
1046,Protein,7.4,g
1046,Carbohydrates,24,g
1046,Fiber,0.6,g
1046,Fat,10.9,g
1046,Cholesterol,12.5,mg
1046,Sodium,45.9,mg
1047,Energy,224,cal
1047,Protein,7.4,g
1047,Carbohydrates,24,g
1047,Fiber,0.6,g
1047,Fat,10.9,g
1047,Cholesterol,12.5,mg
1047,Sodium,45.9,mg
1048,Energy,224,cal
1048,Protein,7.4,g
1048,Carbohydrates,24,g
1048,Fiber,0.6,g
1048,Fat,10.9,g
1048,Cholesterol,12.5,mg
1048,Sodium,45.9,mg
1049,Energy,60,cal
1049,Protein,2.1,g
1049,Carbohydrates,11.3,g
1049,Fiber,0.1,g
1049,Fat,0.8,g
1049,Cholesterol,0,mg
1049,Sodium,0.8,mg
1052,Energy,100,cal
1052,Protein,3.9,g
1052,Carbohydrates,19.9,g
1052,Fiber,3.6,g
1052,Fat,0.9,g
1052,Cholesterol,0,mg
1052,Sodium,11,mg
1053,Energy,100,cal
1053,Protein,3.9,g
1053,Carbohydrates,19.9,g
1053,Fiber,3.6,g
1053,Fat,0.9,g
1053,Cholesterol,0,mg
1053,Sodium,11,mg
1054,Energy,278,cal
1054,Protein,13.5,g
1054,Carbohydrates,35.9,g
1054,Fiber,9.3,g
1054,Fat,8.2,g
1054,Cholesterol,5.3,mg
1054,Sodium,51.7,mg
1055,Energy,129,cal
1055,Protein,2.4,g
1055,Carbohydrates,5.8,g
1055,Fiber,3.8,g
1055,Fat,10.7,g
1055,Cholesterol,0,mg
1055,Sodium,7.2,mg
1056,Energy,129,cal
1056,Protein,2.4,g
1056,Carbohydrates,5.8,g
1056,Fiber,3.8,g
1056,Fat,10.7,g
1056,Cholesterol,0,mg
1056,Sodium,7.2,mg
1057,Energy,146,cal
1057,Protein,4.6,g
1057,Carbohydrates,26.4,g
1057,Fiber,4.1,g
1057,Fat,2.4,g
1057,Cholesterol,0,mg
1057,Sodium,16.3,mg
1058,Energy,347,cal
1058,Protein,7,g
1058,Carbohydrates,47.6,g
1058,Fiber,6.1,g
1058,Fat,13.7,g
1058,Cholesterol,4,mg
1058,Sodium,16.7,mg
1059,Energy,97,cal
1059,Protein,1.9,g
1059,Carbohydrates,12.3,g
1059,Fiber,1.8,g
1059,Fat,4.5,g
1059,Cholesterol,0,mg
1059,Sodium,3.1,mg
1060,Energy,41,cal
1060,Protein,1.1,g
1060,Carbohydrates,4.2,g
1060,Fiber,1.8,g
1060,Fat,2.1,g
1060,Cholesterol,0,mg
1060,Sodium,11.1,mg
1061,Energy,41,cal
1061,Protein,1.1,g
1061,Carbohydrates,4.2,g
1061,Fiber,1.8,g
1061,Fat,2.1,g
1061,Cholesterol,0,mg
1061,Sodium,11.1,mg
1063,Energy,64,cal
1063,Protein,2.6,g
1063,Carbohydrates,7.4,g
1063,Fiber,3.4,g
1063,Fat,2.6,g
1063,Cholesterol,0,mg
1063,Sodium,13.5,mg
1064,Energy,211,kcal
1064,Protein,9,gm
1064,Carbohydrate,36.9,gm
1064,Fat,3,gm
1064,Vitamin C,37.2,mg
1064,Calcium,35.1,mg
1064,Iron,1.5,mg
1064,Folic Acid,48,mcg
1064,Fibre,4.1,gm
1065,Energy,148,cal
1065,Protein,3.6,g
1065,Carbohydrates,21.6,g
1065,Fiber,2.6,g
1065,Fat,5.1,g
1065,Cholesterol,1.2,mg
1065,Sodium,9.2,mg
1066,Energy,148,cal
1066,Protein,3.6,g
1066,Carbohydrates,21.6,g
1066,Fiber,2.6,g
1066,Fat,5.1,g
1066,Cholesterol,1.2,mg
1066,Sodium,9.2,mg
1067,Energy,167,cal
1067,Protein,5.8,g
1067,Carbohydrates,16.2,g
1067,Fiber,5.6,g
1067,Fat,8.7,g
1067,Cholesterol,0,mg
1067,Vitamin A,399.9,mcg
1067,Vitamin B1,0.1,mg
1067,Vitamin B2,0.1,mg
1067,Vitamin B3,0.8,mg
1067,Vitamin C,105.9,mg
1067,Folic Acid,49.1,mcg
1067,Calcium,49,mg
1067,Iron,1.8,mg
1067,Magnesium,0,mg
1067,Phosphorus,0,mg
1067,Sodium,16.8,mg
1067,Potassium,155.3,mg
1067,Zinc,0.6,mg
1068,Energy,36,cal
1068,Protein,1.4,g
1068,Carbohydrates,4.1,g
1068,Fiber,1.1,g
1068,Fat,1.6,g
1068,Cholesterol,0,mg
1068,Sodium,5.7,mg
1069,Energy,36,cal
1069,Protein,1.4,g
1069,Carbohydrates,4.1,g
1069,Fiber,1.1,g
1069,Fat,1.6,g
1069,Cholesterol,0,mg
1069,Sodium,5.7,mg
1070,Energy,71,cal
1070,Protein,1.7,g
1070,Carbohydrates,4.4,g
1070,Fiber,2.4,g
1070,Fat,5.1,g
1070,Cholesterol,0,mg
1070,Sodium,15.2,mg
1071,Energy,220,cal
1071,Protein,8.3,g
1071,Carbohydrates,36.2,g
1071,Fiber,6.5,g
1071,Fat,4.6,g
1071,Cholesterol,0,mg
1071,Sodium,31,mg
1072,Energy,171,cal
1072,Protein,3,g
1072,Carbohydrates,28.4,g
1072,Fiber,2.3,g
1072,Fat,5.1,g
1072,Cholesterol,0,mg
1072,Vitamin A,241.7,mcg
1072,Vitamin B1,0.1,mg
1072,Vitamin B2,0.1,mg
1072,Vitamin B3,0.8,mg
1072,Vitamin C,44.1,mg
1072,Folic Acid,10.6,mcg
1072,Calcium,23.2,mg
1072,Iron,0.6,mg
1072,Magnesium,0,mg
1072,Phosphorus,0,mg
1072,Sodium,50.2,mg
1072,Potassium,22.5,mg
1072,Zinc,0.6,mg
1073,Energy,217,cal
1073,Protein,4.5,g
1073,Carbohydrates,35.5,g
1073,Fiber,2.2,g
1073,Fat,6.4,g
1073,Cholesterol,0,mg
1073,Vitamin A,243.6,mcg
1073,Vitamin B1,0.1,mg
1073,Vitamin B2,0,mg
1073,Vitamin B3,0.9,mg
1073,Vitamin C,21.8,mg
1073,Folic Acid,6.2,mcg
1073,Calcium,51.9,mg
1073,Iron,0.6,mg
1073,Magnesium,0,mg
1073,Phosphorus,0,mg
1073,Sodium,49.9,mg
1073,Potassium,11.1,mg
1073,Zinc,0.6,mg
1074,Energy,141,cal
1074,Protein,2.9,g
1074,Carbohydrates,16.3,g
1074,Fiber,1.5,g
1074,Fat,7.1,g
1074,Cholesterol,19.5,mg
1074,Sodium,109.9,mg
1075,Energy,141,cal
1075,Protein,2.9,g
1075,Carbohydrates,16.3,g
1075,Fiber,1.5,g
1075,Fat,7.1,g
1075,Cholesterol,19.5,mg
1075,Sodium,109.9,mg
1076,Energy,58,cal
1076,Protein,1.7,g
1076,Carbohydrates,6.6,g
1076,Fiber,2.6,g
1076,Fat,2.7,g
1076,Cholesterol,0,mg
1076,Sodium,16.7,mg
1077,Energy,58,cal
1077,Protein,1.7,g
1077,Carbohydrates,6.6,g
1077,Fiber,2.6,g
1077,Fat,2.7,g
1077,Cholesterol,0,mg
1077,Sodium,16.7,mg
1078,Energy,113,cal
1078,Protein,1.4,g
1078,Carbohydrates,3.7,g
1078,Fiber,2.6,g
1078,Fat,10.2,g
1078,Cholesterol,0,mg
1078,Sodium,13.2,mg
1079,Energy,20,cal
1079,Protein,0.7,g
1079,Carbohydrates,2.5,g
1079,Fiber,0.6,g
1079,Fat,0.8,g
1079,Cholesterol,0,mg
1079,Sodium,2.7,mg
1080,Energy,82,cal
1080,Protein,2.4,g
1080,Carbohydrates,8.1,g
1080,Fiber,3,g
1080,Fat,4.4,g
1080,Cholesterol,0,mg
1080,Sodium,14.4,mg
1081,Energy,71,cal
1081,Protein,2.6,g
1081,Carbohydrates,8,g
1081,Fiber,2.2,g
1081,Fat,3.2,g
1081,Cholesterol,0,mg
1081,Sodium,11.2,mg
1082,Energy,83,cal
1082,Protein,3.6,g
1082,Carbohydrates,8.4,g
1082,Fiber,4.7,g
1082,Fat,3.8,g
1082,Cholesterol,0,mg
1082,Sodium,13.8,mg
1083,Energy,141,cal
1083,Protein,1.4,g
1083,Carbohydrates,16,g
1083,Fiber,4.3,g
1083,Fat,8.1,g
1083,Cholesterol,0,mg
1083,Vitamin A,496.8,mcg
1083,Vitamin B1,0.1,mg
1083,Vitamin B2,0.1,mg
1083,Vitamin B3,0.3,mg
1083,Vitamin C,55.2,mg
1083,Folic Acid,9.6,mcg
1083,Calcium,71.4,mg
1083,Iron,2.2,mg
1083,Magnesium,0,mg
1083,Phosphorus,0,mg
1083,Sodium,39.2,mg
1083,Potassium,90.6,mg
1083,Zinc,0.3,mg
1084,Amount,136,gm.
1084,Energy,94,kcal.
1084,Fat,2.7,gm.
1084,Fibre,1.9,gm.
1084,Carbohydrate,16.2,gm.
1084,Protein,2.4,gm.
1085,Energy,29,cal
1085,Protein,1,g
1085,Carbohydrates,6,g
1085,Fiber,1.9,g
1085,Fat,0.1,g
1085,Cholesterol,0,mg
1085,Sodium,19.2,mg
1086,Energy,29,cal
1086,Protein,1,g
1086,Carbohydrates,6,g
1086,Fiber,1.9,g
1086,Fat,0.1,g
1086,Cholesterol,0,mg
1086,Sodium,19.2,mg
1087,Energy,278,cal
1087,Protein,10.5,g
1087,Carbohydrates,26.6,g
1087,Fiber,1.6,g
1087,Fat,14.4,g
1087,Cholesterol,28.3,mg
1087,Sodium,227.2,mg
1088,Energy,76,calories.
1088,Protein,4,gm
1088,Carbohydrates,13.5,gm
1088,Fat,0.6,gm
1088,Vitamin C,12.8,mg
1088,Iron,1.1,mg
1088,Fibre,1,gm
1089,Energy,181,cal
1089,Protein,5.1,g
1089,Carbohydrates,27,g
1089,Fiber,0.2,g
1089,Fat,4.8,g
1089,Cholesterol,6.9,mg
1089,Sodium,9.7,mg
1090,Energy,589,cal
1090,Protein,5.5,g
1090,Carbohydrates,26.3,g
1090,Fiber,0.4,g
1090,Fat,53.3,g
1090,Cholesterol,9.5,mg
1090,Sodium,442.7,mg
1091,Energy,589,cal
1091,Protein,5.5,g
1091,Carbohydrates,26.3,g
1091,Fiber,0.4,g
1091,Fat,53.3,g
1091,Cholesterol,9.5,mg
1091,Sodium,442.7,mg
1092,Energy,589,cal
1092,Protein,5.5,g
1092,Carbohydrates,26.3,g
1092,Fiber,0.4,g
1092,Fat,53.3,g
1092,Cholesterol,9.5,mg
1092,Sodium,442.7,mg
1093,Energy,589,cal
1093,Protein,5.5,g
1093,Carbohydrates,26.3,g
1093,Fiber,0.4,g
1093,Fat,53.3,g
1093,Cholesterol,9.5,mg
1093,Sodium,442.7,mg
1094,Energy,41,cal
1094,Protein,0.7,g
1094,Carbohydrates,4.8,g
1094,Fiber,0,g
1094,Fat,2.9,g
1094,Cholesterol,0.5,mg
1094,Sodium,0.8,mg
1095,Energy,41,cal
1095,Protein,0.7,g
1095,Carbohydrates,4.8,g
1095,Fiber,0,g
1095,Fat,2.9,g
1095,Cholesterol,0.5,mg
1095,Sodium,0.8,mg
1096,Energy,41,cal
1096,Protein,0.7,g
1096,Carbohydrates,4.8,g
1096,Fiber,0,g
1096,Fat,2.9,g
1096,Cholesterol,0.5,mg
1096,Sodium,0.8,mg
1097,Energy,41,cal
1097,Protein,0.7,g
1097,Carbohydrates,4.8,g
1097,Fiber,0,g
1097,Fat,2.9,g
1097,Cholesterol,0.5,mg
1097,Sodium,0.8,mg
1098,Energy,41,cal
1098,Protein,0.7,g
1098,Carbohydrates,4.8,g
1098,Fiber,0,g
1098,Fat,2.9,g
1098,Cholesterol,0.5,mg
1098,Sodium,0.8,mg
1099,Energy,41,cal
1099,Protein,0.7,g
1099,Carbohydrates,4.8,g
1099,Fiber,0,g
1099,Fat,2.9,g
1099,Cholesterol,0.5,mg
1099,Sodium,0.8,mg
1100,Energy,156,cal
1100,Protein,2.7,g
1100,Carbohydrates,26.2,g
1100,Fiber,0.2,g
1100,Fat,4.4,g
1100,Cholesterol,11,mg
1100,Sodium,176.2,mg
1101,Energy,34,cal
1101,Protein,0.7,g
1101,Carbohydrates,2.2,g
1101,Fiber,0.7,g
1101,Fat,2.6,g
1101,Cholesterol,0,mg
1101,Sodium,2.3,mg
1102,Energy,43,cal
1102,Protein,0.5,g
1102,Carbohydrates,1.9,g
1102,Fiber,0.5,g
1102,Fat,3.8,g
1102,Cholesterol,0,mg
1102,Vitamin A,85,mcg
1102,Vitamin B1,0.1,mg
1102,Vitamin B2,0,mg
1102,Vitamin B3,0,mg
1102,Vitamin C,17.3,mg
1102,Folic Acid,0.5,mcg
1102,Calcium,4.7,mg
1102,Iron,0.1,mg
1102,Magnesium,0,mg
1102,Phosphorus,0,mg
1102,Sodium,0.3,mg
1102,Potassium,9.5,mg
1102,Zinc,0,mg
1103,Energy,43,cal
1103,Protein,0.5,g
1103,Carbohydrates,1.9,g
1103,Fiber,0.5,g
1103,Fat,3.8,g
1103,Cholesterol,0,mg
1103,Vitamin A,85,mcg
1103,Vitamin B1,0.1,mg
1103,Vitamin B2,0,mg
1103,Vitamin B3,0,mg
1103,Vitamin C,17.3,mg
1103,Folic Acid,0.5,mcg
1103,Calcium,4.7,mg
1103,Iron,0.1,mg
1103,Magnesium,0,mg
1103,Phosphorus,0,mg
1103,Sodium,0.3,mg
1103,Potassium,9.5,mg
1103,Zinc,0,mg
1104,Energy,59,cal
1104,Protein,1.2,g
1104,Carbohydrates,2.7,g
1104,Fiber,0.9,g
1104,Fat,5.1,g
1104,Cholesterol,0,mg
1104,Vitamin A,243.2,mcg
1104,Vitamin B1,0.1,mg
1104,Vitamin B2,0.2,mg
1104,Vitamin B3,2,mg
1104,Vitamin C,18.1,mg
1104,Folic Acid,10.1,mcg
1104,Calcium,3.6,mg
1104,Iron,0.7,mg
1104,Magnesium,0,mg
1104,Phosphorus,0,mg
1104,Sodium,51.5,mg
1104,Potassium,179.2,mg
1104,Zinc,0.4,mg
1105,Energy,35,cal
1105,Protein,0.5,g
1105,Carbohydrates,1.4,g
1105,Fiber,0.7,g
1105,Fat,3,g
1105,Cholesterol,0,mg
1105,Sodium,1.3,mg
1106,Energy,116,cal
1106,Protein,2.2,g
1106,Carbohydrates,6.3,g
1106,Fiber,3.5,g
1106,Fat,9,g
1106,Cholesterol,0,mg
1106,Vitamin A,544.9,mcg
1106,Vitamin B1,0.6,mg
1106,Vitamin B2,0.1,mg
1106,Vitamin B3,0.2,mg
1106,Vitamin C,155.4,mg
1106,Folic Acid,1.5,mcg
1106,Calcium,33.1,mg
1106,Iron,0.8,mg
1106,Magnesium,0,mg
1106,Phosphorus,0,mg
1106,Sodium,1.9,mg
1106,Potassium,9,mg
1106,Zinc,0.1,mg
1107,Energy,238,cal
1107,Protein,3.7,g
1107,Carbohydrates,26.1,g
1107,Fiber,2.7,g
1107,Fat,13.4,g
1107,Cholesterol,0,mg
1107,Sodium,3.3,mg
1108,Energy,173,cal
1108,Protein,2,g
1108,Carbohydrates,24.6,g
1108,Fiber,0,g
1108,Fat,7.4,g
1108,Cholesterol,0,mg
1108,Vitamin A,272.7,mcg
1108,Vitamin B1,0,mg
1108,Vitamin B2,0,mg
1108,Vitamin B3,0.3,mg
1108,Vitamin C,0,mg
1108,Folic Acid,3.1,mcg
1108,Calcium,7.5,mg
1108,Iron,0.4,mg
1108,Magnesium,0,mg
1108,Phosphorus,0,mg
1108,Sodium,60.7,mg
1108,Potassium,21.6,mg
1108,Zinc,0.1,mg
1109,Energy,173,cal
1109,Protein,2,g
1109,Carbohydrates,24.6,g
1109,Fiber,0,g
1109,Fat,7.4,g
1109,Cholesterol,0,mg
1109,Vitamin A,272.7,mcg
1109,Vitamin B1,0,mg
1109,Vitamin B2,0,mg
1109,Vitamin B3,0.3,mg
1109,Vitamin C,0,mg
1109,Folic Acid,3.1,mcg
1109,Calcium,7.5,mg
1109,Iron,0.4,mg
1109,Magnesium,0,mg
1109,Phosphorus,0,mg
1109,Sodium,60.7,mg
1109,Potassium,21.6,mg
1109,Zinc,0.1,mg
1110,Energy,173,cal
1110,Protein,2,g
1110,Carbohydrates,24.6,g
1110,Fiber,0,g
1110,Fat,7.4,g
1110,Cholesterol,0,mg
1110,Vitamin A,272.7,mcg
1110,Vitamin B1,0,mg
1110,Vitamin B2,0,mg
1110,Vitamin B3,0.3,mg
1110,Vitamin C,0,mg
1110,Folic Acid,3.1,mcg
1110,Calcium,7.5,mg
1110,Iron,0.4,mg
1110,Magnesium,0,mg
1110,Phosphorus,0,mg
1110,Sodium,60.7,mg
1110,Potassium,21.6,mg
1110,Zinc,0.1,mg
1111,Energy,389,cal
1111,Protein,8.9,g
1111,Carbohydrates,59.5,g
1111,Fiber,0,g
1111,Fat,11.2,g
1111,Cholesterol,13.3,mg
1111,Sodium,100.8,mg
1112,Energy,212,cal
1112,Protein,2.4,g
1112,Carbohydrates,37.7,g
1112,Fiber,2.6,g
1112,Fat,5.7,g
1112,Cholesterol,0,mg
1112,Vitamin A,211.8,mcg
1112,Vitamin B1,0.1,mg
1112,Vitamin B2,0,mg
1112,Vitamin B3,0.4,mg
1112,Vitamin C,0,mg
1112,Folic Acid,4.4,mcg
1112,Calcium,2.2,mg
1112,Iron,0.5,mg
1112,Magnesium,0,mg
1112,Phosphorus,0,mg
1112,Sodium,53.1,mg
1112,Potassium,64.5,mg
1112,Zinc,0.6,mg
1113,Energy,341,cal
1113,Protein,7,g
1113,Carbohydrates,40.2,g
1113,Fiber,0.7,g
1113,Fat,15.4,g
1113,Cholesterol,16.4,mg
1113,Sodium,34.4,mg
1114,Energy,92,cal
1114,Protein,1.2,g
1114,Carbohydrates,11.5,g
1114,Fiber,0,g
1114,Fat,4.6,g
1114,Cholesterol,10.1,mg
1114,Sodium,52.8,mg
1115,Energy,104,cal
1115,Protein,2.9,g
1115,Carbohydrates,13,g
1115,Fiber,0,g
1115,Fat,4.5,g
1115,Cholesterol,4.5,mg
1115,Sodium,15.4,mg
1116,Energy,104,cal
1116,Protein,2.9,g
1116,Carbohydrates,13,g
1116,Fiber,0,g
1116,Fat,4.5,g
1116,Cholesterol,4.5,mg
1116,Sodium,15.4,mg
1117,Energy,104,cal
1117,Protein,2.9,g
1117,Carbohydrates,13,g
1117,Fiber,0,g
1117,Fat,4.5,g
1117,Cholesterol,4.5,mg
1117,Sodium,15.4,mg
1118,Energy,104,cal
1118,Protein,2.9,g
1118,Carbohydrates,13,g
1118,Fiber,0,g
1118,Fat,4.5,g
1118,Cholesterol,4.5,mg
1118,Sodium,15.4,mg
1119,Energy,112,cal
1119,Protein,0.5,g
1119,Carbohydrates,16.3,g
1119,Fiber,0.7,g
1119,Fat,5,g
1119,Cholesterol,15,mg
1119,Sodium,64.2,mg
1120,Energy,590,cal
1120,Protein,12.1,g
1120,Carbohydrates,48.2,g
1120,Fiber,0.8,g
1120,Fat,38.7,g
1120,Cholesterol,29.1,mg
1120,Vitamin A,479.3,mcg
1120,Vitamin B1,0.1,mg
1120,Vitamin B2,0.1,mg
1120,Vitamin B3,1.5,mg
1120,Vitamin C,13.2,mg
1120,Folic Acid,8.8,mcg
1120,Calcium,243.2,mg
1120,Iron,2,mg
1120,Magnesium,0,mg
1120,Phosphorus,0,mg
1120,Sodium,302.8,mg
1120,Potassium,227.6,mg
1120,Zinc,1.3,mg
1121,Energy,391,cal
1121,Protein,7,g
1121,Carbohydrates,42.3,g
1121,Fiber,0.5,g
1121,Fat,21.4,g
1121,Cholesterol,0,mg
1121,Vitamin A,449,mcg
1121,Vitamin B1,0.1,mg
1121,Vitamin B2,0,mg
1121,Vitamin B3,1.2,mg
1121,Vitamin C,6.7,mg
1121,Folic Acid,3.9,mcg
1121,Calcium,96.8,mg
1121,Iron,1.6,mg
1121,Magnesium,0,mg
1121,Phosphorus,0,mg
1121,Sodium,87.8,mg
1121,Potassium,137.4,mg
1121,Zinc,0.2,mg
1122,Energy,391,cal
1122,Protein,7,g
1122,Carbohydrates,42.3,g
1122,Fiber,0.5,g
1122,Fat,21.4,g
1122,Cholesterol,0,mg
1122,Vitamin A,449,mcg
1122,Vitamin B1,0.1,mg
1122,Vitamin B2,0,mg
1122,Vitamin B3,1.2,mg
1122,Vitamin C,6.7,mg
1122,Folic Acid,3.9,mcg
1122,Calcium,96.8,mg
1122,Iron,1.6,mg
1122,Magnesium,0,mg
1122,Phosphorus,0,mg
1122,Sodium,87.8,mg
1122,Potassium,137.4,mg
1122,Zinc,0.2,mg
1123,Energy,391,cal
1123,Protein,7,g
1123,Carbohydrates,42.3,g
1123,Fiber,0.5,g
1123,Fat,21.4,g
1123,Cholesterol,0,mg
1123,Vitamin A,449,mcg
1123,Vitamin B1,0.1,mg
1123,Vitamin B2,0,mg
1123,Vitamin B3,1.2,mg
1123,Vitamin C,6.7,mg
1123,Folic Acid,3.9,mcg
1123,Calcium,96.8,mg
1123,Iron,1.6,mg
1123,Magnesium,0,mg
1123,Phosphorus,0,mg
1123,Sodium,87.8,mg
1123,Potassium,137.4,mg
1123,Zinc,0.2,mg
1124,Energy,391,cal
1124,Protein,7,g
1124,Carbohydrates,42.3,g
1124,Fiber,0.5,g
1124,Fat,21.4,g
1124,Cholesterol,0,mg
1124,Vitamin A,449,mcg
1124,Vitamin B1,0.1,mg
1124,Vitamin B2,0,mg
1124,Vitamin B3,1.2,mg
1124,Vitamin C,6.7,mg
1124,Folic Acid,3.9,mcg
1124,Calcium,96.8,mg
1124,Iron,1.6,mg
1124,Magnesium,0,mg
1124,Phosphorus,0,mg
1124,Sodium,87.8,mg
1124,Potassium,137.4,mg
1124,Zinc,0.2,mg
1125,Energy,64,cal
1125,Protein,0.8,g
1125,Carbohydrates,5.5,g
1125,Fiber,0,g
1125,Fat,4.3,g
1125,Cholesterol,0,mg
1125,Vitamin A,148.9,mcg
1125,Vitamin B1,0,mg
1125,Vitamin B2,0,mg
1125,Vitamin B3,0.2,mg
1125,Vitamin C,0,mg
1125,Folic Acid,0.1,mcg
1125,Calcium,3.5,mg
1125,Iron,0.2,mg
1125,Magnesium,0,mg
1125,Phosphorus,0,mg
1125,Sodium,37,mg
1125,Potassium,10.9,mg
1125,Zinc,0,mg
1126,Energy,134,cal
1126,Protein,4.2,g
1126,Carbohydrates,15.9,g
1126,Fiber,0,g
1126,Fat,5.6,g
1126,Cholesterol,2.4,mg
1126,Sodium,2.9,mg
1127,Energy,366,cal
1127,Protein,8.6,g
1127,Carbohydrates,42.8,g
1127,Fiber,0,g
1127,Fat,13,g
1127,Cholesterol,32,mg
1127,Sodium,38,mg
1128,Energy,366,cal
1128,Protein,8.6,g
1128,Carbohydrates,42.8,g
1128,Fiber,0,g
1128,Fat,13,g
1128,Cholesterol,32,mg
1128,Sodium,38,mg
1129,Energy,404,cal
1129,Protein,3.9,g
1129,Carbohydrates,90.1,g
1129,Fiber,15,g
1129,Fat,3.4,g
1129,Cholesterol,0,mg
1129,Sodium,175.7,mg
1130,Energy,390,cal
1130,Protein,5.6,g
1130,Carbohydrates,55.7,g
1130,Fiber,8.7,g
1130,Fat,16.1,g
1130,Cholesterol,0,mg
1130,Vitamin A,212.8,mcg
1130,Vitamin B1,0.2,mg
1130,Vitamin B2,0.2,mg
1130,Vitamin B3,1.4,mg
1130,Vitamin C,30.6,mg
1130,Calcium,26,mg
1130,Iron,2.7,mg
1130,Folic Acid,8.5,mcg
1130,Sodium,51,mg
1130,Potassium,31.4,mg
1130,Zinc,0.8,mg
1131,Energy,15,cal
1131,Protein,0.2,g
1131,Carbohydrates,1.7,g
1131,Fiber,0.6,g
1131,Fat,0.7,g
1131,Cholesterol,0,mg
1131,Sodium,4.6,mg
1132,Energy,119,cal
1132,Protein,2,g
1132,Carbohydrates,8.3,g
1132,Fiber,3.1,g
1132,Fat,8.8,g
1132,Cholesterol,0,mg
1132,Sodium,100.1,mg
1133,Energy,77,cal
1133,Protein,3.2,g
1133,Carbohydrates,14.9,g
1133,Fiber,0.8,g
1133,Fat,0.7,g
1133,Cholesterol,0,mg
1133,Sodium,10.3,mg
1135,Energy,27,cal
1135,Protein,2,g
1135,Carbohydrates,4.4,g
1135,Fiber,0.8,g
1135,Fat,0.1,g
1135,Cholesterol,0,mg
1135,Sodium,34.1,mg
1136,Energy,49,cal
1136,Protein,1.9,g
1136,Carbohydrates,9.6,g
1136,Fiber,4.4,g
1136,Fat,0.4,g
1136,Cholesterol,0,mg
1136,Sodium,215.4,mg
1137,Energy,49,cal
1137,Protein,1.9,g
1137,Carbohydrates,9.6,g
1137,Fiber,4.4,g
1137,Fat,0.4,g
1137,Cholesterol,0,mg
1137,Sodium,215.4,mg
1138,Energy,77,cal
1138,Protein,0.9,g
1138,Carbohydrates,17.7,g
1138,Fiber,3.4,g
1138,Fat,0.3,g
1138,Cholesterol,0.1,mg
1138,Sodium,20.6,mg
1139,Energy,77,cal
1139,Protein,0.9,g
1139,Carbohydrates,17.7,g
1139,Fiber,3.4,g
1139,Fat,0.3,g
1139,Cholesterol,0.1,mg
1139,Sodium,20.6,mg
1140,Energy,75,cal
1140,Protein,2.2,g
1140,Carbohydrates,12.4,g
1140,Fiber,1.4,g
1140,Fat,1.8,g
1140,Cholesterol,0,mg
1140,Sodium,8,mg
1141,Energy,40,cal
1141,Protein,1.2,g
1141,Carbohydrates,8.3,g
1141,Fiber,2.4,g
1141,Fat,0.2,g
1141,Cholesterol,0,mg
1141,Vitamin A,880,mcg
1141,Vitamin B1,0.1,mg
1141,Vitamin B2,0,mg
1141,Vitamin B3,0.2,mg
1141,Vitamin C,74.7,mg
1141,Folic Acid,8.5,mcg
1141,Calcium,53.2,mg
1141,Iron,1,mg
1141,Magnesium,0,mg
1141,Phosphorus,0,mg
1141,Sodium,7,mg
1141,Potassium,19.6,mg
1141,Zinc,0.2,mg
1142,Energy,362,cal
1142,Protein,9.2,g
1142,Carbohydrates,23.5,g
1142,Fiber,0.9,g
1142,Fat,22.1,g
1142,Cholesterol,24,mg
1142,Sodium,35.9,mg
1143,Energy,320,cal
1143,Protein,9.1,g
1143,Carbohydrates,25,g
1143,Fiber,0.8,g
1143,Fat,16.4,g
1143,Cholesterol,26.7,mg
1143,Sodium,37.9,mg
1144,Energy,346,cal
1144,Protein,8.9,g
1144,Carbohydrates,33.9,g
1144,Fiber,1.9,g
1144,Fat,19.4,g
1144,Cholesterol,23.1,mg
1144,Vitamin A,610.6,mcg
1144,Vitamin B1,0.1,mg
1144,Vitamin B2,0,mg
1144,Vitamin B3,0.2,mg
1144,Vitamin C,7.2,mg
1144,Folic Acid,22.9,mcg
1144,Calcium,63.8,mg
1144,Iron,2.5,mg
1144,Magnesium,0,mg
1144,Phosphorus,0,mg
1144,Sodium,298.1,mg
1144,Potassium,178,mg
1144,Zinc,0.9,mg
1145,Energy,210,cal
1145,Protein,8.2,g
1145,Carbohydrates,24.8,g
1145,Fiber,1.9,g
1145,Fat,8.5,g
1145,Cholesterol,12.8,mg
1145,Sodium,152.1,mg
1146,Energy,53,cal
1146,Protein,1.9,g
1146,Carbohydrates,4.8,g
1146,Fiber,0.3,g
1146,Fat,2.9,g
1146,Cholesterol,0,mg
1146,Vitamin A,216.2,mcg
1146,Vitamin B1,0,mg
1146,Vitamin B2,0,mg
1146,Vitamin B3,0.1,mg
1146,Vitamin C,0.2,mg
1146,Folic Acid,1.1,mcg
1146,Calcium,46.1,mg
1146,Iron,0.3,mg
1146,Magnesium,0,mg
1146,Phosphorus,0,mg
1146,Sodium,27.7,mg
1146,Potassium,8.6,mg
1146,Zinc,0,mg
1147,Energy,69,cal
1147,Protein,1.4,g
1147,Carbohydrates,6.4,g
1147,Fiber,0.8,g
1147,Fat,4.2,g
1147,Cholesterol,0,mg
1147,Sodium,3.6,mg
1148,Energy,67,cal
1148,Protein,1.4,g
1148,Carbohydrates,6.4,g
1148,Fiber,0.8,g
1148,Fat,4,g
1148,Cholesterol,0,mg
1148,Sodium,3.6,mg
1149,Energy,28,cal
1149,Protein,0.6,g
1149,Carbohydrates,6.1,g
1149,Fiber,2.6,g
1149,Fat,0.1,g
1149,Cholesterol,0,mg
1149,Sodium,21.7,mg
1150,Energy,35,cal
1150,Protein,0.6,g
1150,Carbohydrates,5,g
1150,Fiber,1.6,g
1150,Fat,1.4,g
1150,Cholesterol,0,mg
1150,Sodium,14.2,mg
1151,Energy,34,cal
1151,Protein,0.8,g
1151,Carbohydrates,4.6,g
1151,Fiber,1.5,g
1151,Fat,1.4,g
1151,Cholesterol,0,mg
1151,Vitamin A,478,mcg
1151,Vitamin B1,0,mg
1151,Vitamin B2,0,mg
1151,Vitamin B3,0.3,mg
1151,Vitamin C,0.8,mg
1151,Folic Acid,3.8,mcg
1151,Calcium,26.6,mg
1151,Iron,0.4,mg
1151,Magnesium,0,mg
1151,Phosphorus,0,mg
1151,Sodium,9.1,mg
1151,Potassium,27.2,mg
1151,Zinc,0.2,mg
1152,Energy,118,cal
1152,Protein,4.8,g
1152,Carbohydrates,10.9,g
1152,Fiber,4.1,g
1152,Fat,6.1,g
1152,Cholesterol,4.5,mg
1152,Sodium,75.6,mg
1153,Energy,211,cal
1153,Protein,4.8,g
1153,Carbohydrates,38.8,g
1153,Fiber,2.9,g
1153,Fat,4.1,g
1153,Cholesterol,0,mg
1153,Vitamin A,301.8,mcg
1153,Vitamin B1,0.1,mg
1153,Vitamin B2,0,mg
1153,Vitamin B3,1.1,mg
1153,Vitamin C,2.2,mg
1153,Folic Acid,16.1,mcg
1153,Calcium,28.2,mg
1153,Iron,0.8,mg
1153,Magnesium,0,mg
1153,Phosphorus,0,mg
1153,Sodium,7.5,mg
1153,Potassium,116.6,mg
1153,Zinc,0.8,mg
1154,Energy,143,cal
1154,Protein,8.5,g
1154,Carbohydrates,23.3,g
1154,Fiber,4.1,g
1154,Fat,1.7,g
1154,Cholesterol,0,mg
1154,Sodium,41.4,mg
1155,Energy,62,kcal
1155,Protein,3.7,gm
1155,Carbohydrate,11.4,gm
1155,Invisible Fat,0.2,gm
1155,Fibre,2.4,gm
1155,Vitamin A,536.1,mcg
1155,Calcium,32.9,mg
1155,Folic Acid,23.8,mcg
1156,Energy,83,cal
1156,Protein,1.5,g
1156,Carbohydrates,17.9,g
1156,Fiber,6.1,g
1156,Fat,0.6,g
1156,Cholesterol,0,mg
1156,Sodium,245.7,mg
1157,Energy,108,cal
1157,Protein,1.4,g
1157,Carbohydrates,24.7,g
1157,Fiber,5.6,g
1157,Fat,0.3,g
1157,Cholesterol,0,mg
1157,Sodium,38.9,mg
1158,Energy,84,cal
1158,Protein,2.9,g
1158,Carbohydrates,15.3,g
1158,Fiber,1,g
1158,Fat,1.2,g
1158,Cholesterol,1.5,mg
1158,Sodium,21.4,mg
1159,Energy,110,cal
1159,Protein,1.1,g
1159,Carbohydrates,17.3,g
1159,Fiber,5.2,g
1159,Fat,4,g
1159,Cholesterol,0,mg
1159,Vitamin A,1239.4,mcg
1159,Vitamin B1,0.2,mg
1159,Vitamin B2,0.1,mg
1159,Vitamin B3,0.5,mg
1159,Vitamin C,35.9,mg
1159,Folic Acid,10.3,mcg
1159,Calcium,74,mg
1159,Iron,2.7,mg
1159,Magnesium,0,mg
1159,Phosphorus,0,mg
1159,Sodium,52.1,mg
1159,Potassium,117.8,mg
1159,Zinc,0.4,mg
1160,Energy,165,cal
1160,Protein,1,g
1160,Carbohydrates,22.4,g
1160,Fiber,1.9,g
1160,Fat,9,g
1160,Cholesterol,0,mg
1160,Vitamin A,1057.5,mcg
1160,Vitamin B1,0.1,mg
1160,Vitamin B2,0.1,mg
1160,Vitamin B3,0.3,mg
1160,Vitamin C,11.5,mg
1160,Folic Acid,6.4,mcg
1160,Calcium,51.9,mg
1160,Iron,1.2,mg
1160,Magnesium,0,mg
1160,Phosphorus,0,mg
1160,Sodium,154.5,mg
1160,Potassium,51.2,mg
1160,Zinc,0.2,mg
1161,Energy,34,cal
1161,Protein,1.4,g
1161,Carbohydrates,6.6,g
1161,Fiber,3.1,g
1161,Fat,0.3,g
1161,Cholesterol,0,mg
1161,Sodium,16.7,mg
1162,Energy,34,cal
1162,Protein,1.4,g
1162,Carbohydrates,6.6,g
1162,Fiber,3.1,g
1162,Fat,0.3,g
1162,Cholesterol,0,mg
1162,Sodium,16.7,mg
1163,Energy,104,cal
1163,Protein,2.4,g
1163,Carbohydrates,15.5,g
1163,Fiber,2.9,g
1163,Fat,3,g
1163,Cholesterol,7.8,mg
1163,Sodium,42.3,mg
1164,Energy,104,cal
1164,Protein,2.4,g
1164,Carbohydrates,15.5,g
1164,Fiber,2.9,g
1164,Fat,3,g
1164,Cholesterol,7.8,mg
1164,Sodium,42.3,mg
1165,Energy,75,cal
1165,Protein,1.1,g
1165,Carbohydrates,10.1,g
1165,Fiber,0.5,g
1165,Fat,3.3,g
1165,Cholesterol,0,mg
1165,Vitamin A,260.6,mcg
1165,Vitamin B1,0,mg
1165,Vitamin B2,0,mg
1165,Vitamin B3,0.3,mg
1165,Vitamin C,0.3,mg
1165,Folic Acid,3.7,mcg
1165,Calcium,21.6,mg
1165,Iron,0.5,mg
1165,Magnesium,0,mg
1165,Phosphorus,0,mg
1165,Sodium,34,mg
1165,Potassium,33.9,mg
1165,Zinc,0.2,mg
1166,Energy,15,cal
1166,Protein,0.3,g
1166,Carbohydrates,3.3,g
1166,Fiber,1.3,g
1166,Fat,0.1,g
1166,Cholesterol,0,mg
1166,Sodium,11,mg
1167,Energy,15,cal
1167,Protein,0.3,g
1167,Carbohydrates,3.3,g
1167,Fiber,1.3,g
1167,Fat,0.1,g
1167,Cholesterol,0,mg
1167,Sodium,11,mg
1168,Energy,68,cal
1168,Protein,2.1,g
1168,Carbohydrates,14.9,g
1168,Fiber,2.9,g
1168,Fat,0.3,g
1168,Cholesterol,0,mg
1168,Sodium,15,mg
1169,Energy,97,cal
1169,Protein,1.2,g
1169,Carbohydrates,11.5,g
1169,Fiber,1.2,g
1169,Fat,4.8,g
1169,Cholesterol,1,mg
1169,Sodium,4.6,mg
1171,Energy,38,cal
1171,Protein,0.7,g
1171,Carbohydrates,2.9,g
1171,Fiber,1,g
1171,Fat,2.7,g
1171,Cholesterol,0,mg
1171,Vitamin A,278.5,mcg
1171,Vitamin B1,0,mg
1171,Vitamin B2,0,mg
1171,Vitamin B3,0.1,mg
1171,Vitamin C,4.6,mg
1171,Folic Acid,7.2,mcg
1171,Calcium,12.8,mg
1171,Iron,0.3,mg
1171,Magnesium,0,mg
1171,Phosphorus,0,mg
1171,Sodium,6.4,mg
1171,Potassium,38.2,mg
1171,Zinc,0.1,mg
1172,Energy,15,cal
1172,Protein,0.2,g
1172,Carbohydrates,1.7,g
1172,Fiber,0.6,g
1172,Fat,0.7,g
1172,Cholesterol,0,mg
1172,Sodium,4.6,mg
1173,Energy,9,cal
1173,Protein,0.1,g
1173,Carbohydrates,1.2,g
1173,Fiber,0.4,g
1173,Fat,0.4,g
1173,Cholesterol,0,mg
1173,Sodium,197.1,mg
1174,Energy,9,cal
1174,Protein,0.1,g
1174,Carbohydrates,1.2,g
1174,Fiber,0.4,g
1174,Fat,0.4,g
1174,Cholesterol,0,mg
1174,Sodium,197.1,mg
1175,Energy,15,cal
1175,Protein,0.2,g
1175,Carbohydrates,1.7,g
1175,Fiber,0.6,g
1175,Fat,0.7,g
1175,Cholesterol,0,mg
1175,Sodium,4.6,mg
1176,Energy,517,cal
1176,Protein,8.6,g
1176,Carbohydrates,64.6,g
1176,Fiber,2.9,g
1176,Fat,23.9,g
1176,Cholesterol,6,mg
1176,Sodium,30.6,mg
1177,Energy,222,cal
1177,Protein,4.2,g
1177,Carbohydrates,49,g
1177,Fiber,20.3,g
1177,Fat,0.9,g
1177,Cholesterol,0.1,mg
1177,Sodium,164.5,mg
1178,Energy,55,cal
1178,Protein,1.2,g
1178,Carbohydrates,6.6,g
1178,Fiber,2.6,g
1178,Fat,2.7,g
1178,Cholesterol,0,mg
1178,Sodium,21.6,mg
1179,Energy,79,cal
1179,Protein,1.6,g
1179,Carbohydrates,11.7,g
1179,Fiber,4.8,g
1179,Fat,2.8,g
1179,Cholesterol,0,mg
1179,Sodium,39.1,mg
1180,Energy,78,cal
1180,Protein,1.9,g
1180,Carbohydrates,12.1,g
1180,Fiber,3.2,g
1180,Fat,1.8,g
1180,Cholesterol,4,mg
1180,Sodium,30.4,mg
1181,Energy,78,cal
1181,Protein,1.9,g
1181,Carbohydrates,12.1,g
1181,Fiber,3.2,g
1181,Fat,1.8,g
1181,Cholesterol,4,mg
1181,Sodium,30.4,mg
1182,Energy,78,cal
1182,Protein,1.9,g
1182,Carbohydrates,12.1,g
1182,Fiber,3.2,g
1182,Fat,1.8,g
1182,Cholesterol,4,mg
1182,Sodium,30.4,mg
1183,Energy,136,cal
1183,Protein,2.4,g
1183,Carbohydrates,14.7,g
1183,Fiber,1.1,g
1183,Fat,7.5,g
1183,Cholesterol,0,mg
1183,Sodium,9.6,mg
1184,Energy,136,cal
1184,Protein,2.4,g
1184,Carbohydrates,14.7,g
1184,Fiber,1.1,g
1184,Fat,7.5,g
1184,Cholesterol,0,mg
1184,Sodium,9.6,mg
1185,Energy,136,cal
1185,Protein,2.4,g
1185,Carbohydrates,14.7,g
1185,Fiber,1.1,g
1185,Fat,7.5,g
1185,Cholesterol,0,mg
1185,Sodium,9.6,mg
1186,Energy,82,cal
1186,Protein,1.6,g
1186,Carbohydrates,11.2,g
1186,Fiber,0.3,g
1186,Fat,3.4,g
1186,Cholesterol,0,mg
1186,Vitamin A,266.6,mcg
1186,Vitamin B1,0,mg
1186,Vitamin B2,0,mg
1186,Vitamin B3,0.2,mg
1186,Vitamin C,0.2,mg
1186,Folic Acid,1.1,mcg
1186,Calcium,8.1,mg
1186,Iron,0.3,mg
1186,Magnesium,0,mg
1186,Phosphorus,0,mg
1186,Sodium,35.7,mg
1186,Potassium,9,mg
1186,Zinc,0,mg
1187,Energy,82,cal
1187,Protein,1.6,g
1187,Carbohydrates,11.2,g
1187,Fiber,0.3,g
1187,Fat,3.4,g
1187,Cholesterol,0,mg
1187,Vitamin A,266.6,mcg
1187,Vitamin B1,0,mg
1187,Vitamin B2,0,mg
1187,Vitamin B3,0.2,mg
1187,Vitamin C,0.2,mg
1187,Folic Acid,1.1,mcg
1187,Calcium,8.1,mg
1187,Iron,0.3,mg
1187,Magnesium,0,mg
1187,Phosphorus,0,mg
1187,Sodium,35.7,mg
1187,Potassium,9,mg
1187,Zinc,0,mg
1188,Energy,256,cal
1188,Protein,3.9,g
1188,Carbohydrates,44.8,g
1188,Fiber,3.2,g
1188,Fat,6.8,g
1188,Cholesterol,0,mg
1188,Vitamin A,474.3,mcg
1188,Vitamin B1,0,mg
1188,Vitamin B2,0,mg
1188,Vitamin B3,1.2,mg
1188,Vitamin C,1.1,mg
1188,Folic Acid,7.8,mcg
1188,Calcium,24.7,mg
1188,Iron,0.6,mg
1188,Magnesium,0,mg
1188,Phosphorus,0,mg
1188,Sodium,8,mg
1188,Potassium,28.5,mg
1188,Zinc,0.8,mg
1189,Energy,40,cal
1189,Protein,0.8,g
1189,Carbohydrates,8.9,g
1189,Fiber,3.7,g
1189,Fat,0.2,g
1189,Cholesterol,0,mg
1189,Sodium,29.9,mg
1190,Energy,71,cal
1190,Protein,3.1,g
1190,Carbohydrates,14,g
1190,Fiber,3.8,g
1190,Fat,0.2,g
1190,Cholesterol,0,mg
1190,Sodium,47.8,mg
1191,Energy,71,cal
1191,Protein,3.1,g
1191,Carbohydrates,14,g
1191,Fiber,3.8,g
1191,Fat,0.2,g
1191,Cholesterol,0,mg
1191,Sodium,47.8,mg
1194,Energy,226,cal
1194,Protein,5.3,g
1194,Carbohydrates,22,g
1194,Fiber,2.9,g
1194,Fat,11.2,g
1194,Cholesterol,0,mg
1194,Vitamin A,867.4,mcg
1194,Vitamin B1,0.1,mg
1194,Vitamin B2,0.1,mg
1194,Vitamin B3,0.7,mg
1194,Vitamin C,5.8,mg
1194,Folic Acid,16.4,mcg
1194,Calcium,189,mg
1194,Iron,0.8,mg
1194,Magnesium,0,mg
1194,Phosphorus,0,mg
1194,Sodium,28.7,mg
1194,Potassium,134.5,mg
1194,Zinc,0.5,mg
1195,Energy,199,cal
1195,Protein,7.5,g
1195,Carbohydrates,25.8,g
1195,Fiber,1.3,g
1195,Fat,7.2,g
1195,Cholesterol,23.1,mg
1195,Sodium,283.2,mg
1196,Energy,51,cal
1196,Protein,1.4,g
1196,Carbohydrates,10.6,g
1196,Fiber,3.2,g
1196,Fat,0.3,g
1196,Cholesterol,0,mg
1196,Sodium,39,mg
1197,Energy,76,cal
1197,Protein,1.6,g
1197,Carbohydrates,16.2,g
1197,Fiber,5.9,g
1197,Fat,0.4,g
1197,Cholesterol,0,mg
1197,Sodium,49.3,mg
1198,Energy,31,cal
1198,Protein,0.8,g
1198,Carbohydrates,6.5,g
1198,Fiber,2.7,g
1198,Fat,0.2,g
1198,Cholesterol,0,mg
1198,Sodium,24.3,mg
1199,Energy,64,cal
1199,Protein,3.2,g
1199,Carbohydrates,7.3,g
1199,Fiber,3.1,g
1199,Fat,2.4,g
1199,Cholesterol,0,mg
1199,Sodium,151.4,mg
1200,Energy,69,cal
1200,Protein,1.3,g
1200,Carbohydrates,8.7,g
1200,Fiber,0,g
1200,Fat,3.2,g
1200,Cholesterol,6.6,mg
1200,Sodium,21.9,mg
1201,Energy,69,cal
1201,Protein,1.3,g
1201,Carbohydrates,8.7,g
1201,Fiber,0,g
1201,Fat,3.2,g
1201,Cholesterol,6.6,mg
1201,Sodium,21.9,mg
1202,Energy,297,cal
1202,Protein,6.3,g
1202,Carbohydrates,9.5,g
1202,Fiber,1.1,g
1202,Fat,26.5,g
1202,Cholesterol,0,mg
1202,Sodium,8.2,mg
1203,Energy,968,cal
1203,Protein,21.2,g
1203,Carbohydrates,114.7,g
1203,Fiber,1.3,g
1203,Fat,46.9,g
1203,Cholesterol,0.2,mg
1203,Sodium,12,mg
1204,Energy,54,cal
1204,Protein,1,g
1204,Carbohydrates,7.6,g
1204,Fiber,0.1,g
1204,Fat,2.2,g
1204,Cholesterol,0,mg
1204,Sodium,0.6,mg
1205,Energy,54,cal
1205,Protein,1,g
1205,Carbohydrates,7.6,g
1205,Fiber,0.1,g
1205,Fat,2.2,g
1205,Cholesterol,0,mg
1205,Sodium,0.6,mg
1206,Energy,54,cal
1206,Protein,1,g
1206,Carbohydrates,7.6,g
1206,Fiber,0.1,g
1206,Fat,2.2,g
1206,Cholesterol,0,mg
1206,Sodium,0.6,mg
1207,Energy,54,cal
1207,Protein,1,g
1207,Carbohydrates,7.6,g
1207,Fiber,0.1,g
1207,Fat,2.2,g
1207,Cholesterol,0,mg
1207,Sodium,0.6,mg
1208,Energy,54,cal
1208,Protein,1,g
1208,Carbohydrates,7.6,g
1208,Fiber,0.1,g
1208,Fat,2.2,g
1208,Cholesterol,0,mg
1208,Sodium,0.6,mg
1209,Energy,15,kcal
1209,Protein,1.6,gm
1209,Carbohydrate,2.3,gm
1209,Invisible Fat,0.2,gm
1209,Vitamin A,757.2,mcg
1209,Calcium,34.3,mg
1210,Energy,15,kcal
1210,Protein,1.6,gm
1210,Carbohydrate,2.3,gm
1210,Invisible Fat,0.2,gm
1210,Vitamin A,757.2,mcg
1210,Calcium,34.3,mg
1215,Energy,26,cal
1215,Protein,0.5,g
1215,Carbohydrates,0.8,g
1215,Fiber,0.6,g
1215,Fat,2.3,g
1215,Cholesterol,0,mg
1215,Sodium,7.7,mg
1216,Energy,225,cal
1216,Protein,5.3,g
1216,Carbohydrates,18.7,g
1216,Fiber,4.3,g
1216,Fat,14,g
1216,Cholesterol,0,mg
1216,Sodium,28.7,mg
1217,Energy,164,cal
1217,Protein,4.6,g
1217,Carbohydrates,9,g
1217,Fiber,2.8,g
1217,Fat,12.2,g
1217,Cholesterol,0,mg
1217,Vitamin A,355.5,mcg
1217,Vitamin B1,-0.1,mg
1217,Vitamin B2,-0.1,mg
1217,Vitamin B3,0.6,mg
1217,Vitamin C,44.5,mg
1217,Folic Acid,19.5,mcg
1217,Calcium,149.2,mg
1217,Iron,1.1,mg
1217,Magnesium,0,mg
1217,Phosphorus,0,mg
1217,Sodium,32.1,mg
1217,Potassium,187.7,mg
1217,Zinc,0.3,mg
1218,Energy,292,cal
1218,Protein,11.6,g
1218,Carbohydrates,44.2,g
1218,Fiber,9.2,g
1218,Fat,8.1,g
1218,Cholesterol,0,mg
1218,Sodium,35.6,mg
1219,Energy,23,cal
1219,Protein,0.9,g
1219,Carbohydrates,2.3,g
1219,Fiber,0.6,g
1219,Fat,1.1,g
1219,Cholesterol,0,mg
1219,Sodium,0.7,mg
1220,Energy,23,cal
1220,Protein,0.9,g
1220,Carbohydrates,2.3,g
1220,Fiber,0.6,g
1220,Fat,1.1,g
1220,Cholesterol,0,mg
1220,Sodium,0.7,mg
1221,Energy,106,cal
1221,Protein,4.6,g
1221,Carbohydrates,13.5,g
1221,Fiber,3.4,g
1221,Fat,3.8,g
1221,Cholesterol,0,mg
1221,Sodium,15.2,mg
1222,Energy,57,cal
1222,Protein,1.4,g
1222,Carbohydrates,4.6,g
1222,Fiber,1.5,g
1222,Fat,3.6,g
1222,Cholesterol,0,mg
1222,Sodium,14.5,mg
1224,Energy,22,cal
1224,Protein,1.3,g
1224,Carbohydrates,3.9,g
1224,Fiber,1.6,g
1224,Fat,0.2,g
1224,Cholesterol,0,mg
1224,Sodium,21.3,mg
1225,Energy,22,cal
1225,Protein,1.3,g
1225,Carbohydrates,3.9,g
1225,Fiber,1.6,g
1225,Fat,0.2,g
1225,Cholesterol,0,mg
1225,Sodium,21.3,mg
1226,Energy,55,cal
1226,Protein,1.4,g
1226,Carbohydrates,9.1,g
1226,Fiber,1.4,g
1226,Fat,1.5,g
1226,Cholesterol,0,mg
1226,Sodium,3.2,mg
1227,Energy,55,cal
1227,Protein,1.4,g
1227,Carbohydrates,9.1,g
1227,Fiber,1.4,g
1227,Fat,1.5,g
1227,Cholesterol,0,mg
1227,Sodium,3.2,mg
1228,Energy,78,cal
1228,Protein,2.5,g
1228,Carbohydrates,6.2,g
1228,Fiber,1.5,g
1228,Fat,4.2,g
1228,Cholesterol,0,mg
1228,Vitamin A,147.7,mcg
1228,Vitamin B1,0,mg
1228,Vitamin B2,0.1,mg
1228,Vitamin B3,0.5,mg
1228,Vitamin C,22.8,mg
1228,Folic Acid,2.4,mcg
1228,Calcium,73,mg
1228,Iron,0.7,mg
1228,Magnesium,0,mg
1228,Phosphorus,0,mg
1228,Sodium,50,mg
1228,Potassium,98.2,mg
1228,Zinc,0.2,mg
1229,Energy,57,cal
1229,Protein,2.7,g
1229,Carbohydrates,5.4,g
1229,Fiber,1.9,g
1229,Fat,2.8,g
1229,Cholesterol,0,mg
1229,Sodium,42.5,mg
1230,Energy,57,cal
1230,Protein,2.7,g
1230,Carbohydrates,5.4,g
1230,Fiber,1.9,g
1230,Fat,2.8,g
1230,Cholesterol,0,mg
1230,Sodium,42.5,mg
1231,Energy,86,cal
1231,Protein,5.9,g
1231,Carbohydrates,11.9,g
1231,Fiber,3,g
1231,Fat,1.7,g
1231,Cholesterol,0,mg
1231,Sodium,95.9,mg
1232,Energy,86,cal
1232,Protein,5.9,g
1232,Carbohydrates,11.9,g
1232,Fiber,3,g
1232,Fat,1.7,g
1232,Cholesterol,0,mg
1232,Sodium,95.9,mg
1233,Energy,96,cal
1233,Protein,2,g
1233,Carbohydrates,4.2,g
1233,Fiber,3,g
1233,Fat,7.8,g
1233,Cholesterol,0,mg
1233,Sodium,37.2,mg
1234,Energy,89,cal
1234,Protein,2.1,g
1234,Carbohydrates,6.7,g
1234,Fiber,2.5,g
1234,Fat,6,g
1234,Cholesterol,0,mg
1234,Vitamin A,188,mcg
1234,Vitamin B1,0.1,mg
1234,Vitamin B2,0.1,mg
1234,Vitamin B3,0.8,mg
1234,Vitamin C,40.1,mg
1234,Folic Acid,2.3,mcg
1234,Calcium,40.6,mg
1234,Iron,1,mg
1234,Magnesium,0,mg
1234,Phosphorus,0,mg
1234,Sodium,34.3,mg
1234,Potassium,135.1,mg
1234,Zinc,0.4,mg
1235,Energy,67,cal
1235,Protein,2.5,g
1235,Carbohydrates,5.8,g
1235,Fiber,3.7,g
1235,Fat,3.7,g
1235,Cholesterol,7.5,mg
1235,Sodium,71.8,mg
1236,Energy,311,cal
1236,Protein,11.1,g
1236,Carbohydrates,14.9,g
1236,Fiber,5.1,g
1236,Fat,22.3,g
1236,Cholesterol,0,mg
1236,Vitamin A,336.8,mcg
1236,Vitamin B1,0.3,mg
1236,Vitamin B2,0.1,mg
1236,Vitamin B3,7.3,mg
1236,Vitamin C,21,mg
1236,Folic Acid,8.2,mcg
1236,Calcium,96.3,mg
1236,Iron,1.5,mg
1236,Magnesium,0,mg
1236,Phosphorus,0,mg
1236,Sodium,95,mg
1236,Potassium,81.6,mg
1236,Zinc,1.5,mg
1237,Energy,91,cal
1237,Protein,4.3,g
1237,Carbohydrates,12.4,g
1237,Fiber,2.3,g
1237,Fat,2.8,g
1237,Cholesterol,0,mg
1237,Vitamin A,210.6,mcg
1237,Vitamin B1,0.1,mg
1237,Vitamin B2,0.1,mg
1237,Vitamin B3,0.8,mg
1237,Vitamin C,24.6,mg
1237,Folic Acid,19.2,mcg
1237,Calcium,44.5,mg
1237,Iron,1.3,mg
1237,Magnesium,0,mg
1237,Phosphorus,0,mg
1237,Sodium,32.8,mg
1237,Potassium,61,mg
1237,Zinc,0.2,mg
1238,Energy,112,cal
1238,Protein,5.7,g
1238,Carbohydrates,15.7,g
1238,Fiber,3,g
1238,Fat,2.9,g
1238,Cholesterol,0,mg
1238,Sodium,82.6,mg
1239,Energy,290,cal
1239,Protein,3.7,g
1239,Carbohydrates,38.4,g
1239,Fiber,2.3,g
1239,Fat,13.6,g
1239,Cholesterol,0,mg
1239,Vitamin A,161.6,mcg
1239,Vitamin B1,0,mg
1239,Vitamin B2,0,mg
1239,Vitamin B3,0.9,mg
1239,Vitamin C,0.5,mg
1239,Folic Acid,3.8,mcg
1239,Calcium,23.2,mg
1239,Iron,0.7,mg
1239,Magnesium,0,mg
1239,Phosphorus,0,mg
1239,Sodium,0,mg
1239,Potassium,0,mg
1239,Zinc,0.6,mg
1240,Energy,82,cal
1240,Protein,2.7,g
1240,Carbohydrates,10.3,g
1240,Fiber,2.8,g
1240,Fat,3.4,g
1240,Cholesterol,10,mg
1240,Sodium,80.8,mg
1241,Energy,142,cal
1241,Protein,2.4,g
1241,Carbohydrates,27.2,g
1241,Fiber,3.2,g
1241,Fat,2.7,g
1241,Cholesterol,0,mg
1241,Vitamin A,193.4,mcg
1241,Vitamin B1,0.2,mg
1241,Vitamin B2,0,mg
1241,Vitamin B3,1.4,mg
1241,Vitamin C,32.6,mg
1241,Folic Acid,25.6,mcg
1241,Calcium,68.7,mg
1241,Iron,1.6,mg
1241,Magnesium,0,mg
1241,Phosphorus,0,mg
1241,Sodium,38.5,mg
1241,Potassium,341.4,mg
1241,Zinc,0.8,mg
1242,Energy,142,cal
1242,Protein,2.4,g
1242,Carbohydrates,27.2,g
1242,Fiber,3.2,g
1242,Fat,2.7,g
1242,Cholesterol,0,mg
1242,Vitamin A,193.4,mcg
1242,Vitamin B1,0.2,mg
1242,Vitamin B2,0,mg
1242,Vitamin B3,1.4,mg
1242,Vitamin C,32.6,mg
1242,Folic Acid,25.6,mcg
1242,Calcium,68.7,mg
1242,Iron,1.6,mg
1242,Magnesium,0,mg
1242,Phosphorus,0,mg
1242,Sodium,38.5,mg
1242,Potassium,341.4,mg
1242,Zinc,0.8,mg
1243,Energy,71,cal
1243,Protein,2,g
1243,Carbohydrates,5.4,g
1243,Fiber,0.6,g
1243,Fat,3.8,g
1243,Cholesterol,10.3,mg
1243,Sodium,53.6,mg
1244,Energy,110,cal
1244,Protein,3.1,g
1244,Carbohydrates,8.7,g
1244,Fiber,1,g
1244,Fat,5.9,g
1244,Cholesterol,0,mg
1244,Vitamin A,448.4,mcg
1244,Vitamin B1,0.1,mg
1244,Vitamin B2,0.1,mg
1244,Vitamin B3,0.6,mg
1244,Vitamin C,4.8,mg
1244,Folic Acid,12.5,mcg
1244,Calcium,216.1,mg
1244,Iron,2.6,mg
1244,Magnesium,0,mg
1244,Phosphorus,0,mg
1244,Sodium,35.1,mg
1244,Potassium,77.9,mg
1244,Zinc,0.1,mg
1245,Energy,63,cal
1245,Protein,0.7,g
1245,Carbohydrates,14.5,g
1245,Fiber,1.9,g
1245,Fat,0.3,g
1245,Cholesterol,0.1,mg
1245,Vitamin A,110,mcg
1245,Vitamin B1,0,mg
1245,Vitamin B2,0,mg
1245,Vitamin B3,0.1,mg
1245,Vitamin C,4.2,mg
1245,Folic Acid,4.6,mcg
1245,Calcium,67.3,mg
1245,Iron,1.6,mg
1245,Magnesium,0,mg
1245,Phosphorus,0,mg
1245,Sodium,3.3,mg
1245,Potassium,24.9,mg
1245,Zinc,0.3,mg
1246,Energy,63,cal
1246,Protein,0.7,g
1246,Carbohydrates,14.5,g
1246,Fiber,1.9,g
1246,Fat,0.3,g
1246,Cholesterol,0.1,mg
1246,Vitamin A,110,mcg
1246,Vitamin B1,0,mg
1246,Vitamin B2,0,mg
1246,Vitamin B3,0.1,mg
1246,Vitamin C,4.2,mg
1246,Folic Acid,4.6,mcg
1246,Calcium,67.3,mg
1246,Iron,1.6,mg
1246,Magnesium,0,mg
1246,Phosphorus,0,mg
1246,Sodium,3.3,mg
1246,Potassium,24.9,mg
1246,Zinc,0.3,mg
1247,Energy,63,cal
1247,Protein,0.7,g
1247,Carbohydrates,14.5,g
1247,Fiber,1.9,g
1247,Fat,0.3,g
1247,Cholesterol,0.1,mg
1247,Vitamin A,110,mcg
1247,Vitamin B1,0,mg
1247,Vitamin B2,0,mg
1247,Vitamin B3,0.1,mg
1247,Vitamin C,4.2,mg
1247,Folic Acid,4.6,mcg
1247,Calcium,67.3,mg
1247,Iron,1.6,mg
1247,Magnesium,0,mg
1247,Phosphorus,0,mg
1247,Sodium,3.3,mg
1247,Potassium,24.9,mg
1247,Zinc,0.3,mg
1248,Energy,0,cal
1248,Protein,0,g
1248,Carbohydrates,0,g
1248,Fiber,0,g
1248,Fat,0,g
1248,Cholesterol,0,mg
1248,Sodium,11627.4,mg
1249,Energy,0,cal
1249,Protein,0,g
1249,Carbohydrates,0,g
1249,Fiber,0,g
1249,Fat,0,g
1249,Cholesterol,0,mg
1249,Sodium,11627.4,mg
1250,Energy,0,cal
1250,Protein,0,g
1250,Carbohydrates,0,g
1250,Fiber,0,g
1250,Fat,0,g
1250,Cholesterol,0,mg
1250,Sodium,11627.4,mg
1251,Energy,0,cal
1251,Protein,0,g
1251,Carbohydrates,0,g
1251,Fiber,0,g
1251,Fat,0,g
1251,Cholesterol,0,mg
1251,Sodium,11627.4,mg
1252,Energy,62,calories
1252,Protein,3.2,gm
1252,Carbohydrates,10,gm
1252,Fat,1.2,gm
1252,Calcium,45.1,mg
1253,Energy,177,cal
1253,Protein,8.8,g
1253,Carbohydrates,23.4,g
1253,Fiber,9,g
1253,Fat,5.8,g
1253,Cholesterol,0,mg
1253,Sodium,85.1,mg
1254,Energy,177,cal
1254,Protein,8.8,g
1254,Carbohydrates,23.4,g
1254,Fiber,9,g
1254,Fat,5.8,g
1254,Cholesterol,0,mg
1254,Sodium,85.1,mg
1255,Energy,177,cal
1255,Protein,8.8,g
1255,Carbohydrates,23.4,g
1255,Fiber,9,g
1255,Fat,5.8,g
1255,Cholesterol,0,mg
1255,Sodium,85.1,mg
1256,Energy,175,cal
1256,Protein,7.9,g
1256,Carbohydrates,22.8,g
1256,Fiber,6.1,g
1256,Fat,5.9,g
1256,Cholesterol,0,mg
1256,Sodium,29,mg
1257,Energy,175,cal
1257,Protein,7.9,g
1257,Carbohydrates,22.8,g
1257,Fiber,6.1,g
1257,Fat,5.9,g
1257,Cholesterol,0,mg
1257,Sodium,29,mg
1258,Energy,175,cal
1258,Protein,7.9,g
1258,Carbohydrates,22.8,g
1258,Fiber,6.1,g
1258,Fat,5.9,g
1258,Cholesterol,0,mg
1258,Sodium,29,mg
1259,Energy,175,cal
1259,Protein,7.9,g
1259,Carbohydrates,22.8,g
1259,Fiber,6.1,g
1259,Fat,5.9,g
1259,Cholesterol,0,mg
1259,Sodium,29,mg
1260,Energy,99,cal
1260,Protein,2.9,g
1260,Carbohydrates,10.2,g
1260,Fiber,1.5,g
1260,Fat,4.9,g
1260,Cholesterol,2,mg
1260,Sodium,9.3,mg
1261,Energy,217,cal
1261,Protein,5.5,g
1261,Carbohydrates,17.5,g
1261,Fiber,4,g
1261,Fat,13.9,g
1261,Cholesterol,0,mg
1261,Sodium,19.4,mg
1262,Energy,518,cal
1262,Protein,28.4,g
1262,Carbohydrates,84.1,g
1262,Fiber,21.3,g
1262,Fat,7.6,g
1262,Cholesterol,0,mg
1262,Sodium,104.3,mg
1263,Energy,596,cal
1263,Protein,10,g
1263,Carbohydrates,62.9,g
1263,Fiber,6.1,g
1263,Fat,32.8,g
1263,Cholesterol,6.4,mg
1263,Sodium,36.9,mg
1264,Energy,75,cal
1264,Protein,3.5,g
1264,Carbohydrates,10.3,g
1264,Fiber,3.2,g
1264,Fat,2.2,g
1264,Cholesterol,0,mg
1264,Sodium,508.4,mg
1265,Energy,75,cal
1265,Protein,3.5,g
1265,Carbohydrates,10.3,g
1265,Fiber,3.2,g
1265,Fat,2.2,g
1265,Cholesterol,0,mg
1265,Sodium,508.4,mg
1266,Energy,75,cal
1266,Protein,3.5,g
1266,Carbohydrates,10.3,g
1266,Fiber,3.2,g
1266,Fat,2.2,g
1266,Cholesterol,0,mg
1266,Sodium,508.4,mg
1267,Energy,62,cal
1267,Protein,1.6,g
1267,Carbohydrates,6.7,g
1267,Fiber,0.7,g
1267,Fat,3.2,g
1267,Cholesterol,0,mg
1267,Sodium,4.4,mg
1268,Energy,262,cal
1268,Protein,6.3,g
1268,Carbohydrates,24.8,g
1268,Fiber,4.4,g
1268,Fat,15.3,g
1268,Cholesterol,0,mg
1268,Sodium,29.4,mg
1269,Energy,87,cal
1269,Protein,2,g
1269,Carbohydrates,6.1,g
1269,Fiber,1.6,g
1269,Fat,6.1,g
1269,Cholesterol,0,mg
1269,Vitamin A,79.8,mcg
1269,Vitamin B1,0,mg
1269,Vitamin B2,0,mg
1269,Vitamin B3,0.2,mg
1269,Vitamin C,1,mg
1269,Folic Acid,13.8,mcg
1269,Calcium,7.6,mg
1269,Iron,0.5,mg
1269,Magnesium,0,mg
1269,Phosphorus,0,mg
1269,Sodium,7,mg
1269,Potassium,71.1,mg
1269,Zinc,0.2,mg
1270,Energy,153,cal
1270,Protein,7.9,g
1270,Carbohydrates,22.8,g
1270,Fiber,6.1,g
1270,Fat,3.4,g
1270,Cholesterol,0,mg
1270,Sodium,29,mg
1271,Energy,96,cal
1271,Protein,2.4,g
1271,Carbohydrates,5.5,g
1271,Fiber,2.9,g
1271,Fat,7.1,g
1271,Cholesterol,0,mg
1271,Vitamin A,78.2,mcg
1271,Vitamin B1,0.1,mg
1271,Vitamin B2,0.1,mg
1271,Vitamin B3,0.7,mg
1271,Vitamin C,4.9,mg
1271,Folic Acid,2.4,mcg
1271,Calcium,13.5,mg
1271,Iron,0.5,mg
1271,Magnesium,0,mg
1271,Phosphorus,0,mg
1271,Sodium,15.7,mg
1271,Potassium,83.5,mg
1271,Zinc,0,mg
1272,Energy,96,cal
1272,Protein,2.4,g
1272,Carbohydrates,5.5,g
1272,Fiber,2.9,g
1272,Fat,7.1,g
1272,Cholesterol,0,mg
1272,Vitamin A,78.2,mcg
1272,Vitamin B1,0.1,mg
1272,Vitamin B2,0.1,mg
1272,Vitamin B3,0.7,mg
1272,Vitamin C,4.9,mg
1272,Folic Acid,2.4,mcg
1272,Calcium,13.5,mg
1272,Iron,0.5,mg
1272,Magnesium,0,mg
1272,Phosphorus,0,mg
1272,Sodium,15.7,mg
1272,Potassium,83.5,mg
1272,Zinc,0,mg
1273,Energy,161,cal
1273,Protein,6.6,g
1273,Carbohydrates,23.7,g
1273,Fiber,11.9,g
1273,Fat,4.4,g
1273,Cholesterol,0,mg
1273,Sodium,24,mg
1274,Energy,274,cal
1274,Protein,6.6,g
1274,Carbohydrates,23.7,g
1274,Fiber,11.9,g
1274,Fat,16.9,g
1274,Cholesterol,0,mg
1274,Sodium,24,mg
1275,Energy,112,cal
1275,Protein,5.1,g
1275,Carbohydrates,16.5,g
1275,Fiber,7.7,g
1275,Fat,2.8,g
1275,Cholesterol,0,mg
1275,Sodium,44.4,mg
1276,Energy,206,cal
1276,Protein,8.9,g
1276,Carbohydrates,31.5,g
1276,Fiber,15.2,g
1276,Fat,4.9,g
1276,Cholesterol,0,mg
1276,Sodium,222.2,mg
1277,Energy,151,cal
1277,Protein,7.9,g
1277,Carbohydrates,17.6,g
1277,Fiber,8.6,g
1277,Fat,5.4,g
1277,Cholesterol,0,mg
1277,Sodium,10.8,mg
1278,Energy,172,kcal
1278,Protein,4.1,gm
1278,Carbohydrates,32.2,gm
1278,Fat,2.9,gm
1278,Calcium,30.2,mg
1278,Folic Acid,19.6,mcg
1279,Energy,172,kcal
1279,Protein,4.1,gm
1279,Carbohydrates,32.2,gm
1279,Fat,2.9,gm
1279,Calcium,30.2,mg
1279,Folic Acid,19.6,mcg
1280,Energy,211,cal
1280,Protein,8.8,g
1280,Carbohydrates,8.9,g
1280,Fiber,2.2,g
1280,Fat,15.5,g
1280,Cholesterol,0,mg
1280,Sodium,6.4,mg
1281,Energy,90,cal
1281,Protein,2.5,g
1281,Carbohydrates,15.9,g
1281,Fiber,1.4,g
1281,Fat,2,g
1281,Cholesterol,0,mg
1281,Sodium,3.2,mg
1282,Energy,299,cal
1282,Protein,8.3,g
1282,Carbohydrates,49.2,g
1282,Fiber,8.6,g
1282,Fat,8.7,g
1282,Cholesterol,15,mg
1282,Sodium,66,mg
1283,Energy,123,cal
1283,Protein,3.7,g
1283,Carbohydrates,21.6,g
1283,Fiber,3.9,g
1283,Fat,2.8,g
1283,Cholesterol,3.8,mg
1283,Sodium,343.4,mg
1284,Energy,123,cal
1284,Protein,3.7,g
1284,Carbohydrates,21.6,g
1284,Fiber,3.9,g
1284,Fat,2.8,g
1284,Cholesterol,3.8,mg
1284,Sodium,343.4,mg
1285,Energy,123,cal
1285,Protein,3.7,g
1285,Carbohydrates,21.6,g
1285,Fiber,3.9,g
1285,Fat,2.8,g
1285,Cholesterol,3.8,mg
1285,Sodium,343.4,mg
1286,Energy,123,cal
1286,Protein,3.7,g
1286,Carbohydrates,21.6,g
1286,Fiber,3.9,g
1286,Fat,2.8,g
1286,Cholesterol,3.8,mg
1286,Sodium,343.4,mg
1287,Energy,278,cal
1287,Protein,8.8,g
1287,Carbohydrates,27.2,g
1287,Fiber,4.3,g
1287,Fat,15.1,g
1287,Cholesterol,0,mg
1287,Sodium,17.6,mg
1288,Energy,180,cal
1288,Protein,2.6,g
1288,Carbohydrates,5.2,g
1288,Fiber,3,g
1288,Fat,16.7,g
1288,Cholesterol,0,mg
1288,Sodium,8.9,mg
1289,Energy,180,cal
1289,Protein,2.6,g
1289,Carbohydrates,5.2,g
1289,Fiber,3,g
1289,Fat,16.7,g
1289,Cholesterol,0,mg
1289,Sodium,8.9,mg
1290,Energy,209,cal
1290,Protein,4.4,g
1290,Carbohydrates,30.6,g
1290,Fiber,3.1,g
1290,Fat,9.8,g
1290,Cholesterol,0,mg
1290,Vitamin A,406.3,mcg
1290,Vitamin B1,0.1,mg
1290,Vitamin B2,0.1,mg
1290,Vitamin B3,0.2,mg
1290,Vitamin C,4,mg
1290,Folic Acid,30.4,mcg
1290,Calcium,3.6,mg
1290,Iron,0.5,mg
1290,Magnesium,0,mg
1290,Phosphorus,0,mg
1290,Sodium,106.4,mg
1290,Potassium,210.1,mg
1290,Zinc,0.5,mg
1291,Energy,209,cal
1291,Protein,4.4,g
1291,Carbohydrates,30.6,g
1291,Fiber,3.1,g
1291,Fat,9.8,g
1291,Cholesterol,0,mg
1291,Vitamin A,406.3,mcg
1291,Vitamin B1,0.1,mg
1291,Vitamin B2,0.1,mg
1291,Vitamin B3,0.2,mg
1291,Vitamin C,4,mg
1291,Folic Acid,30.4,mcg
1291,Calcium,3.6,mg
1291,Iron,0.5,mg
1291,Magnesium,0,mg
1291,Phosphorus,0,mg
1291,Sodium,106.4,mg
1291,Potassium,210.1,mg
1291,Zinc,0.5,mg
1294,Energy,171,cal
1294,Protein,7.2,g
1294,Carbohydrates,26.4,g
1294,Fiber,3.5,g
1294,Fat,4.4,g
1294,Cholesterol,0,mg
1294,Sodium,23.6,mg
1295,Energy,250,cal
1295,Protein,9.9,g
1295,Carbohydrates,6.8,g
1295,Fiber,0.4,g
1295,Fat,20.4,g
1295,Cholesterol,0,mg
1295,Vitamin A,364.8,mcg
1295,Vitamin B1,-0.7,mg
1295,Vitamin B2,-0.7,mg
1295,Vitamin B3,-0.6,mg
1295,Vitamin C,8.8,mg
1295,Folic Acid,5.8,mcg
1295,Calcium,357.5,mg
1295,Iron,0.1,mg
1295,Magnesium,0,mg
1295,Phosphorus,0,mg
1295,Sodium,2.5,mg
1295,Potassium,38.2,mg
1295,Zinc,0,mg
1296,Energy,255,cal
1296,Protein,10,g
1296,Carbohydrates,7.7,g
1296,Fiber,0.7,g
1296,Fat,20.4,g
1296,Cholesterol,0,mg
1296,Vitamin A,408.9,mcg
1296,Vitamin B1,-0.7,mg
1296,Vitamin B2,-0.7,mg
1296,Vitamin B3,-0.6,mg
1296,Vitamin C,13.7,mg
1296,Folic Acid,9.5,mcg
1296,Calcium,366.1,mg
1296,Iron,0.2,mg
1296,Magnesium,0,mg
1296,Phosphorus,0,mg
1296,Sodium,4.1,mg
1296,Potassium,66.7,mg
1296,Zinc,0,mg
1297,Energy,89,cal
1297,Protein,1.9,g
1297,Carbohydrates,5.6,g
1297,Fiber,1.6,g
1297,Fat,6.5,g
1297,Cholesterol,0,mg
1297,Vitamin A,97.1,mcg
1297,Vitamin B1,0,mg
1297,Vitamin B2,0,mg
1297,Vitamin B3,0.2,mg
1297,Vitamin C,1.3,mg
1297,Folic Acid,12.6,mcg
1297,Calcium,7.5,mg
1297,Iron,0.5,mg
1297,Magnesium,0,mg
1297,Phosphorus,0,mg
1297,Sodium,6.5,mg
1297,Potassium,64.8,mg
1297,Zinc,0.2,mg
1298,Energy,103,cal
1298,Protein,5.4,g
1298,Carbohydrates,19.4,g
1298,Fiber,4.3,g
1298,Fat,0.4,g
1298,Cholesterol,0,mg
1298,Sodium,110.6,mg
1299,Energy,215,cal
1299,Protein,6.9,g
1299,Carbohydrates,22.3,g
1299,Fiber,4,g
1299,Fat,12,g
1299,Cholesterol,0,mg
1299,Vitamin A,158,mcg
1299,Vitamin B1,0.2,mg
1299,Vitamin B2,0.1,mg
1299,Vitamin B3,3.6,mg
1299,Vitamin C,11.6,mg
1299,Folic Acid,27.5,mcg
1299,Calcium,37.6,mg
1299,Iron,0.9,mg
1299,Magnesium,0,mg
1299,Phosphorus,0,mg
1299,Sodium,7.6,mg
1299,Potassium,165.3,mg
1299,Zinc,1,mg
1300,Energy,320,cal
1300,Protein,6.1,g
1300,Carbohydrates,29.3,g
1300,Fiber,0,g
1300,Fat,18.6,g
1300,Cholesterol,8,mg
1300,Sodium,9.8,mg
1301,Energy,151,cal
1301,Protein,1,g
1301,Carbohydrates,19.5,g
1301,Fiber,3.1,g
1301,Fat,7.6,g
1301,Cholesterol,0,mg
1301,Sodium,6.8,mg
1302,Energy,56,cal
1302,Protein,1.4,g
1302,Carbohydrates,2.9,g
1302,Fiber,0,g
1302,Fat,4.4,g
1302,Cholesterol,0,mg
1302,Sodium,0.3,mg
1303,Energy,56,cal
1303,Protein,1.4,g
1303,Carbohydrates,2.9,g
1303,Fiber,0,g
1303,Fat,4.4,g
1303,Cholesterol,0,mg
1303,Sodium,0.3,mg
1304,Energy,56,cal
1304,Protein,1.4,g
1304,Carbohydrates,2.9,g
1304,Fiber,0,g
1304,Fat,4.4,g
1304,Cholesterol,0,mg
1304,Sodium,0.3,mg
1305,Energy,56,cal
1305,Protein,1.4,g
1305,Carbohydrates,2.9,g
1305,Fiber,0,g
1305,Fat,4.4,g
1305,Cholesterol,0,mg
1305,Sodium,0.3,mg
1306,Energy,56,cal
1306,Protein,1.4,g
1306,Carbohydrates,2.9,g
1306,Fiber,0,g
1306,Fat,4.4,g
1306,Cholesterol,0,mg
1306,Sodium,0.3,mg
1307,Energy,56,cal
1307,Protein,1.4,g
1307,Carbohydrates,2.9,g
1307,Fiber,0,g
1307,Fat,4.4,g
1307,Cholesterol,0,mg
1307,Sodium,0.3,mg
1308,Energy,232,cal
1308,Protein,2.3,g
1308,Carbohydrates,20.7,g
1308,Fiber,1.6,g
1308,Fat,15.8,g
1308,Cholesterol,0,mg
1308,Vitamin A,144.5,mcg
1308,Vitamin B1,0.1,mg
1308,Vitamin B2,0.1,mg
1308,Vitamin B3,1.1,mg
1308,Vitamin C,0,mg
1308,Folic Acid,20.4,mcg
1308,Calcium,13,mg
1308,Iron,1,mg
1308,Magnesium,0,mg
1308,Phosphorus,0,mg
1308,Sodium,1.6,mg
1308,Potassium,68.5,mg
1308,Zinc,0.4,mg
1309,Energy,157,cal
1309,Protein,3.4,g
1309,Carbohydrates,15.5,g
1309,Fiber,4.2,g
1309,Fat,8.8,g
1309,Cholesterol,0,mg
1309,Vitamin A,1710.1,mcg
1309,Vitamin B1,0,mg
1309,Vitamin B2,0.1,mg
1309,Vitamin B3,0.7,mg
1309,Vitamin C,40,mg
1309,Folic Acid,44.2,mcg
1309,Calcium,145.4,mg
1309,Iron,6.2,mg
1309,Magnesium,0,mg
1309,Phosphorus,0,mg
1309,Sodium,12.3,mg
1309,Potassium,138.1,mg
1309,Zinc,0.3,mg
1310,Energy,163,cal
1310,Protein,2.2,g
1310,Carbohydrates,25.8,g
1310,Fiber,2.4,g
1310,Fat,5.7,g
1310,Cholesterol,0,mg
1310,Vitamin A,261.8,mcg
1310,Vitamin B1,0.2,mg
1310,Vitamin B2,0,mg
1310,Vitamin B3,1.4,mg
1310,Vitamin C,37.8,mg
1310,Folic Acid,18.7,mcg
1310,Calcium,35.2,mg
1310,Iron,0.7,mg
1310,Magnesium,0,mg
1310,Phosphorus,0,mg
1310,Sodium,13.3,mg
1310,Potassium,276.8,mg
1310,Zinc,0.8,mg
1311,Energy,164,cal
1311,Protein,4.6,g
1311,Carbohydrates,19.9,g
1311,Fiber,7.4,g
1311,Fat,7.4,g
1311,Cholesterol,0,mg
1311,Sodium,8.7,mg
1312,Energy,11,cal
1312,Protein,0,g
1312,Carbohydrates,0,g
1312,Fiber,0,g
1312,Fat,1.3,g
1312,Cholesterol,0,mg
1312,Sodium,11.6,mg
1313,Energy,11,cal
1313,Protein,0,g
1313,Carbohydrates,0,g
1313,Fiber,0,g
1313,Fat,1.3,g
1313,Cholesterol,0,mg
1313,Sodium,11.6,mg
1314,Energy,100,cal
1314,Protein,1.6,g
1314,Carbohydrates,21.8,g
1314,Fiber,0.7,g
1314,Fat,0.4,g
1314,Cholesterol,0,mg
1314,Sodium,0,mg
1315,Energy,100,cal
1315,Protein,1.6,g
1315,Carbohydrates,21.8,g
1315,Fiber,0.7,g
1315,Fat,0.4,g
1315,Cholesterol,0,mg
1315,Sodium,0,mg
1316,Energy,147,cal
1316,Protein,2,g
1316,Carbohydrates,23.8,g
1316,Fiber,0.8,g
1316,Fat,4.5,g
1316,Cholesterol,0.9,mg
1316,Sodium,1.1,mg
1317,Energy,85,cal
1317,Protein,6.2,g
1317,Carbohydrates,14.3,g
1317,Fiber,4.3,g
1317,Fat,0.3,g
1317,Cholesterol,0,mg
1317,Sodium,11.3,mg
1318,Energy,289,cal
1318,Protein,8.2,g
1318,Carbohydrates,44.5,g
1318,Fiber,7.6,g
1318,Fat,8.6,g
1318,Cholesterol,0,mg
1318,Vitamin A,233.3,mcg
1318,Vitamin B1,0.1,mg
1318,Vitamin B2,0.1,mg
1318,Vitamin B3,1.3,mg
1318,Vitamin C,6.8,mg
1318,Folic Acid,47.1,mcg
1318,Calcium,57.5,mg
1318,Iron,2.2,mg
1318,Magnesium,0,mg
1318,Phosphorus,0,mg
1318,Sodium,5.1,mg
1318,Potassium,192.9,mg
1318,Zinc,1.5,mg
1319,Energy,112,cal
1319,Protein,8.1,g
1319,Carbohydrates,18.9,g
1319,Fiber,5.7,g
1319,Fat,0.4,g
1319,Cholesterol,0,mg
1319,Sodium,140.1,mg
1320,Energy,133,cal
1320,Protein,2.9,g
1320,Carbohydrates,13,g
1320,Fiber,0.4,g
1320,Fat,7.9,g
1320,Cholesterol,0,mg
1320,Sodium,6.1,mg
1321,Energy,155,cal
1321,Protein,9.7,g
1321,Carbohydrates,28.2,g
1321,Fiber,6.4,g
1321,Fat,0.4,g
1321,Cholesterol,0,mg
1321,Sodium,9.7,mg
1322,Energy,155,cal
1322,Protein,9.7,g
1322,Carbohydrates,28.2,g
1322,Fiber,6.4,g
1322,Fat,0.4,g
1322,Cholesterol,0,mg
1322,Sodium,9.7,mg
1323,Energy,91,cal
1323,Protein,5.9,g
1323,Carbohydrates,9.5,g
1323,Fiber,5.7,g
1323,Fat,3.2,g
1323,Cholesterol,0,mg
1323,Sodium,313.6,mg
1325,Energy,87,cal
1325,Protein,2.9,g
1325,Carbohydrates,15.1,g
1325,Fiber,2.9,g
1325,Fat,2,g
1325,Cholesterol,0,mg
1325,Sodium,35.2,mg
1326,Energy,246,cal
1326,Protein,6.6,g
1326,Carbohydrates,19.3,g
1326,Fiber,6,g
1326,Fat,15.8,g
1326,Cholesterol,0,mg
1326,Sodium,316.8,mg
1327,Energy,82,cal
1327,Protein,5.1,g
1327,Carbohydrates,12,g
1327,Fiber,2.3,g
1327,Fat,1.4,g
1327,Cholesterol,0,mg
1327,Sodium,20.9,mg
1328,Energy,105,cal
1328,Protein,3.9,g
1328,Carbohydrates,14.1,g
1328,Fiber,4.5,g
1328,Fat,3.8,g
1328,Cholesterol,0,mg
1328,Vitamin A,4660.9,mcg
1328,Vitamin B1,0.1,mg
1328,Vitamin B2,0.1,mg
1328,Vitamin B3,0.7,mg
1328,Vitamin C,5.5,mg
1328,Folic Acid,15.1,mcg
1328,Calcium,112.2,mg
1328,Iron,5.2,mg
1328,Magnesium,0,mg
1328,Phosphorus,0,mg
1328,Sodium,7.8,mg
1328,Potassium,80.1,mg
1328,Zinc,0.2,mg
1330,Energy,415,cal
1330,Protein,12.7,g
1330,Carbohydrates,26,g
1330,Fiber,8.2,g
1330,Fat,29.1,g
1330,Cholesterol,0,mg
1330,Sodium,52.1,mg
1331,Energy,296,cal
1331,Protein,20.7,g
1331,Carbohydrates,50.7,g
1331,Fiber,14.9,g
1331,Fat,1.3,g
1331,Cholesterol,0,mg
1331,Sodium,165.1,mg
1334,Energy,3,cal
1334,Protein,0,g
1334,Carbohydrates,0.7,g
1334,Fiber,0,g
1334,Fat,0,g
1334,Cholesterol,0,mg
1334,Sodium,0,mg
1335,Energy,3,cal
1335,Protein,0,g
1335,Carbohydrates,0.7,g
1335,Fiber,0,g
1335,Fat,0,g
1335,Cholesterol,0,mg
1335,Sodium,0,mg
1336,Energy,3,cal
1336,Protein,0,g
1336,Carbohydrates,0.7,g
1336,Fiber,0,g
1336,Fat,0,g
1336,Cholesterol,0,mg
1336,Sodium,0,mg
1338,Energy,71,cal
1338,Protein,2.5,g
1338,Carbohydrates,3.2,g
1338,Fiber,0.3,g
1338,Fat,4.4,g
1338,Cholesterol,8.9,mg
1338,Sodium,39.3,mg
1339,Energy,196,cal
1339,Protein,3.7,g
1339,Carbohydrates,21.1,g
1339,Fiber,1.6,g
1339,Fat,10.8,g
1339,Cholesterol,0,mg
1339,Vitamin A,262.2,mcg
1339,Vitamin B1,0.1,mg
1339,Vitamin B2,0,mg
1339,Vitamin B3,1.2,mg
1339,Vitamin C,14,mg
1339,Folic Acid,19.9,mcg
1339,Calcium,82.9,mg
1339,Iron,0.8,mg
1339,Magnesium,0,mg
1339,Phosphorus,0,mg
1339,Sodium,56.7,mg
1339,Potassium,212.7,mg
1339,Zinc,0.5,mg
1340,Energy,102,cal
1340,Protein,2,g
1340,Carbohydrates,8.7,g
1340,Fiber,0.2,g
1340,Fat,6.6,g
1340,Cholesterol,3.6,mg
1340,Vitamin A,212.2,mcg
1340,Vitamin B1,0.1,mg
1340,Vitamin B2,0,mg
1340,Vitamin B3,0.5,mg
1340,Vitamin C,0,mg
1340,Folic Acid,4.2,mcg
1340,Calcium,5.7,mg
1340,Iron,0.6,mg
1340,Magnesium,0,mg
1340,Phosphorus,0,mg
1340,Sodium,98.7,mg
1340,Potassium,34.4,mg
1340,Zinc,0.2,mg
1341,Energy,51,cal
1341,Protein,2.1,g
1341,Carbohydrates,2.4,g
1341,Fiber,0.1,g
1341,Fat,3.6,g
1341,Cholesterol,12.6,mg
1341,Sodium,151.3,mg
1342,Energy,51,cal
1342,Protein,2.1,g
1342,Carbohydrates,2.4,g
1342,Fiber,0.1,g
1342,Fat,3.6,g
1342,Cholesterol,12.6,mg
1342,Sodium,151.3,mg
1343,Energy,295,cal
1343,Protein,6.3,g
1343,Carbohydrates,33.2,g
1343,Fiber,0.2,g
1343,Fat,16.4,g
1343,Cholesterol,24.2,mg
1343,Sodium,396.3,mg
1344,Energy,295,cal
1344,Protein,6.3,g
1344,Carbohydrates,33.2,g
1344,Fiber,0.2,g
1344,Fat,16.4,g
1344,Cholesterol,24.2,mg
1344,Sodium,396.3,mg
1345,Energy,149,cal
1345,Protein,5,g
1345,Carbohydrates,9.5,g
1345,Fiber,1,g
1345,Fat,10.2,g
1345,Cholesterol,0,mg
1345,Vitamin A,457.9,mcg
1345,Vitamin B1,0,mg
1345,Vitamin B2,0,mg
1345,Vitamin B3,0.4,mg
1345,Vitamin C,7.5,mg
1345,Folic Acid,13.1,mcg
1345,Calcium,154.9,mg
1345,Iron,1,mg
1345,Magnesium,0,mg
1345,Phosphorus,0,mg
1345,Sodium,35.8,mg
1345,Potassium,87.2,mg
1345,Zinc,0.2,mg
1346,Energy,31,kcal.
1346,Protein,0.7,gm.
1346,Carbohydrate,3.2,gm.
1346,Fat,1,gm.
1346,Vitamin A,71.5,mcg
1346,Fibre,1,mg.
1346,Calcium,10,mg
1347,Energy,49,cal
1347,Protein,1.2,g
1347,Carbohydrates,2.6,g
1347,Fiber,0.1,g
1347,Fat,3.8,g
1347,Cholesterol,3.4,mg
1347,Sodium,42.8,mg
1348,Energy,79,cal
1348,Protein,2.4,g
1348,Carbohydrates,7.8,g
1348,Fiber,0.1,g
1348,Fat,4.3,g
1348,Cholesterol,13.9,mg
1348,Vitamin A,133.6,mcg
1348,Vitamin B1,0,mg
1348,Vitamin B2,0,mg
1348,Vitamin B3,0.2,mg
1348,Vitamin C,0.5,mg
1348,Folic Acid,0.2,mcg
1348,Calcium,45.1,mg
1348,Iron,0.4,mg
1348,Magnesium,0,mg
1348,Phosphorus,0,mg
1348,Sodium,92.4,mg
1348,Potassium,17.9,mg
1348,Zinc,0.1,mg
1349,Energy,234,cal
1349,Protein,30.8,g
1349,Carbohydrates,25,g
1349,Fiber,2.1,g
1349,Fat,11.4,g
1349,Cholesterol,31.8,mg
1349,Vitamin A,229.4,mcg
1349,Vitamin B1,0.2,mg
1349,Vitamin B2,0.1,mg
1349,Vitamin B3,0.6,mg
1349,Vitamin C,30.6,mg
1349,Folic Acid,15,mcg
1349,Calcium,46,mg
1349,Iron,0.9,mg
1349,Magnesium,0,mg
1349,Phosphorus,0,mg
1349,Sodium,308.6,mg
1349,Potassium,107.7,mg
1349,Zinc,0.5,mg
1350,Energy,1013,cal
1350,Protein,44.1,g
1350,Carbohydrates,68.1,g
1350,Fiber,2.4,g
1350,Fat,63.1,g
1350,Cholesterol,154.7,mg
1350,Sodium,2767.2,mg
1351,Energy,64,cal
1351,Protein,1.3,g
1351,Carbohydrates,5.9,g
1351,Fiber,0.3,g
1351,Fat,3.9,g
1351,Cholesterol,0,mg
1351,Vitamin A,209.9,mcg
1351,Vitamin B1,0,mg
1351,Vitamin B2,0,mg
1351,Vitamin B3,0.1,mg
1351,Vitamin C,0.4,mg
1351,Folic Acid,0.6,mcg
1351,Calcium,17.7,mg
1351,Iron,0.2,mg
1351,Magnesium,0,mg
1351,Phosphorus,0,mg
1351,Sodium,38,mg
1351,Potassium,6.2,mg
1351,Zinc,0,mg
1354,Energy,65,calories
1354,Protein,2.5,gm
1354,Carbohydrates,8.9,gm
1354,Fat,2.1,gm
1354,Fibre,0.8,gm
1354,Calcium,33.7,mg
1354,Iron,1.1,mg
1355,Energy,65,calories
1355,Protein,2.5,gm
1355,Carbohydrates,8.9,gm
1355,Fat,2.1,gm
1355,Fibre,0.8,gm
1355,Calcium,33.7,mg
1355,Iron,1.1,mg
1356,Energy,48,cal
1356,Protein,0.7,g
1356,Carbohydrates,3.7,g
1356,Fiber,0,g
1356,Fat,3.4,g
1356,Cholesterol,10.5,mg
1356,Sodium,42.6,mg
1357,Energy,1326,cal
1357,Protein,29.7,g
1357,Carbohydrates,135.2,g
1357,Fiber,3.8,g
1357,Fat,73.8,g
1357,Cholesterol,0,mg
1357,Vitamin A,1829.4,mcg
1357,Vitamin B1,0.3,mg
1357,Vitamin B2,0.3,mg
1357,Vitamin B3,3.5,mg
1357,Vitamin C,13.1,mg
1357,Folic Acid,36,mcg
1357,Calcium,460.4,mg
1357,Iron,4.9,mg
1357,Magnesium,0,mg
1357,Phosphorus,0,mg
1357,Sodium,240.3,mg
1357,Potassium,490.2,mg
1357,Zinc,1.3,mg
1358,Energy,59,cal
1358,Protein,2,g
1358,Carbohydrates,6.5,g
1358,Fiber,0,g
1358,Fat,2.7,g
1358,Cholesterol,0,mg
1358,Vitamin A,75.4,mcg
1358,Vitamin B1,0,mg
1358,Vitamin B2,0,mg
1358,Vitamin B3,0.2,mg
1358,Vitamin C,0,mg
1358,Folic Acid,0.2,mcg
1358,Calcium,39.8,mg
1358,Iron,0.3,mg
1358,Magnesium,0,mg
1358,Phosphorus,0,mg
1358,Sodium,16.2,mg
1358,Potassium,13.8,mg
1358,Zinc,0,mg
1359,Energy,59,cal
1359,Protein,2,g
1359,Carbohydrates,6.5,g
1359,Fiber,0,g
1359,Fat,2.7,g
1359,Cholesterol,0,mg
1359,Vitamin A,75.4,mcg
1359,Vitamin B1,0,mg
1359,Vitamin B2,0,mg
1359,Vitamin B3,0.2,mg
1359,Vitamin C,0,mg
1359,Folic Acid,0.2,mcg
1359,Calcium,39.8,mg
1359,Iron,0.3,mg
1359,Magnesium,0,mg
1359,Phosphorus,0,mg
1359,Sodium,16.2,mg
1359,Potassium,13.8,mg
1359,Zinc,0,mg
1360,Energy,14,cal
1360,Protein,0.4,g
1360,Carbohydrates,1.2,g
1360,Fiber,0,g
1360,Fat,0.8,g
1360,Cholesterol,0,mg
1360,Vitamin A,24.4,mcg
1360,Vitamin B1,0,mg
1360,Vitamin B2,0,mg
1360,Vitamin B3,0,mg
1360,Vitamin C,0,mg
1360,Folic Acid,0,mcg
1360,Calcium,9,mg
1360,Iron,0,mg
1360,Magnesium,0,mg
1360,Phosphorus,0,mg
1360,Sodium,5.5,mg
1360,Potassium,0.2,mg
1360,Zinc,0,mg
1361,Energy,50,cal
1361,Protein,3,g
1361,Carbohydrates,1.9,g
1361,Fiber,0.2,g
1361,Fat,3.2,g
1361,Cholesterol,11.6,mg
1361,Sodium,126.5,mg
1362,Energy,145,cal
1362,Protein,15.7,g
1362,Carbohydrates,7.9,g
1362,Fiber,0.6,g
1362,Fat,9.9,g
1362,Cholesterol,0,mg
1362,Vitamin A,247.6,mcg
1362,Vitamin B1,0,mg
1362,Vitamin B2,0,mg
1362,Vitamin B3,0.2,mg
1362,Vitamin C,0,mg
1362,Folic Acid,4,mcg
1362,Calcium,162.8,mg
1362,Iron,0.6,mg
1362,Magnesium,0,mg
1362,Phosphorus,0,mg
1362,Sodium,50.7,mg
1362,Potassium,23.3,mg
1362,Zinc,0.2,mg
1364,Energy,36,cal
1364,Protein,1.4,g
1364,Carbohydrates,1.4,g
1364,Fiber,0,g
1364,Fat,2.3,g
1364,Cholesterol,7.3,mg
1364,Sodium,45.4,mg
1365,Energy,124,cal
1365,Protein,3.7,g
1365,Carbohydrates,10.9,g
1365,Fiber,0,g
1365,Fat,7.3,g
1365,Cholesterol,24,mg
1365,Vitamin A,216.6,mcg
1365,Vitamin B1,0,mg
1365,Vitamin B2,0,mg
1365,Vitamin B3,0.1,mg
1365,Vitamin C,0,mg
1365,Folic Acid,0,mcg
1365,Calcium,73.3,mg
1365,Iron,0.4,mg
1365,Magnesium,0,mg
1365,Phosphorus,0,mg
1365,Sodium,161.6,mg
1365,Potassium,1.6,mg
1365,Zinc,0,mg
1366,Energy,124,cal
1366,Protein,3.7,g
1366,Carbohydrates,10.9,g
1366,Fiber,0,g
1366,Fat,7.3,g
1366,Cholesterol,24,mg
1366,Vitamin A,216.6,mcg
1366,Vitamin B1,0,mg
1366,Vitamin B2,0,mg
1366,Vitamin B3,0.1,mg
1366,Vitamin C,0,mg
1366,Folic Acid,0,mcg
1366,Calcium,73.3,mg
1366,Iron,0.4,mg
1366,Magnesium,0,mg
1366,Phosphorus,0,mg
1366,Sodium,161.6,mg
1366,Potassium,1.6,mg
1366,Zinc,0,mg
1367,Energy,124,cal
1367,Protein,3.7,g
1367,Carbohydrates,10.9,g
1367,Fiber,0,g
1367,Fat,7.3,g
1367,Cholesterol,24,mg
1367,Vitamin A,216.6,mcg
1367,Vitamin B1,0,mg
1367,Vitamin B2,0,mg
1367,Vitamin B3,0.1,mg
1367,Vitamin C,0,mg
1367,Folic Acid,0,mcg
1367,Calcium,73.3,mg
1367,Iron,0.4,mg
1367,Magnesium,0,mg
1367,Phosphorus,0,mg
1367,Sodium,161.6,mg
1367,Potassium,1.6,mg
1367,Zinc,0,mg
1368,Energy,124,cal
1368,Protein,3.7,g
1368,Carbohydrates,10.9,g
1368,Fiber,0,g
1368,Fat,7.3,g
1368,Cholesterol,24,mg
1368,Vitamin A,216.6,mcg
1368,Vitamin B1,0,mg
1368,Vitamin B2,0,mg
1368,Vitamin B3,0.1,mg
1368,Vitamin C,0,mg
1368,Folic Acid,0,mcg
1368,Calcium,73.3,mg
1368,Iron,0.4,mg
1368,Magnesium,0,mg
1368,Phosphorus,0,mg
1368,Sodium,161.6,mg
1368,Potassium,1.6,mg
1368,Zinc,0,mg
1369,Energy,124,cal
1369,Protein,3.7,g
1369,Carbohydrates,10.9,g
1369,Fiber,0,g
1369,Fat,7.3,g
1369,Cholesterol,24,mg
1369,Vitamin A,216.6,mcg
1369,Vitamin B1,0,mg
1369,Vitamin B2,0,mg
1369,Vitamin B3,0.1,mg
1369,Vitamin C,0,mg
1369,Folic Acid,0,mcg
1369,Calcium,73.3,mg
1369,Iron,0.4,mg
1369,Magnesium,0,mg
1369,Phosphorus,0,mg
1369,Sodium,161.6,mg
1369,Potassium,1.6,mg
1369,Zinc,0,mg
1370,Energy,124,cal
1370,Protein,3.7,g
1370,Carbohydrates,10.9,g
1370,Fiber,0,g
1370,Fat,7.3,g
1370,Cholesterol,24,mg
1370,Vitamin A,216.6,mcg
1370,Vitamin B1,0,mg
1370,Vitamin B2,0,mg
1370,Vitamin B3,0.1,mg
1370,Vitamin C,0,mg
1370,Folic Acid,0,mcg
1370,Calcium,73.3,mg
1370,Iron,0.4,mg
1370,Magnesium,0,mg
1370,Phosphorus,0,mg
1370,Sodium,161.6,mg
1370,Potassium,1.6,mg
1370,Zinc,0,mg
1371,Energy,124,cal
1371,Protein,3.7,g
1371,Carbohydrates,10.9,g
1371,Fiber,0,g
1371,Fat,7.3,g
1371,Cholesterol,24,mg
1371,Vitamin A,216.6,mcg
1371,Vitamin B1,0,mg
1371,Vitamin B2,0,mg
1371,Vitamin B3,0.1,mg
1371,Vitamin C,0,mg
1371,Folic Acid,0,mcg
1371,Calcium,73.3,mg
1371,Iron,0.4,mg
1371,Magnesium,0,mg
1371,Phosphorus,0,mg
1371,Sodium,161.6,mg
1371,Potassium,1.6,mg
1371,Zinc,0,mg
1372,Energy,91,cal
1372,Protein,3.2,g
1372,Carbohydrates,11,g
1372,Fiber,0,g
1372,Fat,3.8,g
1372,Cholesterol,6.7,mg
1372,Sodium,83.5,mg
1373,Energy,31,cal
1373,Protein,1,g
1373,Carbohydrates,1.3,g
1373,Fiber,0,g
1373,Fat,2.1,g
1373,Cholesterol,6.6,mg
1373,Sodium,36.8,mg
1374,Energy,110,cal
1374,Protein,4.7,g
1374,Carbohydrates,1.9,g
1374,Fiber,0,g
1374,Fat,9,g
1374,Cholesterol,22.6,mg
1374,Sodium,143,mg
1375,Amt,14,gm
1375,Energy,64,kcal
1375,Protein,1.6,gm
1375,Cho,5.5,gm
1375,Fat,4,gm
1375,Vit-A,135,mcg
1375,Vit-C,0,mg
1375,Calcium,24,mg
1375,Iron,0.4,mg
1375,F.Acid,2.8,mcg
1375,Fibre,0.1,gm
1376,Energy,34,cal
1376,Protein,0.9,g
1376,Carbohydrates,3.5,g
1376,Fiber,0,g
1376,Fat,1.8,g
1376,Cholesterol,0,mg
1376,Vitamin A,61.2,mcg
1376,Vitamin B1,0,mg
1376,Vitamin B2,0,mg
1376,Vitamin B3,0.1,mg
1376,Vitamin C,0,mg
1376,Folic Acid,0,mcg
1376,Calcium,12.9,mg
1376,Iron,0.2,mg
1376,Magnesium,0,mg
1376,Phosphorus,0,mg
1376,Sodium,14.9,mg
1376,Potassium,6.4,mg
1376,Zinc,0,mg
1377,Energy,34,cal
1377,Protein,0.9,g
1377,Carbohydrates,3.5,g
1377,Fiber,0,g
1377,Fat,1.8,g
1377,Cholesterol,0,mg
1377,Vitamin A,61.2,mcg
1377,Vitamin B1,0,mg
1377,Vitamin B2,0,mg
1377,Vitamin B3,0.1,mg
1377,Vitamin C,0,mg
1377,Folic Acid,0,mcg
1377,Calcium,12.9,mg
1377,Iron,0.2,mg
1377,Magnesium,0,mg
1377,Phosphorus,0,mg
1377,Sodium,14.9,mg
1377,Potassium,6.4,mg
1377,Zinc,0,mg
1378,Energy,198,cal
1378,Protein,4.2,g
1378,Carbohydrates,30.3,g
1378,Fiber,1,g
1378,Fat,6.7,g
1378,Cholesterol,19.8,mg
1378,Vitamin A,421,mcg
1378,Vitamin B1,0.1,mg
1378,Vitamin B2,0,mg
1378,Vitamin B3,0.8,mg
1378,Vitamin C,21.7,mg
1378,Folic Acid,9.3,mcg
1378,Calcium,27.8,mg
1378,Iron,0.8,mg
1378,Magnesium,0,mg
1378,Phosphorus,0,mg
1378,Sodium,68.2,mg
1378,Potassium,115.7,mg
1378,Zinc,0.2,mg
1379,Energy,108,cal
1379,Protein,4.2,g
1379,Carbohydrates,10.5,g
1379,Fiber,0,g
1379,Fat,5.1,g
1379,Cholesterol,11.6,mg
1379,Sodium,115,mg
1380,Energy,108,cal
1380,Protein,4.2,g
1380,Carbohydrates,10.5,g
1380,Fiber,0,g
1380,Fat,5.1,g
1380,Cholesterol,11.6,mg
1380,Sodium,115,mg
1381,Energy,305,cal
1381,Protein,9.5,g
1381,Carbohydrates,49.2,g
1381,Fiber,2.6,g
1381,Fat,7.8,g
1381,Cholesterol,15,mg
1381,Sodium,195,mg
1382,Energy,194,cal
1382,Protein,5.8,g
1382,Carbohydrates,28.5,g
1382,Fiber,1,g
1382,Fat,6.9,g
1382,Cholesterol,11.6,mg
1382,Sodium,218.7,mg
1383,Energy,191,cal
1383,Protein,3.9,g
1383,Carbohydrates,11.1,g
1383,Fiber,0.1,g
1383,Fat,16.3,g
1383,Cholesterol,27,mg
1383,Sodium,123.2,mg
1384,Energy,191,cal
1384,Protein,3.9,g
1384,Carbohydrates,11.1,g
1384,Fiber,0.1,g
1384,Fat,16.3,g
1384,Cholesterol,27,mg
1384,Sodium,123.2,mg
1385,Energy,191,cal
1385,Protein,3.9,g
1385,Carbohydrates,11.1,g
1385,Fiber,0.1,g
1385,Fat,16.3,g
1385,Cholesterol,27,mg
1385,Sodium,123.2,mg
1386,Energy,127,cal
1386,Protein,4.7,g
1386,Carbohydrates,22,g
1386,Fiber,0.8,g
1386,Fat,2,g
1386,Cholesterol,0,mg
1386,Vitamin A,86.9,mcg
1386,Vitamin B1,0,mg
1386,Vitamin B2,0.1,mg
1386,Vitamin B3,0.8,mg
1386,Vitamin C,12.6,mg
1386,Folic Acid,22.6,mcg
1386,Calcium,68.3,mg
1386,Iron,0.9,mg
1386,Magnesium,0,mg
1386,Phosphorus,0,mg
1386,Sodium,13.3,mg
1386,Potassium,230.3,mg
1386,Zinc,0.3,mg
1387,Energy,127,cal
1387,Protein,4.7,g
1387,Carbohydrates,22,g
1387,Fiber,0.8,g
1387,Fat,2,g
1387,Cholesterol,0,mg
1387,Vitamin A,86.9,mcg
1387,Vitamin B1,0,mg
1387,Vitamin B2,0.1,mg
1387,Vitamin B3,0.8,mg
1387,Vitamin C,12.6,mg
1387,Folic Acid,22.6,mcg
1387,Calcium,68.3,mg
1387,Iron,0.9,mg
1387,Magnesium,0,mg
1387,Phosphorus,0,mg
1387,Sodium,13.3,mg
1387,Potassium,230.3,mg
1387,Zinc,0.3,mg
1388,Energy,48,cal
1388,Protein,1.7,g
1388,Carbohydrates,3.8,g
1388,Fiber,0,g
1388,Fat,2.9,g
1388,Cholesterol,0,mg
1388,Vitamin A,77.7,mcg
1388,Vitamin B1,0,mg
1388,Vitamin B2,0,mg
1388,Vitamin B3,0,mg
1388,Vitamin C,0,mg
1388,Folic Acid,0,mcg
1388,Calcium,40.2,mg
1388,Iron,0.2,mg
1388,Magnesium,0,mg
1388,Phosphorus,0,mg
1388,Sodium,16.5,mg
1388,Potassium,0.5,mg
1388,Zinc,0,mg
1389,Energy,32,cal
1389,Protein,1.6,g
1389,Carbohydrates,3.7,g
1389,Fiber,0,g
1389,Fat,1.2,g
1389,Cholesterol,0,mg
1389,Vitamin A,12.3,mcg
1389,Vitamin B1,0,mg
1389,Vitamin B2,0,mg
1389,Vitamin B3,0,mg
1389,Vitamin C,0,mg
1389,Folic Acid,0,mcg
1389,Calcium,36.3,mg
1389,Iron,0.2,mg
1389,Magnesium,0,mg
1389,Phosphorus,0,mg
1389,Sodium,0,mg
1389,Potassium,0,mg
1389,Zinc,0,mg
1393,Energy,115,cal
1393,Protein,3.3,g
1393,Carbohydrates,11,g
1393,Fiber,1.2,g
1393,Fat,5.7,g
1393,Cholesterol,0,mg
1393,Vitamin A,158.9,mcg
1393,Vitamin B1,0.1,mg
1393,Vitamin B2,0.1,mg
1393,Vitamin B3,0.6,mg
1393,Vitamin C,16.6,mg
1393,Folic Acid,7,mcg
1393,Calcium,108.9,mg
1393,Iron,0.6,mg
1393,Magnesium,0,mg
1393,Phosphorus,0,mg
1393,Sodium,37.4,mg
1393,Potassium,141.3,mg
1393,Zinc,0.3,mg
1394,Energy,115,cal
1394,Protein,3.3,g
1394,Carbohydrates,11,g
1394,Fiber,1.2,g
1394,Fat,5.7,g
1394,Cholesterol,0,mg
1394,Vitamin A,158.9,mcg
1394,Vitamin B1,0.1,mg
1394,Vitamin B2,0.1,mg
1394,Vitamin B3,0.6,mg
1394,Vitamin C,16.6,mg
1394,Folic Acid,7,mcg
1394,Calcium,108.9,mg
1394,Iron,0.6,mg
1394,Magnesium,0,mg
1394,Phosphorus,0,mg
1394,Sodium,37.4,mg
1394,Potassium,141.3,mg
1394,Zinc,0.3,mg
1395,Energy,156,cal
1395,Protein,5.4,g
1395,Carbohydrates,25.7,g
1395,Fiber,0.6,g
1395,Fat,3.6,g
1395,Cholesterol,11.6,mg
1395,Sodium,238.1,mg
1396,Energy,156,cal
1396,Protein,5.4,g
1396,Carbohydrates,25.7,g
1396,Fiber,0.6,g
1396,Fat,3.6,g
1396,Cholesterol,11.6,mg
1396,Sodium,238.1,mg
1397,Energy,156,cal
1397,Protein,5.4,g
1397,Carbohydrates,25.7,g
1397,Fiber,0.6,g
1397,Fat,3.6,g
1397,Cholesterol,11.6,mg
1397,Sodium,238.1,mg
1398,Energy,156,cal
1398,Protein,5.4,g
1398,Carbohydrates,25.7,g
1398,Fiber,0.6,g
1398,Fat,3.6,g
1398,Cholesterol,11.6,mg
1398,Sodium,238.1,mg
1399,Energy,52,kcal
1399,Protein,1.4,gm
1399,Carbohydrates,4.8,gm
1399,Fat,3,gm
1399,Vitamin A,106.1,mcg
1399,Calcium,29.6,mg
1400,Energy,52,kcal
1400,Protein,1.4,gm
1400,Carbohydrates,4.8,gm
1400,Fat,3,gm
1400,Vitamin A,106.1,mcg
1400,Calcium,29.6,mg
1401,Energy,139,cal
1401,Protein,8.6,g
1401,Carbohydrates,7.1,g
1401,Fiber,0.5,g
1401,Fat,8.2,g
1401,Cholesterol,23.7,mg
1401,Vitamin A,112.1,mcg
1401,Vitamin B1,0,mg
1401,Vitamin B2,0.1,mg
1401,Vitamin B3,0.1,mg
1401,Vitamin C,1.3,mg
1401,Folic Acid,6.7,mcg
1401,Calcium,236.3,mg
1401,Iron,0.3,mg
1401,Magnesium,0,mg
1401,Phosphorus,0,mg
1401,Sodium,318.4,mg
1401,Potassium,70.3,mg
1401,Zinc,0.7,mg
1402,Energy,172,cal
1402,Protein,5.4,g
1402,Carbohydrates,11.2,g
1402,Fiber,1.2,g
1402,Fat,12.2,g
1402,Cholesterol,40.7,mg
1402,Sodium,282.1,mg
1403,Energy,187,cal
1403,Protein,6.4,g
1403,Carbohydrates,34.3,g
1403,Fiber,3.5,g
1403,Fat,3.4,g
1403,Cholesterol,0,mg
1403,Vitamin A,195.8,mcg
1403,Vitamin B1,0.2,mg
1403,Vitamin B2,0.1,mg
1403,Vitamin B3,0.6,mg
1403,Vitamin C,30.8,mg
1403,Folic Acid,43.1,mcg
1403,Calcium,26.2,mg
1403,Iron,1.2,mg
1403,Magnesium,0,mg
1403,Phosphorus,0,mg
1403,Sodium,9.2,mg
1403,Potassium,176.4,mg
1403,Zinc,0.4,mg
1404,Energy,402,cal
1404,Protein,16.7,g
1404,Carbohydrates,56.8,g
1404,Fiber,7.4,g
1404,Fat,13,g
1404,Cholesterol,12.7,mg
1404,Sodium,341.7,mg
1405,Energy,402,cal
1405,Protein,16.7,g
1405,Carbohydrates,56.8,g
1405,Fiber,7.4,g
1405,Fat,13,g
1405,Cholesterol,12.7,mg
1405,Sodium,341.7,mg
1406,Energy,402,cal
1406,Protein,16.7,g
1406,Carbohydrates,56.8,g
1406,Fiber,7.4,g
1406,Fat,13,g
1406,Cholesterol,12.7,mg
1406,Sodium,341.7,mg
1407,Energy,402,cal
1407,Protein,16.7,g
1407,Carbohydrates,56.8,g
1407,Fiber,7.4,g
1407,Fat,13,g
1407,Cholesterol,12.7,mg
1407,Sodium,341.7,mg
1408,Energy,251,cal
1408,Protein,10,g
1408,Carbohydrates,19.1,g
1408,Fiber,2.3,g
1408,Fat,15.9,g
1408,Cholesterol,17,mg
1408,Sodium,342.3,mg
1409,Energy,140,cal
1409,Protein,3.6,g
1409,Carbohydrates,0.9,g
1409,Fiber,0,g
1409,Fat,13.5,g
1409,Cholesterol,0,mg
1409,Vitamin A,425,mcg
1409,Vitamin B1,0,mg
1409,Vitamin B2,0,mg
1409,Vitamin B3,0,mg
1409,Vitamin C,0,mg
1409,Folic Acid,0,mcg
1409,Calcium,118.5,mg
1409,Iron,0.3,mg
1409,Magnesium,0,mg
1409,Phosphorus,0,mg
1409,Sodium,99.1,mg
1409,Potassium,3.1,mg
1409,Zinc,0,mg
1410,Energy,42,cal
1410,Protein,1.1,g
1410,Carbohydrates,1.1,g
1410,Fiber,0.2,g
1410,Fat,3.8,g
1410,Cholesterol,0,mg
1410,Vitamin A,201.6,mcg
1410,Vitamin B1,0,mg
1410,Vitamin B2,0,mg
1410,Vitamin B3,0,mg
1410,Vitamin C,0.2,mg
1410,Folic Acid,1.1,mcg
1410,Calcium,36.8,mg
1410,Iron,0.2,mg
1410,Magnesium,0,mg
1410,Phosphorus,0,mg
1410,Sodium,19.8,mg
1410,Potassium,11.1,mg
1410,Zinc,0,mg
1411,Energy,110,cal
1411,Protein,3.7,g
1411,Carbohydrates,5.5,g
1411,Fiber,0.1,g
1411,Fat,7,g
1411,Cholesterol,0,mg
1411,Vitamin A,191.3,mcg
1411,Vitamin B1,0,mg
1411,Vitamin B2,0.1,mg
1411,Vitamin B3,0.2,mg
1411,Vitamin C,1.3,mg
1411,Folic Acid,3.6,mcg
1411,Calcium,145.5,mg
1411,Iron,0.3,mg
1411,Magnesium,0,mg
1411,Phosphorus,0,mg
1411,Sodium,35,mg
1411,Potassium,59.8,mg
1411,Zinc,0,mg
1412,Energy,110,cal
1412,Protein,3.7,g
1412,Carbohydrates,5.5,g
1412,Fiber,0.1,g
1412,Fat,7,g
1412,Cholesterol,0,mg
1412,Vitamin A,191.3,mcg
1412,Vitamin B1,0,mg
1412,Vitamin B2,0.1,mg
1412,Vitamin B3,0.2,mg
1412,Vitamin C,1.3,mg
1412,Folic Acid,3.6,mcg
1412,Calcium,145.5,mg
1412,Iron,0.3,mg
1412,Magnesium,0,mg
1412,Phosphorus,0,mg
1412,Sodium,35,mg
1412,Potassium,59.8,mg
1412,Zinc,0,mg
1413,Energy,110,cal
1413,Protein,3.7,g
1413,Carbohydrates,5.5,g
1413,Fiber,0.1,g
1413,Fat,7,g
1413,Cholesterol,0,mg
1413,Vitamin A,191.3,mcg
1413,Vitamin B1,0,mg
1413,Vitamin B2,0.1,mg
1413,Vitamin B3,0.2,mg
1413,Vitamin C,1.3,mg
1413,Folic Acid,3.6,mcg
1413,Calcium,145.5,mg
1413,Iron,0.3,mg
1413,Magnesium,0,mg
1413,Phosphorus,0,mg
1413,Sodium,35,mg
1413,Potassium,59.8,mg
1413,Zinc,0,mg
1414,Energy,110,cal
1414,Protein,3.7,g
1414,Carbohydrates,5.5,g
1414,Fiber,0.1,g
1414,Fat,7,g
1414,Cholesterol,0,mg
1414,Vitamin A,191.3,mcg
1414,Vitamin B1,0,mg
1414,Vitamin B2,0.1,mg
1414,Vitamin B3,0.2,mg
1414,Vitamin C,1.3,mg
1414,Folic Acid,3.6,mcg
1414,Calcium,145.5,mg
1414,Iron,0.3,mg
1414,Magnesium,0,mg
1414,Phosphorus,0,mg
1414,Sodium,35,mg
1414,Potassium,59.8,mg
1414,Zinc,0,mg
1415,Energy,17,cal
1415,Protein,0.6,g
1415,Carbohydrates,2.6,g
1415,Fiber,0,g
1415,Fat,0.4,g
1415,Cholesterol,0,mg
1415,Vitamin A,10.3,mcg
1415,Vitamin B1,0,mg
1415,Vitamin B2,0,mg
1415,Vitamin B3,0,mg
1415,Vitamin C,0,mg
1415,Folic Acid,0,mcg
1415,Calcium,7.1,mg
1415,Iron,0.1,mg
1415,Magnesium,0,mg
1415,Phosphorus,0,mg
1415,Sodium,2.1,mg
1415,Potassium,0.1,mg
1415,Zinc,0,mg
1416,Energy,17,cal
1416,Protein,0.6,g
1416,Carbohydrates,2.6,g
1416,Fiber,0,g
1416,Fat,0.4,g
1416,Cholesterol,0,mg
1416,Vitamin A,10.3,mcg
1416,Vitamin B1,0,mg
1416,Vitamin B2,0,mg
1416,Vitamin B3,0,mg
1416,Vitamin C,0,mg
1416,Folic Acid,0,mcg
1416,Calcium,7.1,mg
1416,Iron,0.1,mg
1416,Magnesium,0,mg
1416,Phosphorus,0,mg
1416,Sodium,2.1,mg
1416,Potassium,0.1,mg
1416,Zinc,0,mg
1417,Energy,17,cal
1417,Protein,0.6,g
1417,Carbohydrates,2.6,g
1417,Fiber,0,g
1417,Fat,0.4,g
1417,Cholesterol,0,mg
1417,Vitamin A,10.3,mcg
1417,Vitamin B1,0,mg
1417,Vitamin B2,0,mg
1417,Vitamin B3,0,mg
1417,Vitamin C,0,mg
1417,Folic Acid,0,mcg
1417,Calcium,7.1,mg
1417,Iron,0.1,mg
1417,Magnesium,0,mg
1417,Phosphorus,0,mg
1417,Sodium,2.1,mg
1417,Potassium,0.1,mg
1417,Zinc,0,mg
1418,Energy,292,cal
1418,Protein,16.8,g
1418,Carbohydrates,8.1,g
1418,Fiber,0.1,g
1418,Fat,20.1,g
1418,Cholesterol,68,mg
1418,Sodium,756.7,mg
1419,Energy,157,cal
1419,Protein,4.6,g
1419,Carbohydrates,18.4,g
1419,Fiber,0.6,g
1419,Fat,7.5,g
1419,Cholesterol,0,mg
1419,Vitamin A,85.7,mcg
1419,Vitamin B1,0.1,mg
1419,Vitamin B2,0.1,mg
1419,Vitamin B3,0.1,mg
1419,Vitamin C,2.7,mg
1419,Folic Acid,4,mcg
1419,Calcium,58.3,mg
1419,Iron,0.4,mg
1419,Magnesium,0,mg
1419,Phosphorus,0,mg
1419,Sodium,94.7,mg
1419,Potassium,38.4,mg
1419,Zinc,0.1,mg
1420,Energy,157,cal
1420,Protein,4.6,g
1420,Carbohydrates,18.4,g
1420,Fiber,0.6,g
1420,Fat,7.5,g
1420,Cholesterol,0,mg
1420,Vitamin A,85.7,mcg
1420,Vitamin B1,0.1,mg
1420,Vitamin B2,0.1,mg
1420,Vitamin B3,0.1,mg
1420,Vitamin C,2.7,mg
1420,Folic Acid,4,mcg
1420,Calcium,58.3,mg
1420,Iron,0.4,mg
1420,Magnesium,0,mg
1420,Phosphorus,0,mg
1420,Sodium,94.7,mg
1420,Potassium,38.4,mg
1420,Zinc,0.1,mg
1421,Energy,137,cal
1421,Protein,5.6,g
1421,Carbohydrates,14.1,g
1421,Fiber,0.3,g
1421,Fat,6.5,g
1421,Cholesterol,0,mg
1421,Vitamin A,136.9,mcg
1421,Vitamin B1,0,mg
1421,Vitamin B2,0,mg
1421,Vitamin B3,0.1,mg
1421,Vitamin C,1.8,mg
1421,Folic Acid,1,mcg
1421,Calcium,129.8,mg
1421,Iron,0.9,mg
1421,Magnesium,0,mg
1421,Phosphorus,0,mg
1421,Sodium,100,mg
1421,Potassium,21.7,mg
1421,Zinc,0.1,mg
1422,Energy,137,cal
1422,Protein,5.6,g
1422,Carbohydrates,14.1,g
1422,Fiber,0.3,g
1422,Fat,6.5,g
1422,Cholesterol,0,mg
1422,Vitamin A,136.9,mcg
1422,Vitamin B1,0,mg
1422,Vitamin B2,0,mg
1422,Vitamin B3,0.1,mg
1422,Vitamin C,1.8,mg
1422,Folic Acid,1,mcg
1422,Calcium,129.8,mg
1422,Iron,0.9,mg
1422,Magnesium,0,mg
1422,Phosphorus,0,mg
1422,Sodium,100,mg
1422,Potassium,21.7,mg
1422,Zinc,0.1,mg
1423,Energy,137,cal
1423,Protein,5.6,g
1423,Carbohydrates,14.1,g
1423,Fiber,0.3,g
1423,Fat,6.5,g
1423,Cholesterol,0,mg
1423,Vitamin A,136.9,mcg
1423,Vitamin B1,0,mg
1423,Vitamin B2,0,mg
1423,Vitamin B3,0.1,mg
1423,Vitamin C,1.8,mg
1423,Folic Acid,1,mcg
1423,Calcium,129.8,mg
1423,Iron,0.9,mg
1423,Magnesium,0,mg
1423,Phosphorus,0,mg
1423,Sodium,100,mg
1423,Potassium,21.7,mg
1423,Zinc,0.1,mg
1424,Energy,128,cal
1424,Protein,5,g
1424,Carbohydrates,13,g
1424,Fiber,0,g
1424,Fat,6.2,g
1424,Cholesterol,5.8,mg
1424,Sodium,69.6,mg
1425,Energy,142,cal
1425,Protein,4.2,g
1425,Carbohydrates,12,g
1425,Fiber,0.1,g
1425,Fat,8.6,g
1425,Cholesterol,6.5,mg
1425,Sodium,98.9,mg
1426,Energy,142,cal
1426,Protein,4.2,g
1426,Carbohydrates,12,g
1426,Fiber,0.1,g
1426,Fat,8.6,g
1426,Cholesterol,6.5,mg
1426,Sodium,98.9,mg
1427,Energy,142,cal
1427,Protein,4.2,g
1427,Carbohydrates,12,g
1427,Fiber,0.1,g
1427,Fat,8.6,g
1427,Cholesterol,6.5,mg
1427,Sodium,98.9,mg
1428,Energy,142,cal
1428,Protein,4.2,g
1428,Carbohydrates,12,g
1428,Fiber,0.1,g
1428,Fat,8.6,g
1428,Cholesterol,6.5,mg
1428,Sodium,98.9,mg
1429,Energy,55,cal
1429,Protein,2.2,g
1429,Carbohydrates,2.5,g
1429,Fiber,0,g
1429,Fat,3.9,g
1429,Cholesterol,13.5,mg
1429,Sodium,158.8,mg
1430,Energy,55,cal
1430,Protein,2.2,g
1430,Carbohydrates,2.5,g
1430,Fiber,0,g
1430,Fat,3.9,g
1430,Cholesterol,13.5,mg
1430,Sodium,158.8,mg
1431,Energy,55,cal
1431,Protein,2.2,g
1431,Carbohydrates,2.5,g
1431,Fiber,0,g
1431,Fat,3.9,g
1431,Cholesterol,13.5,mg
1431,Sodium,158.8,mg
1432,Energy,55,cal
1432,Protein,2.2,g
1432,Carbohydrates,2.5,g
1432,Fiber,0,g
1432,Fat,3.9,g
1432,Cholesterol,13.5,mg
1432,Sodium,158.8,mg
1434,Energy,71,cal
1434,Protein,2.3,g
1434,Carbohydrates,5.9,g
1434,Fiber,0.2,g
1434,Fat,4.2,g
1434,Cholesterol,0,mg
1434,Vitamin A,45.9,mcg
1434,Vitamin B1,0,mg
1434,Vitamin B2,0,mg
1434,Vitamin B3,0.2,mg
1434,Vitamin C,3.9,mg
1434,Folic Acid,1.9,mcg
1434,Calcium,56.5,mg
1434,Iron,0.3,mg
1434,Magnesium,0,mg
1434,Phosphorus,0,mg
1434,Sodium,1.4,mg
1434,Potassium,28.4,mg
1434,Zinc,0.1,mg
1435,Energy,71,cal
1435,Protein,2.3,g
1435,Carbohydrates,5.9,g
1435,Fiber,0.2,g
1435,Fat,4.2,g
1435,Cholesterol,0,mg
1435,Vitamin A,45.9,mcg
1435,Vitamin B1,0,mg
1435,Vitamin B2,0,mg
1435,Vitamin B3,0.2,mg
1435,Vitamin C,3.9,mg
1435,Folic Acid,1.9,mcg
1435,Calcium,56.5,mg
1435,Iron,0.3,mg
1435,Magnesium,0,mg
1435,Phosphorus,0,mg
1435,Sodium,1.4,mg
1435,Potassium,28.4,mg
1435,Zinc,0.1,mg
1436,Energy,243,cal
1436,Protein,2.9,g
1436,Carbohydrates,7.1,g
1436,Fiber,0.5,g
1436,Fat,22.6,g
1436,Cholesterol,10,mg
1436,Sodium,127.7,mg
1437,Energy,243,cal
1437,Protein,2.9,g
1437,Carbohydrates,7.1,g
1437,Fiber,0.5,g
1437,Fat,22.6,g
1437,Cholesterol,10,mg
1437,Sodium,127.7,mg
1441,Energy,496,cal
1441,Protein,17.2,g
1441,Carbohydrates,44.5,g
1441,Fiber,1.8,g
1441,Fat,29.6,g
1441,Cholesterol,13.8,mg
1441,Vitamin A,302.7,mcg
1441,Vitamin B1,0.3,mg
1441,Vitamin B2,0.1,mg
1441,Vitamin B3,0.5,mg
1441,Vitamin C,46.8,mg
1441,Folic Acid,14.3,mcg
1441,Calcium,373.5,mg
1441,Iron,1.5,mg
1441,Magnesium,0,mg
1441,Phosphorus,0,mg
1441,Sodium,769.1,mg
1441,Potassium,56.9,mg
1441,Zinc,0.2,mg
1442,Energy,27,cal
1442,Protein,1.1,g
1442,Carbohydrates,1.1,g
1442,Fiber,0.1,g
1442,Fat,1.7,g
1442,Cholesterol,5.2,mg
1442,Sodium,33.1,mg
1444,Energy,46,cal
1444,Protein,1.1,g
1444,Carbohydrates,2.7,g
1444,Fiber,0,g
1444,Fat,3.4,g
1444,Cholesterol,3,mg
1444,Sodium,37,mg
1446,Energy,90,cal
1446,Protein,3.1,g
1446,Carbohydrates,9,g
1446,Fiber,0.6,g
1446,Fat,4.7,g
1446,Cholesterol,0,mg
1446,Vitamin A,112.6,mcg
1446,Vitamin B1,-0.1,mg
1446,Vitamin B2,-0.1,mg
1446,Vitamin B3,0.3,mg
1446,Vitamin C,6.3,mg
1446,Folic Acid,5.9,mcg
1446,Calcium,92,mg
1446,Iron,0.3,mg
1446,Magnesium,0,mg
1446,Phosphorus,0,mg
1446,Sodium,16.2,mg
1446,Potassium,86.8,mg
1446,Zinc,0.2,mg
1447,Energy,90,cal
1447,Protein,3.1,g
1447,Carbohydrates,9,g
1447,Fiber,0.6,g
1447,Fat,4.7,g
1447,Cholesterol,0,mg
1447,Vitamin A,112.6,mcg
1447,Vitamin B1,-0.1,mg
1447,Vitamin B2,-0.1,mg
1447,Vitamin B3,0.3,mg
1447,Vitamin C,6.3,mg
1447,Folic Acid,5.9,mcg
1447,Calcium,92,mg
1447,Iron,0.3,mg
1447,Magnesium,0,mg
1447,Phosphorus,0,mg
1447,Sodium,16.2,mg
1447,Potassium,86.8,mg
1447,Zinc,0.2,mg
1448,Energy,90,cal
1448,Protein,3.1,g
1448,Carbohydrates,9,g
1448,Fiber,0.6,g
1448,Fat,4.7,g
1448,Cholesterol,0,mg
1448,Vitamin A,112.6,mcg
1448,Vitamin B1,-0.1,mg
1448,Vitamin B2,-0.1,mg
1448,Vitamin B3,0.3,mg
1448,Vitamin C,6.3,mg
1448,Folic Acid,5.9,mcg
1448,Calcium,92,mg
1448,Iron,0.3,mg
1448,Magnesium,0,mg
1448,Phosphorus,0,mg
1448,Sodium,16.2,mg
1448,Potassium,86.8,mg
1448,Zinc,0.2,mg
1449,Energy,90,cal
1449,Protein,3.1,g
1449,Carbohydrates,9,g
1449,Fiber,0.6,g
1449,Fat,4.7,g
1449,Cholesterol,0,mg
1449,Vitamin A,112.6,mcg
1449,Vitamin B1,-0.1,mg
1449,Vitamin B2,-0.1,mg
1449,Vitamin B3,0.3,mg
1449,Vitamin C,6.3,mg
1449,Folic Acid,5.9,mcg
1449,Calcium,92,mg
1449,Iron,0.3,mg
1449,Magnesium,0,mg
1449,Phosphorus,0,mg
1449,Sodium,16.2,mg
1449,Potassium,86.8,mg
1449,Zinc,0.2,mg
1450,Energy,90,cal
1450,Protein,3.1,g
1450,Carbohydrates,9,g
1450,Fiber,0.6,g
1450,Fat,4.7,g
1450,Cholesterol,0,mg
1450,Vitamin A,112.6,mcg
1450,Vitamin B1,-0.1,mg
1450,Vitamin B2,-0.1,mg
1450,Vitamin B3,0.3,mg
1450,Vitamin C,6.3,mg
1450,Folic Acid,5.9,mcg
1450,Calcium,92,mg
1450,Iron,0.3,mg
1450,Magnesium,0,mg
1450,Phosphorus,0,mg
1450,Sodium,16.2,mg
1450,Potassium,86.8,mg
1450,Zinc,0.2,mg
1451,Energy,254,cal
1451,Protein,7.7,g
1451,Carbohydrates,33,g
1451,Fiber,1.4,g
1451,Fat,9,g
1451,Cholesterol,0,mg
1451,Vitamin A,469.7,mcg
1451,Vitamin B1,0.6,mg
1451,Vitamin B2,0.2,mg
1451,Vitamin B3,2.6,mg
1451,Vitamin C,62.6,mg
1451,Folic Acid,12.4,mcg
1451,Calcium,123.8,mg
1451,Iron,1.7,mg
1451,Magnesium,0,mg
1451,Phosphorus,0,mg
1451,Sodium,62.4,mg
1451,Potassium,125.9,mg
1451,Zinc,0.5,mg
1452,Energy,254,cal
1452,Protein,7.7,g
1452,Carbohydrates,33,g
1452,Fiber,1.4,g
1452,Fat,9,g
1452,Cholesterol,0,mg
1452,Vitamin A,469.7,mcg
1452,Vitamin B1,0.6,mg
1452,Vitamin B2,0.2,mg
1452,Vitamin B3,2.6,mg
1452,Vitamin C,62.6,mg
1452,Folic Acid,12.4,mcg
1452,Calcium,123.8,mg
1452,Iron,1.7,mg
1452,Magnesium,0,mg
1452,Phosphorus,0,mg
1452,Sodium,62.4,mg
1452,Potassium,125.9,mg
1452,Zinc,0.5,mg
1455,Energy,719,cal
1455,Protein,26.1,g
1455,Carbohydrates,33.3,g
1455,Fiber,0.5,g
1455,Fat,39.3,g
1455,Cholesterol,96,mg
1455,Sodium,114,mg
1456,Energy,719,cal
1456,Protein,26.1,g
1456,Carbohydrates,33.3,g
1456,Fiber,0.5,g
1456,Fat,39.3,g
1456,Cholesterol,96,mg
1456,Sodium,114,mg
1457,Energy,719,cal
1457,Protein,26.1,g
1457,Carbohydrates,33.3,g
1457,Fiber,0.5,g
1457,Fat,39.3,g
1457,Cholesterol,96,mg
1457,Sodium,114,mg
1458,Energy,407,cal
1458,Protein,11.1,g
1458,Carbohydrates,40.3,g
1458,Fiber,0.5,g
1458,Fat,16.4,g
1458,Cholesterol,40,mg
1458,Sodium,48.2,mg
1459,Energy,265,cal
1459,Protein,5.6,g
1459,Carbohydrates,28.8,g
1459,Fiber,0.4,g
1459,Fat,14.1,g
1459,Cholesterol,0.3,mg
1459,Sodium,1.9,mg
1460,Energy,102,cal
1460,Protein,1.7,g
1460,Carbohydrates,25.1,g
1460,Fiber,0.3,g
1460,Fat,2.5,g
1460,Cholesterol,0,mg
1460,Vitamin A,11.3,mcg
1460,Vitamin B1,-0.7,mg
1460,Vitamin B2,-0.7,mg
1460,Vitamin B3,-0.6,mg
1460,Vitamin C,2.2,mg
1460,Folic Acid,4.3,mcg
1460,Calcium,66.3,mg
1460,Iron,0.3,mg
1460,Magnesium,0,mg
1460,Phosphorus,0,mg
1460,Sodium,2,mg
1460,Potassium,75.2,mg
1460,Zinc,0.1,mg
1461,Energy,58,cal
1461,Protein,0.7,g
1461,Carbohydrates,20.4,g
1461,Fiber,1,g
1461,Fat,0.3,g
1461,Cholesterol,0,mg
1461,Sodium,2.3,mg
1462,Energy,22,cal
1462,Protein,0.6,g
1462,Carbohydrates,1.9,g
1462,Fiber,1.1,g
1462,Fat,1.4,g
1462,Cholesterol,0,mg
1462,Sodium,8.5,mg
1463,Energy,172,cal
1463,Protein,2.4,g
1463,Carbohydrates,5.4,g
1463,Fiber,1.9,g
1463,Fat,11.2,g
1463,Cholesterol,0,mg
1463,Sodium,80.4,mg
1464,Energy,172,cal
1464,Protein,2.4,g
1464,Carbohydrates,5.4,g
1464,Fiber,1.9,g
1464,Fat,11.2,g
1464,Cholesterol,0,mg
1464,Sodium,80.4,mg
1465,Energy,172,cal
1465,Protein,2.4,g
1465,Carbohydrates,5.4,g
1465,Fiber,1.9,g
1465,Fat,11.2,g
1465,Cholesterol,0,mg
1465,Sodium,80.4,mg
1466,Energy,172,cal
1466,Protein,2.4,g
1466,Carbohydrates,5.4,g
1466,Fiber,1.9,g
1466,Fat,11.2,g
1466,Cholesterol,0,mg
1466,Sodium,80.4,mg
1467,Energy,205,cal
1467,Protein,9.1,g
1467,Carbohydrates,38.7,g
1467,Fiber,5.8,g
1467,Fat,2.1,g
1467,Cholesterol,0,mg
1467,Sodium,13.3,mg
1469,Energy,155,cal
1469,Protein,9.3,g
1469,Carbohydrates,22.8,g
1469,Fiber,3.1,g
1469,Fat,3,g
1469,Cholesterol,0,mg
1469,Sodium,10.8,mg
1473,Energy,70,cal
1473,Protein,4,g
1473,Carbohydrates,8.4,g
1473,Fiber,4.5,g
1473,Fat,2.3,g
1473,Cholesterol,0,mg
1473,Sodium,3,mg
1474,Energy,70,cal
1474,Protein,4,g
1474,Carbohydrates,8.4,g
1474,Fiber,4.5,g
1474,Fat,2.3,g
1474,Cholesterol,0,mg
1474,Sodium,3,mg
1475,Energy,176,cal
1475,Protein,7.6,g
1475,Carbohydrates,31,g
1475,Fiber,12.5,g
1475,Fat,2.3,g
1475,Cholesterol,0,mg
1475,Sodium,5829.6,mg
1476,Energy,176,cal
1476,Protein,7.6,g
1476,Carbohydrates,31,g
1476,Fiber,12.5,g
1476,Fat,2.3,g
1476,Cholesterol,0,mg
1476,Sodium,5829.6,mg
1477,Energy,176,cal
1477,Protein,7.6,g
1477,Carbohydrates,31,g
1477,Fiber,12.5,g
1477,Fat,2.3,g
1477,Cholesterol,0,mg
1477,Sodium,5829.6,mg
1479,Energy,102,cal
1479,Protein,3.1,g
1479,Carbohydrates,12.5,g
1479,Fiber,3.9,g
1479,Fat,4.4,g
1479,Cholesterol,0,mg
1479,Vitamin A,236.9,mcg
1479,Vitamin B1,0.1,mg
1479,Vitamin B2,0,mg
1479,Vitamin B3,0.7,mg
1479,Vitamin C,10.5,mg
1479,Folic Acid,28.5,mcg
1479,Calcium,40.1,mg
1479,Iron,1,mg
1479,Magnesium,0,mg
1479,Phosphorus,0,mg
1479,Sodium,5,mg
1479,Potassium,71.2,mg
1479,Zinc,0.5,mg
1480,Energy,102,cal
1480,Protein,3.1,g
1480,Carbohydrates,12.5,g
1480,Fiber,3.9,g
1480,Fat,4.4,g
1480,Cholesterol,0,mg
1480,Vitamin A,236.9,mcg
1480,Vitamin B1,0.1,mg
1480,Vitamin B2,0,mg
1480,Vitamin B3,0.7,mg
1480,Vitamin C,10.5,mg
1480,Folic Acid,28.5,mcg
1480,Calcium,40.1,mg
1480,Iron,1,mg
1480,Magnesium,0,mg
1480,Phosphorus,0,mg
1480,Sodium,5,mg
1480,Potassium,71.2,mg
1480,Zinc,0.5,mg
1481,Energy,102,cal
1481,Protein,3.1,g
1481,Carbohydrates,12.5,g
1481,Fiber,3.9,g
1481,Fat,4.4,g
1481,Cholesterol,0,mg
1481,Vitamin A,236.9,mcg
1481,Vitamin B1,0.1,mg
1481,Vitamin B2,0,mg
1481,Vitamin B3,0.7,mg
1481,Vitamin C,10.5,mg
1481,Folic Acid,28.5,mcg
1481,Calcium,40.1,mg
1481,Iron,1,mg
1481,Magnesium,0,mg
1481,Phosphorus,0,mg
1481,Sodium,5,mg
1481,Potassium,71.2,mg
1481,Zinc,0.5,mg
1482,Energy,187,cal
1482,Protein,6.8,g
1482,Carbohydrates,29.4,g
1482,Fiber,12.1,g
1482,Fat,4.8,g
1482,Cholesterol,0,mg
1482,Sodium,82.9,mg
1483,Energy,187,cal
1483,Protein,6.8,g
1483,Carbohydrates,29.4,g
1483,Fiber,12.1,g
1483,Fat,4.8,g
1483,Cholesterol,0,mg
1483,Sodium,82.9,mg
1484,Energy,177,cal
1484,Protein,6.1,g
1484,Carbohydrates,26.6,g
1484,Fiber,7.4,g
1484,Fat,5.2,g
1484,Cholesterol,0,mg
1484,Sodium,40.7,mg
1485,Energy,254,cal
1485,Protein,6.8,g
1485,Carbohydrates,25,g
1485,Fiber,5.8,g
1485,Fat,11.2,g
1485,Cholesterol,19.2,mg
1485,Sodium,26.6,mg
1486,Energy,213,cal
1486,Protein,5,g
1486,Carbohydrates,26,g
1486,Fiber,10.7,g
1486,Fat,7.6,g
1486,Cholesterol,16,mg
1486,Sodium,24.8,mg
1488,Energy,196,cal
1488,Protein,7.9,g
1488,Carbohydrates,18.4,g
1488,Fiber,6.7,g
1488,Fat,10.1,g
1488,Cholesterol,0,mg
1488,Vitamin A,451,mcg
1488,Vitamin B1,-0.2,mg
1488,Vitamin B2,-0.2,mg
1488,Vitamin B3,0.5,mg
1488,Vitamin C,15.4,mg
1488,Folic Acid,49.6,mcg
1488,Calcium,200.4,mg
1488,Iron,1.8,mg
1488,Magnesium,0,mg
1488,Phosphorus,0,mg
1488,Sodium,15.1,mg
1488,Potassium,77.7,mg
1488,Zinc,0.6,mg
1489,Energy,196,cal
1489,Protein,7.9,g
1489,Carbohydrates,18.4,g
1489,Fiber,6.7,g
1489,Fat,10.1,g
1489,Cholesterol,0,mg
1489,Vitamin A,451,mcg
1489,Vitamin B1,-0.2,mg
1489,Vitamin B2,-0.2,mg
1489,Vitamin B3,0.5,mg
1489,Vitamin C,15.4,mg
1489,Folic Acid,49.6,mcg
1489,Calcium,200.4,mg
1489,Iron,1.8,mg
1489,Magnesium,0,mg
1489,Phosphorus,0,mg
1489,Sodium,15.1,mg
1489,Potassium,77.7,mg
1489,Zinc,0.6,mg
1490,Energy,196,cal
1490,Protein,7.9,g
1490,Carbohydrates,18.4,g
1490,Fiber,6.7,g
1490,Fat,10.1,g
1490,Cholesterol,0,mg
1490,Vitamin A,451,mcg
1490,Vitamin B1,-0.2,mg
1490,Vitamin B2,-0.2,mg
1490,Vitamin B3,0.5,mg
1490,Vitamin C,15.4,mg
1490,Folic Acid,49.6,mcg
1490,Calcium,200.4,mg
1490,Iron,1.8,mg
1490,Magnesium,0,mg
1490,Phosphorus,0,mg
1490,Sodium,15.1,mg
1490,Potassium,77.7,mg
1490,Zinc,0.6,mg
1491,Energy,196,cal
1491,Protein,7.9,g
1491,Carbohydrates,18.4,g
1491,Fiber,6.7,g
1491,Fat,10.1,g
1491,Cholesterol,0,mg
1491,Vitamin A,451,mcg
1491,Vitamin B1,-0.2,mg
1491,Vitamin B2,-0.2,mg
1491,Vitamin B3,0.5,mg
1491,Vitamin C,15.4,mg
1491,Folic Acid,49.6,mcg
1491,Calcium,200.4,mg
1491,Iron,1.8,mg
1491,Magnesium,0,mg
1491,Phosphorus,0,mg
1491,Sodium,15.1,mg
1491,Potassium,77.7,mg
1491,Zinc,0.6,mg
1492,Energy,144,cal
1492,Protein,5.7,g
1492,Carbohydrates,26.4,g
1492,Fiber,4,g
1492,Fat,2.1,g
1492,Cholesterol,0,mg
1492,Sodium,8.7,mg
1493,Energy,142,cal
1493,Protein,5,g
1493,Carbohydrates,22.6,g
1493,Fiber,3.5,g
1493,Fat,3.9,g
1493,Cholesterol,0,mg
1493,Sodium,7.4,mg
1494,Energy,142,cal
1494,Protein,5,g
1494,Carbohydrates,22.6,g
1494,Fiber,3.5,g
1494,Fat,3.9,g
1494,Cholesterol,0,mg
1494,Sodium,7.4,mg
1497,Energy,37,cal
1497,Protein,1.3,g
1497,Carbohydrates,3.7,g
1497,Fiber,1.2,g
1497,Fat,2.1,g
1497,Cholesterol,3.3,mg
1497,Sodium,96.4,mg
1498,Energy,37,cal
1498,Protein,1.3,g
1498,Carbohydrates,3.7,g
1498,Fiber,1.2,g
1498,Fat,2.1,g
1498,Cholesterol,3.3,mg
1498,Sodium,96.4,mg
1499,Energy,37,cal
1499,Protein,1.3,g
1499,Carbohydrates,3.7,g
1499,Fiber,1.2,g
1499,Fat,2.1,g
1499,Cholesterol,3.3,mg
1499,Sodium,96.4,mg
1500,Energy,37,cal
1500,Protein,1.3,g
1500,Carbohydrates,3.7,g
1500,Fiber,1.2,g
1500,Fat,2.1,g
1500,Cholesterol,3.3,mg
1500,Sodium,96.4,mg
1501,Energy,93,cal
1501,Protein,3.7,g
1501,Carbohydrates,12.2,g
1501,Fiber,0.1,g
1501,Fat,3.2,g
1501,Cholesterol,0,mg
1501,Vitamin A,66.3,mcg
1501,Vitamin B1,0,mg
1501,Vitamin B2,0,mg
1501,Vitamin B3,0.4,mg
1501,Vitamin C,0,mg
1501,Folic Acid,0.2,mcg
1501,Calcium,70.7,mg
1501,Iron,0.6,mg
1501,Magnesium,0,mg
1501,Phosphorus,0,mg
1501,Sodium,11.4,mg
1501,Potassium,23.8,mg
1501,Zinc,0.1,mg
1502,Energy,287,cal
1502,Protein,3.5,g
1502,Carbohydrates,39.4,g
1502,Fiber,2.2,g
1502,Fat,12.8,g
1502,Cholesterol,0,mg
1502,Vitamin A,320,mcg
1502,Vitamin B1,0,mg
1502,Vitamin B2,0,mg
1502,Vitamin B3,1,mg
1502,Vitamin C,4,mg
1502,Folic Acid,4,mcg
1502,Calcium,10.5,mg
1502,Iron,0.4,mg
1502,Magnesium,0,mg
1502,Phosphorus,0,mg
1502,Sodium,1.7,mg
1502,Potassium,7.7,mg
1502,Zinc,0.7,mg
1503,Energy,17,cal
1503,Protein,0.2,g
1503,Carbohydrates,1.1,g
1503,Fiber,0,g
1503,Fat,1.4,g
1503,Cholesterol,0,mg
1503,Sodium,26.7,mg
1504,Energy,4,cal
1504,Protein,0.2,g
1504,Carbohydrates,0.6,g
1504,Fiber,0.1,g
1504,Fat,0,g
1504,Cholesterol,0,mg
1504,Sodium,0.3,mg
1505,Energy,2,cal
1505,Protein,0.1,g
1505,Carbohydrates,0.4,g
1505,Fiber,0.1,g
1505,Fat,0,g
1505,Cholesterol,0,mg
1505,Sodium,0.1,mg
1506,Energy,9,cal
1506,Protein,0.5,g
1506,Carbohydrates,1.7,g
1506,Fiber,0.4,g
1506,Fat,0,g
1506,Cholesterol,0,mg
1506,Sodium,0.7,mg
1507,Energy,300,cal
1507,Protein,0.9,g
1507,Carbohydrates,12.4,g
1507,Fiber,0.9,g
1507,Fat,27.5,g
1507,Cholesterol,0,mg
1507,Vitamin A,334.2,mcg
1507,Vitamin B1,0.1,mg
1507,Vitamin B2,0,mg
1507,Vitamin B3,0.7,mg
1507,Vitamin C,9.4,mg
1507,Folic Acid,9.4,mcg
1507,Calcium,5.5,mg
1507,Iron,0.3,mg
1507,Magnesium,0,mg
1507,Phosphorus,0,mg
1507,Sodium,30.8,mg
1507,Potassium,136.6,mg
1507,Zinc,0.3,mg
1508,Energy,182,cal
1508,Protein,2.8,g
1508,Carbohydrates,9.9,g
1508,Fiber,1.2,g
1508,Fat,15.4,g
1508,Cholesterol,0,mg
1508,Sodium,82.6,mg
1509,Energy,29,cal
1509,Protein,0,g
1509,Carbohydrates,0.1,g
1509,Fiber,0,g
1509,Fat,3.2,g
1509,Cholesterol,0,mg
1509,Vitamin A,31.9,mcg
1509,Vitamin B1,0,mg
1509,Vitamin B2,0,mg
1509,Vitamin B3,0,mg
1509,Vitamin C,0.5,mg
1509,Folic Acid,0.2,mcg
1509,Calcium,0.7,mg
1509,Iron,0,mg
1509,Magnesium,0,mg
1509,Phosphorus,0,mg
1509,Sodium,0,mg
1509,Potassium,2.9,mg
1509,Zinc,0,mg
1510,Energy,29,cal
1510,Protein,0,g
1510,Carbohydrates,0.1,g
1510,Fiber,0,g
1510,Fat,3.2,g
1510,Cholesterol,0,mg
1510,Vitamin A,31.9,mcg
1510,Vitamin B1,0,mg
1510,Vitamin B2,0,mg
1510,Vitamin B3,0,mg
1510,Vitamin C,0.5,mg
1510,Folic Acid,0.2,mcg
1510,Calcium,0.7,mg
1510,Iron,0,mg
1510,Magnesium,0,mg
1510,Phosphorus,0,mg
1510,Sodium,0,mg
1510,Potassium,2.9,mg
1510,Zinc,0,mg
1511,Energy,33,cal
1511,Protein,0,g
1511,Carbohydrates,1.6,g
1511,Fiber,0,g
1511,Fat,3,g
1511,Cholesterol,0,mg
1511,Sodium,0,mg
1512,Energy,129,cal
1512,Protein,0,g
1512,Carbohydrates,0,g
1512,Fiber,0,g
1512,Fat,14.3,g
1512,Cholesterol,0,mg
1512,Sodium,0,mg
1513,Energy,129,cal
1513,Protein,0,g
1513,Carbohydrates,0,g
1513,Fiber,0,g
1513,Fat,14.3,g
1513,Cholesterol,0,mg
1513,Sodium,0,mg
1514,Energy,191,cal
1514,Protein,6.7,g
1514,Carbohydrates,15.2,g
1514,Fiber,1.6,g
1514,Fat,12.2,g
1514,Cholesterol,0,mg
1514,Sodium,140.9,mg
1515,Energy,191,cal
1515,Protein,6.7,g
1515,Carbohydrates,15.2,g
1515,Fiber,1.6,g
1515,Fat,12.2,g
1515,Cholesterol,0,mg
1515,Sodium,140.9,mg
1518,Energy,8,cal
1518,Protein,0.2,g
1518,Carbohydrates,1.9,g
1518,Fiber,0,g
1518,Fat,0,g
1518,Cholesterol,0,mg
1518,Vitamin A,0,mcg
1518,Vitamin B1,0,mg
1518,Vitamin B2,0,mg
1518,Vitamin B3,0.1,mg
1518,Vitamin C,0.8,mg
1518,Folic Acid,3.8,mcg
1518,Calcium,5.9,mg
1518,Iron,0.4,mg
1518,Magnesium,0,mg
1518,Phosphorus,0,mg
1518,Sodium,0.5,mg
1518,Potassium,41,mg
1518,Zinc,0.1,mg
1520,Energy,272,cal
1520,Protein,4.4,g
1520,Carbohydrates,47.3,g
1520,Fiber,3.5,g
1520,Fat,7.9,g
1520,Cholesterol,0,mg
1520,Sodium,416.2,mg
1521,Energy,239,cal
1521,Protein,2,g
1521,Carbohydrates,24,g
1521,Fiber,1.9,g
1521,Fat,15.2,g
1521,Cholesterol,0,mg
1521,Sodium,160.6,mg
1523,Energy,0,cal
1523,Protein,0,g
1523,Carbohydrates,0,g
1523,Fiber,0,g
1523,Fat,0,g
1523,Cholesterol,0,mg
1523,Vitamin A,0,mcg
1523,Vitamin B1,0,mg
1523,Vitamin B2,0,mg
1523,Vitamin B3,0,mg
1523,Vitamin C,0,mg
1523,Folic Acid,0,mcg
1523,Calcium,0,mg
1523,Iron,0,mg
1523,Magnesium,0,mg
1523,Phosphorus,0,mg
1523,Sodium,0,mg
1523,Potassium,0,mg
1523,Zinc,0,mg
1524,Energy,54,cal
1524,Protein,1.4,g
1524,Carbohydrates,3.2,g
1524,Fiber,0,g
1524,Fat,4,g
1524,Cholesterol,1.3,mg
1524,Sodium,16.9,mg
1525,Energy,54,cal
1525,Protein,1.4,g
1525,Carbohydrates,3.2,g
1525,Fiber,0,g
1525,Fat,4,g
1525,Cholesterol,1.3,mg
1525,Sodium,16.9,mg
1526,Energy,0,cal
1526,Protein,0,g
1526,Carbohydrates,0,g
1526,Fiber,0,g
1526,Fat,0,g
1526,Cholesterol,0,mg
1526,Sodium,0,mg
1528,Energy,1049,cal
1528,Protein,19,g
1528,Carbohydrates,103.2,g
1528,Fiber,1.9,g
1528,Fat,63.7,g
1528,Cholesterol,0,mg
1528,Vitamin A,1056.2,mcg
1528,Vitamin B1,0.1,mg
1528,Vitamin B2,0,mg
1528,Vitamin B3,0.2,mg
1528,Vitamin C,45.6,mg
1528,Folic Acid,8.8,mcg
1528,Calcium,30.2,mg
1528,Iron,0.6,mg
1528,Magnesium,0,mg
1528,Phosphorus,0,mg
1528,Sodium,888.6,mg
1528,Potassium,46.5,mg
1528,Zinc,0.2,mg
1532,Energy,62,cal
1532,Protein,0.7,g
1532,Carbohydrates,3.3,g
1532,Fiber,1.5,g
1532,Fat,5.1,g
1532,Cholesterol,0,mg
1532,Sodium,131.1,mg
1533,Energy,62,cal
1533,Protein,0.7,g
1533,Carbohydrates,3.3,g
1533,Fiber,1.5,g
1533,Fat,5.1,g
1533,Cholesterol,0,mg
1533,Sodium,131.1,mg
1534,Energy,62,cal
1534,Protein,0.7,g
1534,Carbohydrates,3.3,g
1534,Fiber,1.5,g
1534,Fat,5.1,g
1534,Cholesterol,0,mg
1534,Sodium,131.1,mg
1535,Energy,361,cal
1535,Protein,10.2,g
1535,Carbohydrates,14.2,g
1535,Fiber,0.9,g
1535,Fat,29.8,g
1535,Cholesterol,0,mg
1535,Sodium,188.2,mg
1536,Energy,361,cal
1536,Protein,10.2,g
1536,Carbohydrates,14.2,g
1536,Fiber,0.9,g
1536,Fat,29.8,g
1536,Cholesterol,0,mg
1536,Sodium,188.2,mg
1537,Energy,361,cal
1537,Protein,10.2,g
1537,Carbohydrates,14.2,g
1537,Fiber,0.9,g
1537,Fat,29.8,g
1537,Cholesterol,0,mg
1537,Sodium,188.2,mg
1540,Energy,131,cal
1540,Protein,3,g
1540,Carbohydrates,14.5,g
1540,Fiber,1.9,g
1540,Fat,6.9,g
1540,Cholesterol,0,mg
1540,Vitamin A,469,mcg
1540,Vitamin B1,0.1,mg
1540,Vitamin B2,0,mg
1540,Vitamin B3,0.2,mg
1540,Vitamin C,36.2,mg
1540,Folic Acid,11.7,mcg
1540,Calcium,29.4,mg
1540,Iron,0.6,mg
1540,Magnesium,0,mg
1540,Phosphorus,0,mg
1540,Sodium,205.4,mg
1540,Potassium,77.7,mg
1540,Zinc,0.1,mg
1541,Energy,131,cal
1541,Protein,3,g
1541,Carbohydrates,14.5,g
1541,Fiber,1.9,g
1541,Fat,6.9,g
1541,Cholesterol,0,mg
1541,Vitamin A,469,mcg
1541,Vitamin B1,0.1,mg
1541,Vitamin B2,0,mg
1541,Vitamin B3,0.2,mg
1541,Vitamin C,36.2,mg
1541,Folic Acid,11.7,mcg
1541,Calcium,29.4,mg
1541,Iron,0.6,mg
1541,Magnesium,0,mg
1541,Phosphorus,0,mg
1541,Sodium,205.4,mg
1541,Potassium,77.7,mg
1541,Zinc,0.1,mg
1542,Energy,131,cal
1542,Protein,3,g
1542,Carbohydrates,14.5,g
1542,Fiber,1.9,g
1542,Fat,6.9,g
1542,Cholesterol,0,mg
1542,Vitamin A,469,mcg
1542,Vitamin B1,0.1,mg
1542,Vitamin B2,0,mg
1542,Vitamin B3,0.2,mg
1542,Vitamin C,36.2,mg
1542,Folic Acid,11.7,mcg
1542,Calcium,29.4,mg
1542,Iron,0.6,mg
1542,Magnesium,0,mg
1542,Phosphorus,0,mg
1542,Sodium,205.4,mg
1542,Potassium,77.7,mg
1542,Zinc,0.1,mg
1543,Energy,131,cal
1543,Protein,3,g
1543,Carbohydrates,14.5,g
1543,Fiber,1.9,g
1543,Fat,6.9,g
1543,Cholesterol,0,mg
1543,Vitamin A,469,mcg
1543,Vitamin B1,0.1,mg
1543,Vitamin B2,0,mg
1543,Vitamin B3,0.2,mg
1543,Vitamin C,36.2,mg
1543,Folic Acid,11.7,mcg
1543,Calcium,29.4,mg
1543,Iron,0.6,mg
1543,Magnesium,0,mg
1543,Phosphorus,0,mg
1543,Sodium,205.4,mg
1543,Potassium,77.7,mg
1543,Zinc,0.1,mg
1544,Energy,87,cal
1544,Protein,2.3,g
1544,Carbohydrates,8.2,g
1544,Fiber,3.4,g
1544,Fat,5.3,g
1544,Cholesterol,0,mg
1544,Sodium,86.5,mg
1545,Energy,87,cal
1545,Protein,2.3,g
1545,Carbohydrates,8.2,g
1545,Fiber,3.4,g
1545,Fat,5.3,g
1545,Cholesterol,0,mg
1545,Sodium,86.5,mg
1546,Energy,87,cal
1546,Protein,2.3,g
1546,Carbohydrates,8.2,g
1546,Fiber,3.4,g
1546,Fat,5.3,g
1546,Cholesterol,0,mg
1546,Sodium,86.5,mg
1547,Energy,87,cal
1547,Protein,2.3,g
1547,Carbohydrates,8.2,g
1547,Fiber,3.4,g
1547,Fat,5.3,g
1547,Cholesterol,0,mg
1547,Sodium,86.5,mg
1548,Energy,218,cal
1548,Protein,1.9,g
1548,Carbohydrates,18.9,g
1548,Fiber,1.6,g
1548,Fat,15.2,g
1548,Cholesterol,0,mg
1548,Vitamin A,178.5,mcg
1548,Vitamin B1,0.1,mg
1548,Vitamin B2,0,mg
1548,Vitamin B3,1.1,mg
1548,Vitamin C,15.4,mg
1548,Folic Acid,20.4,mcg
1548,Calcium,17.1,mg
1548,Iron,0.8,mg
1548,Magnesium,0,mg
1548,Phosphorus,0,mg
1548,Sodium,532.6,mg
1548,Potassium,215.1,mg
1548,Zinc,0.5,mg
1550,Energy,5,cal
1550,Protein,0,g
1550,Carbohydrates,1.1,g
1550,Fiber,0,g
1550,Fat,0,g
1550,Cholesterol,0,mg
1550,Sodium,0,mg
1551,Energy,5,cal
1551,Protein,0,g
1551,Carbohydrates,1.1,g
1551,Fiber,0,g
1551,Fat,0,g
1551,Cholesterol,0,mg
1551,Sodium,0,mg
1552,Energy,91,cal
1552,Protein,1.5,g
1552,Carbohydrates,7.2,g
1552,Fiber,2.1,g
1552,Fat,6.3,g
1552,Cholesterol,0,mg
1552,Vitamin A,231,mcg
1552,Vitamin B1,0.1,mg
1552,Vitamin B2,0.1,mg
1552,Vitamin B3,0.9,mg
1552,Vitamin C,33.2,mg
1552,Folic Acid,19.8,mcg
1552,Calcium,41.1,mg
1552,Iron,1.2,mg
1552,Magnesium,0,mg
1552,Phosphorus,0,mg
1552,Sodium,79.1,mg
1552,Potassium,60.6,mg
1552,Zinc,0.3,mg
1553,Energy,134,cal
1553,Protein,2,g
1553,Carbohydrates,14.2,g
1553,Fiber,2.9,g
1553,Fat,7.8,g
1553,Cholesterol,0,mg
1553,Sodium,23.5,mg
1556,Energy,107,cal
1556,Protein,1.7,g
1556,Carbohydrates,8.5,g
1556,Fiber,1.9,g
1556,Fat,7.7,g
1556,Cholesterol,0,mg
1556,Vitamin A,169.9,mcg
1556,Vitamin B1,0.1,mg
1556,Vitamin B2,0.1,mg
1556,Vitamin B3,0.5,mg
1556,Vitamin C,25.4,mg
1556,Folic Acid,18.8,mcg
1556,Calcium,22.4,mg
1556,Iron,0.7,mg
1556,Magnesium,0,mg
1556,Phosphorus,0,mg
1556,Sodium,13.5,mg
1556,Potassium,97.3,mg
1556,Zinc,0.2,mg
1557,Energy,107,cal
1557,Protein,1.7,g
1557,Carbohydrates,8.5,g
1557,Fiber,1.9,g
1557,Fat,7.7,g
1557,Cholesterol,0,mg
1557,Vitamin A,169.9,mcg
1557,Vitamin B1,0.1,mg
1557,Vitamin B2,0.1,mg
1557,Vitamin B3,0.5,mg
1557,Vitamin C,25.4,mg
1557,Folic Acid,18.8,mcg
1557,Calcium,22.4,mg
1557,Iron,0.7,mg
1557,Magnesium,0,mg
1557,Phosphorus,0,mg
1557,Sodium,13.5,mg
1557,Potassium,97.3,mg
1557,Zinc,0.2,mg
1558,Energy,119,cal
1558,Protein,2,g
1558,Carbohydrates,15.4,g
1558,Fiber,2.3,g
1558,Fat,5.6,g
1558,Cholesterol,0,mg
1558,Vitamin A,214.3,mcg
1558,Vitamin B1,0.2,mg
1558,Vitamin B2,0.1,mg
1558,Vitamin B3,1.7,mg
1558,Vitamin C,17.1,mg
1558,Folic Acid,39.8,mcg
1558,Calcium,56.5,mg
1558,Iron,1.7,mg
1558,Magnesium,0,mg
1558,Phosphorus,0,mg
1558,Sodium,4.9,mg
1558,Potassium,87.5,mg
1558,Zinc,0.4,mg
1559,Energy,48,cal
1559,Protein,0.3,g
1559,Carbohydrates,3.9,g
1559,Fiber,0,g
1559,Fat,4,g
1559,Cholesterol,0.6,mg
1559,Sodium,80,mg
1560,Energy,48,cal
1560,Protein,0.3,g
1560,Carbohydrates,3.9,g
1560,Fiber,0,g
1560,Fat,4,g
1560,Cholesterol,0.6,mg
1560,Sodium,80,mg
1561,Energy,48,cal
1561,Protein,0.3,g
1561,Carbohydrates,3.9,g
1561,Fiber,0,g
1561,Fat,4,g
1561,Cholesterol,0.6,mg
1561,Sodium,80,mg
1562,Energy,48,cal
1562,Protein,0.3,g
1562,Carbohydrates,3.9,g
1562,Fiber,0,g
1562,Fat,4,g
1562,Cholesterol,0.6,mg
1562,Sodium,80,mg
1563,Energy,311,cal
1563,Protein,7.1,g
1563,Carbohydrates,34.6,g
1563,Fiber,5,g
1563,Fat,16,g
1563,Cholesterol,0,mg
1563,Vitamin A,71.2,mcg
1563,Vitamin B1,0.2,mg
1563,Vitamin B2,0.1,mg
1563,Vitamin B3,2.9,mg
1563,Vitamin C,0.1,mg
1563,Folic Acid,10.8,mcg
1563,Calcium,123,mg
1563,Iron,1.5,mg
1563,Magnesium,0,mg
1563,Phosphorus,0,mg
1563,Sodium,2.7,mg
1563,Potassium,27,mg
1563,Zinc,1.8,mg
1564,Energy,311,cal
1564,Protein,7.1,g
1564,Carbohydrates,34.6,g
1564,Fiber,5,g
1564,Fat,16,g
1564,Cholesterol,0,mg
1564,Vitamin A,71.2,mcg
1564,Vitamin B1,0.2,mg
1564,Vitamin B2,0.1,mg
1564,Vitamin B3,2.9,mg
1564,Vitamin C,0.1,mg
1564,Folic Acid,10.8,mcg
1564,Calcium,123,mg
1564,Iron,1.5,mg
1564,Magnesium,0,mg
1564,Phosphorus,0,mg
1564,Sodium,2.7,mg
1564,Potassium,27,mg
1564,Zinc,1.8,mg
1565,Energy,343,cal
1565,Protein,3.3,g
1565,Carbohydrates,65.4,g
1565,Fiber,10.7,g
1565,Fat,6.8,g
1565,Cholesterol,0,mg
1565,Sodium,5.8,mg
1566,Energy,138,cal
1566,Protein,2.5,g
1566,Carbohydrates,11.8,g
1566,Fiber,0,g
1566,Fat,10.2,g
1566,Cholesterol,16,mg
1566,Sodium,58.8,mg
1567,Energy,138,cal
1567,Protein,2.5,g
1567,Carbohydrates,11.8,g
1567,Fiber,0,g
1567,Fat,10.2,g
1567,Cholesterol,16,mg
1567,Sodium,58.8,mg
1568,Energy,350,cal
1568,Protein,10.1,g
1568,Carbohydrates,21.2,g
1568,Fiber,0,g
1568,Fat,25.6,g
1568,Cholesterol,26.7,mg
1568,Sodium,32.7,mg
1569,Energy,91,cal
1569,Protein,3.2,g
1569,Carbohydrates,12.4,g
1569,Fiber,0.6,g
1569,Fat,3.6,g
1569,Cholesterol,0,mg
1569,Sodium,1,mg
1570,Energy,152,cal
1570,Protein,4.9,g
1570,Carbohydrates,7.2,g
1570,Fiber,2.1,g
1570,Fat,12.2,g
1570,Cholesterol,0,mg
1570,Sodium,0.6,mg
1571,Energy,148,cal
1571,Protein,2.8,g
1571,Carbohydrates,16.3,g
1571,Fiber,0.2,g
1571,Fat,8.3,g
1571,Cholesterol,0,mg
1571,Vitamin A,73.7,mcg
1571,Vitamin B1,0,mg
1571,Vitamin B2,0,mg
1571,Vitamin B3,0.4,mg
1571,Vitamin C,0.2,mg
1571,Folic Acid,1.5,mcg
1571,Calcium,46.9,mg
1571,Iron,0.8,mg
1571,Magnesium,0,mg
1571,Phosphorus,0,mg
1571,Sodium,6.5,mg
1571,Potassium,79.9,mg
1571,Zinc,0.1,mg
1572,Energy,134,cal
1572,Protein,1.6,g
1572,Carbohydrates,14.5,g
1572,Fiber,0.2,g
1572,Fat,7.9,g
1572,Cholesterol,23.6,mg
1572,Sodium,79.4,mg
1573,Energy,139,cal
1573,Protein,1.7,g
1573,Carbohydrates,13.6,g
1573,Fiber,0.7,g
1573,Fat,9,g
1573,Cholesterol,21,mg
1573,Sodium,72.9,mg
1574,Energy,910,cal
1574,Protein,19.5,g
1574,Carbohydrates,131.3,g
1574,Fiber,1.3,g
1574,Fat,36.1,g
1574,Cholesterol,62.8,mg
1574,Sodium,367.5,mg
1575,Energy,910,cal
1575,Protein,19.5,g
1575,Carbohydrates,131.3,g
1575,Fiber,1.3,g
1575,Fat,36.1,g
1575,Cholesterol,62.8,mg
1575,Sodium,367.5,mg
1576,Energy,910,cal
1576,Protein,19.5,g
1576,Carbohydrates,131.3,g
1576,Fiber,1.3,g
1576,Fat,36.1,g
1576,Cholesterol,62.8,mg
1576,Sodium,367.5,mg
1577,Energy,2364,cal
1577,Protein,48.7,g
1577,Carbohydrates,397.8,g
1577,Fiber,22,g
1577,Fat,72.1,g
1577,Cholesterol,90,mg
1577,Sodium,2519.2,mg
1578,Energy,2756,cal
1578,Protein,39.4,g
1578,Carbohydrates,360.9,g
1578,Fiber,8.7,g
1578,Fat,132.3,g
1578,Cholesterol,210,mg
1578,Sodium,1065.3,mg
1579,Energy,292,cal
1579,Protein,4.9,g
1579,Carbohydrates,44.8,g
1579,Fiber,0.8,g
1579,Fat,10.4,g
1579,Cholesterol,11.2,mg
1579,Sodium,54,mg
1580,Energy,292,cal
1580,Protein,4.9,g
1580,Carbohydrates,44.8,g
1580,Fiber,0.8,g
1580,Fat,10.4,g
1580,Cholesterol,11.2,mg
1580,Sodium,54,mg
1581,Energy,153,cal
1581,Protein,2.7,g
1581,Carbohydrates,13.2,g
1581,Fiber,0,g
1581,Fat,11.9,g
1581,Cholesterol,14.2,mg
1581,Sodium,56.5,mg
1582,Energy,1024,cal
1582,Protein,22,g
1582,Carbohydrates,136.2,g
1582,Fiber,1.2,g
1582,Fat,47.5,g
1582,Cholesterol,66.2,mg
1582,Sodium,375.3,mg
1583,Energy,356,cal
1583,Protein,7.5,g
1583,Carbohydrates,30,g
1583,Fiber,0.2,g
1583,Fat,28.5,g
1583,Cholesterol,11.3,mg
1583,Sodium,64.7,mg
1584,Energy,356,cal
1584,Protein,7.5,g
1584,Carbohydrates,30,g
1584,Fiber,0.2,g
1584,Fat,28.5,g
1584,Cholesterol,11.3,mg
1584,Sodium,64.7,mg
1585,Energy,295,cal
1585,Protein,4.7,g
1585,Carbohydrates,28.5,g
1585,Fiber,0.1,g
1585,Fat,20.2,g
1585,Cholesterol,26.6,mg
1585,Sodium,89.2,mg
1586,Energy,48,cal
1586,Protein,0.4,g
1586,Carbohydrates,11.9,g
1586,Fiber,0.7,g
1586,Fat,0.3,g
1586,Cholesterol,0,mg
1586,Sodium,0.5,mg
1587,Energy,830,cal
1587,Protein,1.3,g
1587,Carbohydrates,122.9,g
1587,Fiber,0.7,g
1587,Fat,38.5,g
1587,Cholesterol,105,mg
1587,Sodium,347.6,mg
1588,Energy,283,cal
1588,Protein,5.4,g
1588,Carbohydrates,32.2,g
1588,Fiber,0.6,g
1588,Fat,15,g
1588,Cholesterol,37.4,mg
1588,Sodium,282.2,mg
1589,Energy,283,cal
1589,Protein,5.4,g
1589,Carbohydrates,32.2,g
1589,Fiber,0.6,g
1589,Fat,15,g
1589,Cholesterol,37.4,mg
1589,Sodium,282.2,mg
1590,Energy,283,cal
1590,Protein,5.4,g
1590,Carbohydrates,32.2,g
1590,Fiber,0.6,g
1590,Fat,15,g
1590,Cholesterol,37.4,mg
1590,Sodium,282.2,mg
1591,Energy,283,cal
1591,Protein,5.4,g
1591,Carbohydrates,32.2,g
1591,Fiber,0.6,g
1591,Fat,15,g
1591,Cholesterol,37.4,mg
1591,Sodium,282.2,mg
1592,Energy,283,cal
1592,Protein,5.4,g
1592,Carbohydrates,32.2,g
1592,Fiber,0.6,g
1592,Fat,15,g
1592,Cholesterol,37.4,mg
1592,Sodium,282.2,mg
1593,Energy,283,cal
1593,Protein,5.4,g
1593,Carbohydrates,32.2,g
1593,Fiber,0.6,g
1593,Fat,15,g
1593,Cholesterol,37.4,mg
1593,Sodium,282.2,mg
1594,Energy,283,cal
1594,Protein,5.4,g
1594,Carbohydrates,32.2,g
1594,Fiber,0.6,g
1594,Fat,15,g
1594,Cholesterol,37.4,mg
1594,Sodium,282.2,mg
1595,Energy,283,cal
1595,Protein,5.4,g
1595,Carbohydrates,32.2,g
1595,Fiber,0.6,g
1595,Fat,15,g
1595,Cholesterol,37.4,mg
1595,Sodium,282.2,mg
1596,Energy,250,cal
1596,Protein,1.9,g
1596,Carbohydrates,32.7,g
1596,Fiber,0.7,g
1596,Fat,12.9,g
1596,Cholesterol,0,mg
1596,Sodium,19.5,mg
1597,Energy,250,cal
1597,Protein,1.9,g
1597,Carbohydrates,32.7,g
1597,Fiber,0.7,g
1597,Fat,12.9,g
1597,Cholesterol,0,mg
1597,Sodium,19.5,mg
1598,Energy,137,cal
1598,Protein,2,g
1598,Carbohydrates,13.1,g
1598,Fiber,1.4,g
1598,Fat,9.2,g
1598,Cholesterol,21.3,mg
1598,Sodium,72.7,mg
1599,Energy,183,cal
1599,Protein,2.9,g
1599,Carbohydrates,27.3,g
1599,Fiber,0.9,g
1599,Fat,7.5,g
1599,Cholesterol,13.9,mg
1599,Sodium,48.9,mg
1600,Energy,382,cal
1600,Protein,6.6,g
1600,Carbohydrates,40.1,g
1600,Fiber,0.2,g
1600,Fat,21.7,g
1600,Cholesterol,13.3,mg
1600,Sodium,69.7,mg
1601,Energy,153,cal
1601,Protein,2.7,g
1601,Carbohydrates,12.7,g
1601,Fiber,0,g
1601,Fat,12,g
1601,Cholesterol,16,mg
1601,Sodium,59,mg
1604,Energy,209,cal
1604,Protein,3.5,g
1604,Carbohydrates,21.6,g
1604,Fiber,0.1,g
1604,Fat,14,g
1604,Cholesterol,13.3,mg
1604,Sodium,113.7,mg
1605,Energy,209,cal
1605,Protein,3.5,g
1605,Carbohydrates,21.6,g
1605,Fiber,0.1,g
1605,Fat,14,g
1605,Cholesterol,13.3,mg
1605,Sodium,113.7,mg
1606,Energy,290,cal
1606,Protein,7.2,g
1606,Carbohydrates,29.9,g
1606,Fiber,0,g
1606,Fat,15.4,g
1606,Cholesterol,18.4,mg
1606,Sodium,22.4,mg
1607,Energy,20,cal
1607,Protein,0.5,g
1607,Carbohydrates,1.5,g
1607,Fiber,0.2,g
1607,Fat,1.4,g
1607,Cholesterol,0,mg
1607,Sodium,2.1,mg
1609,Energy,24,cal
1609,Protein,0.5,g
1609,Carbohydrates,1.7,g
1609,Fiber,0,g
1609,Fat,2.5,g
1609,Cholesterol,0,mg
1609,Sodium,0.2,mg
1610,Energy,68,cal
1610,Protein,2.7,g
1610,Carbohydrates,6.8,g
1610,Fiber,0.2,g
1610,Fat,3.5,g
1610,Cholesterol,0,mg
1610,Sodium,0.1,mg
1611,Energy,2482,cal
1611,Protein,37.4,g
1611,Carbohydrates,227,g
1611,Fiber,5.4,g
1611,Fat,163.3,g
1611,Cholesterol,344,mg
1611,Sodium,1215.3,mg
1612,Energy,57,cal
1612,Protein,0.2,g
1612,Carbohydrates,1.1,g
1612,Fiber,0.5,g
1612,Fat,5.9,g
1612,Cholesterol,0,mg
1612,Sodium,1.3,mg
1613,Energy,57,cal
1613,Protein,0.2,g
1613,Carbohydrates,1.1,g
1613,Fiber,0.5,g
1613,Fat,5.9,g
1613,Cholesterol,0,mg
1613,Sodium,1.3,mg
1614,Energy,57,cal
1614,Protein,0.2,g
1614,Carbohydrates,1.1,g
1614,Fiber,0.5,g
1614,Fat,5.9,g
1614,Cholesterol,0,mg
1614,Sodium,1.3,mg
1615,Energy,57,cal
1615,Protein,0.2,g
1615,Carbohydrates,1.1,g
1615,Fiber,0.5,g
1615,Fat,5.9,g
1615,Cholesterol,0,mg
1615,Sodium,1.3,mg
1616,Energy,57,cal
1616,Protein,0.2,g
1616,Carbohydrates,1.1,g
1616,Fiber,0.5,g
1616,Fat,5.9,g
1616,Cholesterol,0,mg
1616,Sodium,1.3,mg
1617,Energy,248,cal
1617,Protein,5.2,g
1617,Carbohydrates,15.8,g
1617,Fiber,0,g
1617,Fat,26.4,g
1617,Cholesterol,0,mg
1617,Sodium,1.8,mg
1618,Energy,82,cal
1618,Protein,1.4,g
1618,Carbohydrates,11.2,g
1618,Fiber,0,g
1618,Fat,3.1,g
1618,Cholesterol,0,mg
1618,Sodium,0,mg
1619,Energy,82,cal
1619,Protein,1.4,g
1619,Carbohydrates,11.2,g
1619,Fiber,0,g
1619,Fat,3.1,g
1619,Cholesterol,0,mg
1619,Sodium,0,mg
1620,Energy,223,cal
1620,Protein,16.3,g
1620,Carbohydrates,18.7,g
1620,Fiber,0.6,g
1620,Fat,13.6,g
1620,Cholesterol,0,mg
1620,Vitamin A,167.5,mcg
1620,Vitamin B1,0,mg
1620,Vitamin B2,0,mg
1620,Vitamin B3,0.2,mg
1620,Vitamin C,0,mg
1620,Folic Acid,4,mcg
1620,Calcium,147,mg
1620,Iron,0.6,mg
1620,Magnesium,0,mg
1620,Phosphorus,0,mg
1620,Sodium,31.4,mg
1620,Potassium,22.7,mg
1620,Zinc,0.2,mg
1621,Energy,223,cal
1621,Protein,16.3,g
1621,Carbohydrates,18.7,g
1621,Fiber,0.6,g
1621,Fat,13.6,g
1621,Cholesterol,0,mg
1621,Vitamin A,167.5,mcg
1621,Vitamin B1,0,mg
1621,Vitamin B2,0,mg
1621,Vitamin B3,0.2,mg
1621,Vitamin C,0,mg
1621,Folic Acid,4,mcg
1621,Calcium,147,mg
1621,Iron,0.6,mg
1621,Magnesium,0,mg
1621,Phosphorus,0,mg
1621,Sodium,31.4,mg
1621,Potassium,22.7,mg
1621,Zinc,0.2,mg
1622,Energy,172,cal
1622,Protein,2.4,g
1622,Carbohydrates,13.6,g
1622,Fiber,0,g
1622,Fat,15.1,g
1622,Cholesterol,0.9,mg
1622,Sodium,16.8,mg
1623,Energy,82,cal
1623,Protein,1.7,g
1623,Carbohydrates,14.9,g
1623,Fiber,0.7,g
1623,Fat,1.8,g
1623,Cholesterol,2.6,mg
1623,Sodium,6.6,mg
1624,Energy,82,cal
1624,Protein,1.7,g
1624,Carbohydrates,14.9,g
1624,Fiber,0.7,g
1624,Fat,1.8,g
1624,Cholesterol,2.6,mg
1624,Sodium,6.6,mg
1627,Energy,2184,cal
1627,Protein,36.6,g
1627,Carbohydrates,285.6,g
1627,Fiber,13.6,g
1627,Fat,103,g
1627,Cholesterol,164,mg
1627,Sodium,503.2,mg
1628,Energy,75,cal
1628,Protein,0.2,g
1628,Carbohydrates,16.8,g
1628,Fiber,0.2,g
1628,Fat,1,g
1628,Cholesterol,1.4,mg
1628,Sodium,4.6,mg
1629,Energy,75,cal
1629,Protein,0.2,g
1629,Carbohydrates,16.8,g
1629,Fiber,0.2,g
1629,Fat,1,g
1629,Cholesterol,1.4,mg
1629,Sodium,4.6,mg
1630,Energy,650,cal
1630,Protein,11.2,g
1630,Carbohydrates,76.7,g
1630,Fiber,0.6,g
1630,Fat,34.9,g
1630,Cholesterol,5.3,mg
1630,Sodium,56.6,mg
1631,Energy,238,cal
1631,Protein,4.9,g
1631,Carbohydrates,24,g
1631,Fiber,0.8,g
1631,Fat,12.7,g
1631,Cholesterol,13.3,mg
1631,Sodium,22.2,mg
1632,Energy,287,cal
1632,Protein,5.7,g
1632,Carbohydrates,26.4,g
1632,Fiber,0.2,g
1632,Fat,18.1,g
1632,Cholesterol,13.3,mg
1632,Sodium,22.2,mg
1633,Energy,287,cal
1633,Protein,5.7,g
1633,Carbohydrates,26.4,g
1633,Fiber,0.2,g
1633,Fat,18.1,g
1633,Cholesterol,13.3,mg
1633,Sodium,22.2,mg
1636,Energy,466,cal
1636,Protein,11.2,g
1636,Carbohydrates,41,g
1636,Fiber,0.3,g
1636,Fat,31.1,g
1636,Cholesterol,24,mg
1636,Sodium,30,mg
1637,Energy,297,cal
1637,Protein,6.5,g
1637,Carbohydrates,26.3,g
1637,Fiber,0.4,g
1637,Fat,19.7,g
1637,Cholesterol,10.7,mg
1637,Sodium,19.2,mg
1638,Energy,79,cal
1638,Protein,1.5,g
1638,Carbohydrates,8.1,g
1638,Fiber,0,g
1638,Fat,5.2,g
1638,Cholesterol,0,mg
1638,Sodium,7.8,mg
1639,Energy,79,cal
1639,Protein,1.5,g
1639,Carbohydrates,8.1,g
1639,Fiber,0,g
1639,Fat,5.2,g
1639,Cholesterol,0,mg
1639,Sodium,7.8,mg
1640,Energy,267,cal
1640,Protein,5.4,g
1640,Carbohydrates,18.6,g
1640,Fiber,0,g
1640,Fat,23.2,g
1640,Cholesterol,0,mg
1640,Sodium,9.5,mg
1641,Energy,267,cal
1641,Protein,5.4,g
1641,Carbohydrates,18.6,g
1641,Fiber,0,g
1641,Fat,23.2,g
1641,Cholesterol,0,mg
1641,Sodium,9.5,mg
1642,Energy,267,cal
1642,Protein,5.4,g
1642,Carbohydrates,18.6,g
1642,Fiber,0,g
1642,Fat,23.2,g
1642,Cholesterol,0,mg
1642,Sodium,9.5,mg
1643,Energy,267,cal
1643,Protein,5.4,g
1643,Carbohydrates,18.6,g
1643,Fiber,0,g
1643,Fat,23.2,g
1643,Cholesterol,0,mg
1643,Sodium,9.5,mg
1644,Energy,444,cal
1644,Protein,8.4,g
1644,Carbohydrates,41.1,g
1644,Fiber,1.5,g
1644,Fat,31.7,g
1644,Cholesterol,10,mg
1644,Sodium,200.6,mg
1645,Energy,307,cal
1645,Protein,4.7,g
1645,Carbohydrates,17,g
1645,Fiber,2,g
1645,Fat,27,g
1645,Cholesterol,55,mg
1645,Sodium,182.2,mg
1646,Energy,307,cal
1646,Protein,4.7,g
1646,Carbohydrates,17,g
1646,Fiber,2,g
1646,Fat,27,g
1646,Cholesterol,55,mg
1646,Sodium,182.2,mg
1647,Energy,307,cal
1647,Protein,4.7,g
1647,Carbohydrates,17,g
1647,Fiber,2,g
1647,Fat,27,g
1647,Cholesterol,55,mg
1647,Sodium,182.2,mg
1648,Energy,307,cal
1648,Protein,4.7,g
1648,Carbohydrates,17,g
1648,Fiber,2,g
1648,Fat,27,g
1648,Cholesterol,55,mg
1648,Sodium,182.2,mg
1649,Energy,307,cal
1649,Protein,4.7,g
1649,Carbohydrates,17,g
1649,Fiber,2,g
1649,Fat,27,g
1649,Cholesterol,55,mg
1649,Sodium,182.2,mg
1650,Energy,671,cal
1650,Protein,11.4,g
1650,Carbohydrates,98.8,g
1650,Fiber,2.3,g
1650,Fat,25.2,g
1650,Cholesterol,0,mg
1650,Vitamin A,846.7,mcg
1650,Vitamin B1,0.1,mg
1650,Vitamin B2,0.1,mg
1650,Vitamin B3,1.9,mg
1650,Vitamin C,103.8,mg
1650,Folic Acid,71.1,mcg
1650,Calcium,64.5,mg
1650,Iron,28.2,mg
1650,Magnesium,0,mg
1650,Phosphorus,0,mg
1650,Sodium,241.1,mg
1650,Potassium,897.9,mg
1650,Zinc,0.2,mg
1651,Energy,467,cal
1651,Protein,6.2,g
1651,Carbohydrates,20.4,g
1651,Fiber,0,g
1651,Fat,37.1,g
1651,Cholesterol,97.2,mg
1651,Sodium,287.4,mg
1652,Energy,467,cal
1652,Protein,6.2,g
1652,Carbohydrates,20.4,g
1652,Fiber,0,g
1652,Fat,37.1,g
1652,Cholesterol,97.2,mg
1652,Sodium,287.4,mg
1653,Energy,467,cal
1653,Protein,6.2,g
1653,Carbohydrates,20.4,g
1653,Fiber,0,g
1653,Fat,37.1,g
1653,Cholesterol,97.2,mg
1653,Sodium,287.4,mg
1654,Energy,599,cal
1654,Protein,12.4,g
1654,Carbohydrates,58,g
1654,Fiber,0.8,g
1654,Fat,35.3,g
1654,Cholesterol,0,mg
1654,Sodium,3.8,mg
1657,Energy,157,cal
1657,Protein,3.2,g
1657,Carbohydrates,25.5,g
1657,Fiber,4.4,g
1657,Fat,4,g
1657,Cholesterol,8,mg
1657,Sodium,26.9,mg
1658,Energy,157,cal
1658,Protein,3.2,g
1658,Carbohydrates,25.5,g
1658,Fiber,4.4,g
1658,Fat,4,g
1658,Cholesterol,8,mg
1658,Sodium,26.9,mg
1659,Energy,48,cal
1659,Protein,0.5,g
1659,Carbohydrates,7.5,g
1659,Fiber,0.2,g
1659,Fat,0.2,g
1659,Cholesterol,0,mg
1659,Sodium,59.5,mg
1660,Energy,102,cal
1660,Protein,2.3,g
1660,Carbohydrates,6.3,g
1660,Fiber,0,g
1660,Fat,10.4,g
1660,Cholesterol,1.2,mg
1660,Sodium,2.1,mg
1661,Energy,68,cal
1661,Protein,1.1,g
1661,Carbohydrates,3.2,g
1661,Fiber,0,g
1661,Fat,7.3,g
1661,Cholesterol,0.3,mg
1661,Sodium,3.7,mg
1662,Energy,353,cal
1662,Protein,7.6,g
1662,Carbohydrates,40.4,g
1662,Fiber,0.8,g
1662,Fat,19.5,g
1662,Cholesterol,5.3,mg
1662,Sodium,12,mg
1663,Energy,47,cal
1663,Protein,0.7,g
1663,Carbohydrates,3.3,g
1663,Fiber,0,g
1663,Fat,4.6,g
1663,Cholesterol,0,mg
1663,Sodium,1.6,mg
1664,Energy,205,cal
1664,Protein,4.2,g
1664,Carbohydrates,31.7,g
1664,Fiber,1.2,g
1664,Fat,6.6,g
1664,Cholesterol,8,mg
1664,Sodium,14,mg
1665,Energy,208,cal
1665,Protein,6,g
1665,Carbohydrates,15.4,g
1665,Fiber,0,g
1665,Fat,17.7,g
1665,Cholesterol,3.8,mg
1665,Sodium,13.3,mg
1666,Energy,208,cal
1666,Protein,6,g
1666,Carbohydrates,15.4,g
1666,Fiber,0,g
1666,Fat,17.7,g
1666,Cholesterol,3.8,mg
1666,Sodium,13.3,mg
1667,Energy,142,cal
1667,Protein,3.3,g
1667,Carbohydrates,16.3,g
1667,Fiber,0.5,g
1667,Fat,8.2,g
1667,Cholesterol,3.6,mg
1667,Sodium,15.4,mg
1668,Energy,142,cal
1668,Protein,3.3,g
1668,Carbohydrates,16.3,g
1668,Fiber,0.5,g
1668,Fat,8.2,g
1668,Cholesterol,3.6,mg
1668,Sodium,15.4,mg
1669,Energy,142,cal
1669,Protein,3.3,g
1669,Carbohydrates,16.3,g
1669,Fiber,0.5,g
1669,Fat,8.2,g
1669,Cholesterol,3.6,mg
1669,Sodium,15.4,mg
1670,Energy,142,cal
1670,Protein,3.3,g
1670,Carbohydrates,16.3,g
1670,Fiber,0.5,g
1670,Fat,8.2,g
1670,Cholesterol,3.6,mg
1670,Sodium,15.4,mg
1671,Energy,142,cal
1671,Protein,3.3,g
1671,Carbohydrates,16.3,g
1671,Fiber,0.5,g
1671,Fat,8.2,g
1671,Cholesterol,3.6,mg
1671,Sodium,15.4,mg
1672,Energy,142,cal
1672,Protein,3.3,g
1672,Carbohydrates,16.3,g
1672,Fiber,0.5,g
1672,Fat,8.2,g
1672,Cholesterol,3.6,mg
1672,Sodium,15.4,mg
1673,Energy,314,cal
1673,Protein,5.2,g
1673,Carbohydrates,22.1,g
1673,Fiber,0.2,g
1673,Fat,25,g
1673,Cholesterol,8,mg
1673,Sodium,23.3,mg
1674,Energy,314,cal
1674,Protein,5.2,g
1674,Carbohydrates,22.1,g
1674,Fiber,0.2,g
1674,Fat,25,g
1674,Cholesterol,8,mg
1674,Sodium,23.3,mg
1675,Energy,314,cal
1675,Protein,5.2,g
1675,Carbohydrates,22.1,g
1675,Fiber,0.2,g
1675,Fat,25,g
1675,Cholesterol,8,mg
1675,Sodium,23.3,mg
1677,Energy,248,cal
1677,Protein,5.2,g
1677,Carbohydrates,15.8,g
1677,Fiber,0,g
1677,Fat,26.4,g
1677,Cholesterol,0,mg
1677,Sodium,1.8,mg
1678,Energy,600,cal
1678,Protein,10.1,g
1678,Carbohydrates,64.9,g
1678,Fiber,0.7,g
1678,Fat,36.3,g
1678,Cholesterol,20.9,mg
1678,Sodium,136.5,mg
1679,Energy,341,cal
1679,Protein,6.5,g
1679,Carbohydrates,29.6,g
1679,Fiber,1.7,g
1679,Fat,22.9,g
1679,Cholesterol,26.3,mg
1679,Sodium,138.3,mg
1680,Energy,341,cal
1680,Protein,6.5,g
1680,Carbohydrates,29.6,g
1680,Fiber,1.7,g
1680,Fat,22.9,g
1680,Cholesterol,26.3,mg
1680,Sodium,138.3,mg
1681,Energy,78,cal
1681,Protein,1.3,g
1681,Carbohydrates,6.9,g
1681,Fiber,0.1,g
1681,Fat,5.4,g
1681,Cholesterol,7.6,mg
1681,Sodium,31.2,mg
1682,Energy,78,cal
1682,Protein,1.3,g
1682,Carbohydrates,6.9,g
1682,Fiber,0.1,g
1682,Fat,5.4,g
1682,Cholesterol,7.6,mg
1682,Sodium,31.2,mg
1683,Energy,78,cal
1683,Protein,1.3,g
1683,Carbohydrates,6.9,g
1683,Fiber,0.1,g
1683,Fat,5.4,g
1683,Cholesterol,7.6,mg
1683,Sodium,31.2,mg
1684,Energy,153,cal
1684,Protein,4.2,g
1684,Carbohydrates,14.8,g
1684,Fiber,0.2,g
1684,Fat,6.3,g
1684,Cholesterol,15.4,mg
1684,Sodium,18.3,mg
1685,Energy,139,cal
1685,Protein,2.5,g
1685,Carbohydrates,9.1,g
1685,Fiber,0,g
1685,Fat,13.2,g
1685,Cholesterol,1.8,mg
1685,Sodium,14.7,mg
1686,Energy,139,cal
1686,Protein,2.5,g
1686,Carbohydrates,9.1,g
1686,Fiber,0,g
1686,Fat,13.2,g
1686,Cholesterol,1.8,mg
1686,Sodium,14.7,mg
1687,Energy,263,cal
1687,Protein,4.1,g
1687,Carbohydrates,34.2,g
1687,Fiber,1.7,g
1687,Fat,13.6,g
1687,Cholesterol,30.2,mg
1687,Sodium,215.4,mg
1688,Energy,263,cal
1688,Protein,4.1,g
1688,Carbohydrates,34.2,g
1688,Fiber,1.7,g
1688,Fat,13.6,g
1688,Cholesterol,30.2,mg
1688,Sodium,215.4,mg
1689,Energy,263,cal
1689,Protein,4.1,g
1689,Carbohydrates,34.2,g
1689,Fiber,1.7,g
1689,Fat,13.6,g
1689,Cholesterol,30.2,mg
1689,Sodium,215.4,mg
1690,Energy,204,cal
1690,Protein,3.3,g
1690,Carbohydrates,17.4,g
1690,Fiber,1.6,g
1690,Fat,15.5,g
1690,Cholesterol,21.4,mg
1690,Sodium,73.6,mg
1691,Energy,132,cal
1691,Protein,9.7,g
1691,Carbohydrates,21.3,g
1691,Fiber,6.8,g
1691,Fat,0.8,g
1691,Cholesterol,0,mg
1691,Sodium,19,mg
1692,Energy,21,cal
1692,Protein,1.5,g
1692,Carbohydrates,3.4,g
1692,Fiber,1.1,g
1692,Fat,0.1,g
1692,Cholesterol,0,mg
1692,Sodium,3,mg
1693,Energy,40,cal
1693,Protein,2.9,g
1693,Carbohydrates,6.3,g
1693,Fiber,2,g
1693,Fat,0.4,g
1693,Cholesterol,0,mg
1693,Sodium,5.7,mg
1695,Energy,44,kcal
1695,Protein,2.6,gm
1695,Carbohydrate,5.8,gm
1695,Fat,1.1,gm
1695,Fibre,1.7,gm
1695,Iron,0.9,mg
1695,Folic acid,17,mcg
1695,Vitamin A,136.8,mcg
1696,Energy,163,cal
1696,Protein,6.9,g
1696,Carbohydrates,15.5,g
1696,Fiber,4.6,g
1696,Fat,8.2,g
1696,Cholesterol,0,mg
1696,Sodium,7.3,mg
1697,Energy,186,cal
1697,Protein,13.9,g
1697,Carbohydrates,31,g
1697,Fiber,9.4,g
1697,Fat,0.6,g
1697,Cholesterol,0,mg
1697,Sodium,15.9,mg
1698,Energy,186,cal
1698,Protein,13.9,g
1698,Carbohydrates,31,g
1698,Fiber,9.4,g
1698,Fat,0.6,g
1698,Cholesterol,0,mg
1698,Sodium,15.9,mg
1702,Energy,223,cal
1702,Protein,7.2,g
1702,Carbohydrates,26.8,g
1702,Fiber,11.7,g
1702,Fat,9.7,g
1702,Cholesterol,0,mg
1702,Sodium,10.5,mg
1703,Energy,174,cal
1703,Protein,5.9,g
1703,Carbohydrates,25.2,g
1703,Fiber,9.4,g
1703,Fat,5.5,g
1703,Cholesterol,0,mg
1703,Vitamin A,147.3,mcg
1703,Vitamin B1,0.1,mg
1703,Vitamin B2,0.1,mg
1703,Vitamin B3,1.2,mg
1703,Vitamin C,11.6,mg
1703,Folic Acid,65.1,mcg
1703,Calcium,85.6,mg
1703,Iron,1.7,mg
1703,Magnesium,0,mg
1703,Phosphorus,0,mg
1703,Sodium,4.2,mg
1703,Potassium,95.2,mg
1703,Zinc,1.1,mg
1704,Energy,173,cal
1704,Protein,7.7,g
1704,Carbohydrates,30.4,g
1704,Fiber,12.6,g
1704,Fat,2.3,g
1704,Cholesterol,0,mg
1704,Sodium,17.6,mg
1705,Energy,65,cal
1705,Protein,1.8,g
1705,Carbohydrates,4.6,g
1705,Fiber,0,g
1705,Fat,4.3,g
1705,Cholesterol,9.5,mg
1705,Sodium,102.5,mg
1706,Energy,65,cal
1706,Protein,1.8,g
1706,Carbohydrates,4.6,g
1706,Fiber,0,g
1706,Fat,4.3,g
1706,Cholesterol,9.5,mg
1706,Sodium,102.5,mg
1707,Energy,255,cal
1707,Protein,5.4,g
1707,Carbohydrates,35.7,g
1707,Fiber,0.1,g
1707,Fat,8.4,g
1707,Cholesterol,10.4,mg
1707,Sodium,12.4,mg
1708,Energy,255,cal
1708,Protein,5.4,g
1708,Carbohydrates,35.7,g
1708,Fiber,0.1,g
1708,Fat,8.4,g
1708,Cholesterol,10.4,mg
1708,Sodium,12.4,mg
1709,Energy,16,cal
1709,Protein,0.5,g
1709,Carbohydrates,1.5,g
1709,Fiber,0.1,g
1709,Fat,0.8,g
1709,Cholesterol,2.2,mg
1709,Sodium,5.2,mg
1710,Energy,16,cal
1710,Protein,0.5,g
1710,Carbohydrates,1.5,g
1710,Fiber,0.1,g
1710,Fat,0.8,g
1710,Cholesterol,2.2,mg
1710,Sodium,5.2,mg
1711,Energy,145,cal
1711,Protein,2.2,g
1711,Carbohydrates,12.3,g
1711,Fiber,1.2,g
1711,Fat,11,g
1711,Cholesterol,17.7,mg
1711,Sodium,60.6,mg
1712,Energy,34,cal
1712,Protein,0.4,g
1712,Carbohydrates,8.1,g
1712,Fiber,0.9,g
1712,Fat,0.2,g
1712,Cholesterol,0,mg
1712,Sodium,311.7,mg
1713,Energy,34,cal
1713,Protein,0.4,g
1713,Carbohydrates,8.1,g
1713,Fiber,0.9,g
1713,Fat,0.2,g
1713,Cholesterol,0,mg
1713,Sodium,311.7,mg
1714,Energy,4,cal
1714,Protein,0.3,g
1714,Carbohydrates,0.8,g
1714,Fiber,0.2,g
1714,Fat,0,g
1714,Cholesterol,0,mg
1714,Sodium,5.5,mg
1715,Energy,93,cal
1715,Protein,2.6,g
1715,Carbohydrates,13,g
1715,Fiber,3,g
1715,Fat,3.4,g
1715,Cholesterol,0,mg
1715,Vitamin A,227.1,mcg
1715,Vitamin B1,0.1,mg
1715,Vitamin B2,0,mg
1715,Vitamin B3,0.6,mg
1715,Vitamin C,16.8,mg
1715,Folic Acid,15,mcg
1715,Calcium,28.3,mg
1715,Iron,0.8,mg
1715,Magnesium,0,mg
1715,Phosphorus,0,mg
1715,Sodium,32.9,mg
1715,Potassium,130.8,mg
1715,Zinc,0.3,mg
1716,Energy,4,cal
1716,Protein,0.3,g
1716,Carbohydrates,0.8,g
1716,Fiber,0.2,g
1716,Fat,0,g
1716,Cholesterol,0,mg
1716,Sodium,5.5,mg
1719,Energy,957,cal
1719,Protein,7.1,g
1719,Carbohydrates,91.7,g
1719,Fiber,20.4,g
1719,Fat,62.5,g
1719,Cholesterol,0,mg
1719,Vitamin A,0,mcg
1719,Vitamin B1,0.1,mg
1719,Vitamin B2,0.2,mg
1719,Vitamin B3,1.2,mg
1719,Vitamin C,1.5,mg
1719,Folic Acid,18.8,mcg
1719,Calcium,75.8,mg
1719,Iron,4.6,mg
1719,Magnesium,0,mg
1719,Phosphorus,0,mg
1719,Sodium,0,mg
1719,Potassium,0,mg
1719,Zinc,0,mg
1720,Energy,957,cal
1720,Protein,7.1,g
1720,Carbohydrates,91.7,g
1720,Fiber,20.4,g
1720,Fat,62.5,g
1720,Cholesterol,0,mg
1720,Vitamin A,0,mcg
1720,Vitamin B1,0.1,mg
1720,Vitamin B2,0.2,mg
1720,Vitamin B3,1.2,mg
1720,Vitamin C,1.5,mg
1720,Folic Acid,18.8,mcg
1720,Calcium,75.8,mg
1720,Iron,4.6,mg
1720,Magnesium,0,mg
1720,Phosphorus,0,mg
1720,Sodium,0,mg
1720,Potassium,0,mg
1720,Zinc,0,mg
1721,Energy,206,cal
1721,Protein,8,g
1721,Carbohydrates,22,g
1721,Fiber,0,g
1721,Fat,9.6,g
1721,Cholesterol,33.1,mg
1721,Sodium,292.4,mg
1722,Energy,39,cal
1722,Protein,1.7,g
1722,Carbohydrates,5.6,g
1722,Fiber,1,g
1722,Fat,1.1,g
1722,Cholesterol,0,mg
1722,Sodium,4.3,mg
1723,Energy,39,cal
1723,Protein,1.7,g
1723,Carbohydrates,5.6,g
1723,Fiber,1,g
1723,Fat,1.1,g
1723,Cholesterol,0,mg
1723,Sodium,4.3,mg
1724,Energy,203,cal
1724,Protein,2.4,g
1724,Carbohydrates,43.9,g
1724,Fiber,4.7,g
1724,Fat,2,g
1724,Cholesterol,0,mg
1724,Sodium,10.8,mg
1725,Energy,203,cal
1725,Protein,2.4,g
1725,Carbohydrates,43.9,g
1725,Fiber,4.7,g
1725,Fat,2,g
1725,Cholesterol,0,mg
1725,Sodium,10.8,mg
1726,Energy,21,cal
1726,Protein,0.4,g
1726,Carbohydrates,3.3,g
1726,Fiber,0,g
1726,Fat,0.6,g
1726,Cholesterol,0,mg
1726,Vitamin A,24,mcg
1726,Vitamin B1,0,mg
1726,Vitamin B2,0,mg
1726,Vitamin B3,0,mg
1726,Vitamin C,0,mg
1726,Folic Acid,0,mcg
1726,Calcium,0.6,mg
1726,Iron,0.1,mg
1726,Magnesium,0,mg
1726,Phosphorus,0,mg
1726,Sodium,6.2,mg
1726,Potassium,0.2,mg
1726,Zinc,0,mg
1727,Energy,21,cal
1727,Protein,0.4,g
1727,Carbohydrates,3.3,g
1727,Fiber,0,g
1727,Fat,0.6,g
1727,Cholesterol,0,mg
1727,Vitamin A,24,mcg
1727,Vitamin B1,0,mg
1727,Vitamin B2,0,mg
1727,Vitamin B3,0,mg
1727,Vitamin C,0,mg
1727,Folic Acid,0,mcg
1727,Calcium,0.6,mg
1727,Iron,0.1,mg
1727,Magnesium,0,mg
1727,Phosphorus,0,mg
1727,Sodium,6.2,mg
1727,Potassium,0.2,mg
1727,Zinc,0,mg
1728,Energy,123,cal
1728,Protein,4.2,g
1728,Carbohydrates,15.9,g
1728,Fiber,0,g
1728,Fat,4.3,g
1728,Cholesterol,6.2,mg
1728,Sodium,15.2,mg
1729,Energy,1646,cal
1729,Protein,32.5,g
1729,Carbohydrates,130.2,g
1729,Fiber,2.5,g
1729,Fat,110.3,g
1729,Cholesterol,212.5,mg
1729,Sodium,709.8,mg
1730,Energy,194,cal
1730,Protein,5.4,g
1730,Carbohydrates,21.5,g
1730,Fiber,0.4,g
1730,Fat,8.1,g
1730,Cholesterol,10.7,mg
1730,Sodium,47.2,mg
1731,Energy,46,cal
1731,Protein,0.5,g
1731,Carbohydrates,5.3,g
1731,Fiber,0,g
1731,Fat,2.5,g
1731,Cholesterol,0,mg
1731,Vitamin A,96,mcg
1731,Vitamin B1,0,mg
1731,Vitamin B2,0,mg
1731,Vitamin B3,0,mg
1731,Vitamin C,0,mg
1731,Folic Acid,0,mcg
1731,Calcium,0.7,mg
1731,Iron,0.1,mg
1731,Magnesium,0,mg
1731,Phosphorus,0,mg
1731,Sodium,24.8,mg
1731,Potassium,0.8,mg
1731,Zinc,0,mg
1732,Energy,87,cal
1732,Protein,0.2,g
1732,Carbohydrates,15.9,g
1732,Fiber,0.2,g
1732,Fat,2.8,g
1732,Cholesterol,0,mg
1732,Sodium,3.8,mg
1733,Energy,315,cal
1733,Protein,6.1,g
1733,Carbohydrates,19.5,g
1733,Fiber,3.3,g
1733,Fat,20.9,g
1733,Cholesterol,0,mg
1733,Sodium,15.8,mg
1734,Energy,74,cal
1734,Protein,1.1,g
1734,Carbohydrates,15.6,g
1734,Fiber,0.5,g
1734,Fat,1.1,g
1734,Cholesterol,0,mg
1734,Sodium,0.2,mg
1735,Energy,170,cal
1735,Protein,2.7,g
1735,Carbohydrates,37.9,g
1735,Fiber,5.9,g
1735,Fat,0.9,g
1735,Cholesterol,0,mg
1735,Sodium,10.8,mg
1736,Energy,170,cal
1736,Protein,2.7,g
1736,Carbohydrates,37.9,g
1736,Fiber,5.9,g
1736,Fat,0.9,g
1736,Cholesterol,0,mg
1736,Sodium,10.8,mg
1737,Energy,100,cal
1737,Protein,1.7,g
1737,Carbohydrates,22.1,g
1737,Fiber,4.2,g
1737,Fat,0.5,g
1737,Cholesterol,0,mg
1737,Sodium,6.5,mg
1738,Energy,121,cal
1738,Protein,2.5,g
1738,Carbohydrates,26.1,g
1738,Fiber,5.7,g
1738,Fat,0.7,g
1738,Cholesterol,0,mg
1738,Sodium,16.7,mg
1739,Energy,71,cal
1739,Protein,0.9,g
1739,Carbohydrates,10.5,g
1739,Fiber,2.1,g
1739,Fat,2.9,g
1739,Cholesterol,0,mg
1739,Sodium,24.2,mg
1740,Energy,45,cal
1740,Protein,0.6,g
1740,Carbohydrates,3,g
1740,Fiber,0.2,g
1740,Fat,3.8,g
1740,Cholesterol,1.4,mg
1740,Sodium,6.1,mg
1743,Energy,94,cal
1743,Protein,5.8,g
1743,Carbohydrates,11.6,g
1743,Fiber,3.9,g
1743,Fat,4.2,g
1743,Cholesterol,0,mg
1743,Sodium,33.5,mg
1744,Energy,87,cal
1744,Protein,2.4,g
1744,Carbohydrates,10.4,g
1744,Fiber,3.2,g
1744,Fat,4,g
1744,Cholesterol,0,mg
1744,Vitamin A,259.8,mcg
1744,Vitamin B1,0.1,mg
1744,Vitamin B2,0.1,mg
1744,Vitamin B3,0.9,mg
1744,Vitamin C,17.5,mg
1744,Folic Acid,23,mcg
1744,Calcium,37.3,mg
1744,Iron,1.3,mg
1744,Magnesium,0,mg
1744,Phosphorus,0,mg
1744,Sodium,64.6,mg
1744,Potassium,57.9,mg
1744,Zinc,0.2,mg
1745,Energy,43,cal
1745,Protein,0.6,g
1745,Carbohydrates,4.2,g
1745,Fiber,1.3,g
1745,Fat,2.6,g
1745,Cholesterol,0,mg
1745,Vitamin A,206.8,mcg
1745,Vitamin B1,0.1,mg
1745,Vitamin B2,0,mg
1745,Vitamin B3,0.3,mg
1745,Vitamin C,18,mg
1745,Folic Acid,15.3,mcg
1745,Calcium,27.5,mg
1745,Iron,0.5,mg
1745,Magnesium,0,mg
1745,Phosphorus,0,mg
1745,Sodium,7.8,mg
1745,Potassium,83.2,mg
1745,Zinc,0.1,mg
1746,Energy,51,cal
1746,Protein,0.8,g
1746,Carbohydrates,3.6,g
1746,Fiber,1.4,g
1746,Fat,3.8,g
1746,Cholesterol,0,mg
1746,Vitamin A,390.7,mcg
1746,Vitamin B1,0,mg
1746,Vitamin B2,0.1,mg
1746,Vitamin B3,0.5,mg
1746,Vitamin C,16.3,mg
1746,Folic Acid,11.1,mcg
1746,Calcium,36.8,mg
1746,Iron,0.7,mg
1746,Magnesium,0,mg
1746,Phosphorus,0,mg
1746,Sodium,6.5,mg
1746,Potassium,80.9,mg
1746,Zinc,0.2,mg
1747,Energy,28,cal
1747,Protein,1.9,g
1747,Carbohydrates,4.9,g
1747,Fiber,1.2,g
1747,Fat,0.2,g
1747,Cholesterol,0,mg
1747,Sodium,23.5,mg
1748,Energy,48,cal
1748,Protein,1.1,g
1748,Carbohydrates,3.9,g
1748,Fiber,1.8,g
1748,Fat,3.1,g
1748,Cholesterol,0,mg
1748,Sodium,66.1,mg
1749,Energy,48,cal
1749,Protein,1.1,g
1749,Carbohydrates,3.9,g
1749,Fiber,1.8,g
1749,Fat,3.1,g
1749,Cholesterol,0,mg
1749,Sodium,66.1,mg
1750,Energy,48,cal
1750,Protein,1.1,g
1750,Carbohydrates,3.9,g
1750,Fiber,1.8,g
1750,Fat,3.1,g
1750,Cholesterol,0,mg
1750,Sodium,66.1,mg
1755,Energy,287,cal
1755,Protein,6.2,g
1755,Carbohydrates,10.7,g
1755,Fiber,3,g
1755,Fat,24.9,g
1755,Cholesterol,0,mg
1755,Sodium,11.5,mg
1756,Energy,287,cal
1756,Protein,6.2,g
1756,Carbohydrates,10.7,g
1756,Fiber,3,g
1756,Fat,24.9,g
1756,Cholesterol,0,mg
1756,Sodium,11.5,mg
1757,Energy,287,cal
1757,Protein,6.2,g
1757,Carbohydrates,10.7,g
1757,Fiber,3,g
1757,Fat,24.9,g
1757,Cholesterol,0,mg
1757,Sodium,11.5,mg
1758,Energy,287,cal
1758,Protein,6.2,g
1758,Carbohydrates,10.7,g
1758,Fiber,3,g
1758,Fat,24.9,g
1758,Cholesterol,0,mg
1758,Sodium,11.5,mg
1759,Energy,25,cal
1759,Protein,0.2,g
1759,Carbohydrates,1.6,g
1759,Fiber,0.7,g
1759,Fat,2,g
1759,Cholesterol,0,mg
1759,Sodium,0.4,mg
1760,Energy,143,cal
1760,Protein,1.5,g
1760,Carbohydrates,29.7,g
1760,Fiber,14.6,g
1760,Fat,2.3,g
1760,Cholesterol,0,mg
1760,Sodium,0,mg
1761,Energy,143,cal
1761,Protein,1.5,g
1761,Carbohydrates,29.7,g
1761,Fiber,14.6,g
1761,Fat,2.3,g
1761,Cholesterol,0,mg
1761,Sodium,0,mg
1762,Energy,188,cal
1762,Protein,0.7,g
1762,Carbohydrates,32.6,g
1762,Fiber,0.8,g
1762,Fat,5.9,g
1762,Cholesterol,0,mg
1762,Sodium,6.3,mg
1763,Energy,188,cal
1763,Protein,0.7,g
1763,Carbohydrates,32.6,g
1763,Fiber,0.8,g
1763,Fat,5.9,g
1763,Cholesterol,0,mg
1763,Sodium,6.3,mg
1765,Energy,95,cal
1765,Protein,0.9,g
1765,Carbohydrates,11.6,g
1765,Fiber,0.1,g
1765,Fat,5,g
1765,Cholesterol,11.2,mg
1765,Sodium,37.4,mg
1766,Energy,76,cal
1766,Protein,1,g
1766,Carbohydrates,7.8,g
1766,Fiber,1,g
1766,Fat,4.5,g
1766,Cholesterol,0.1,mg
1766,Sodium,1.6,mg
1767,Energy,76,cal
1767,Protein,1,g
1767,Carbohydrates,7.8,g
1767,Fiber,1,g
1767,Fat,4.5,g
1767,Cholesterol,0.1,mg
1767,Sodium,1.6,mg
1768,Energy,136,cal
1768,Protein,1.2,g
1768,Carbohydrates,16.7,g
1768,Fiber,4.4,g
1768,Fat,7,g
1768,Cholesterol,0,mg
1768,Sodium,48.8,mg
1769,Energy,241,cal
1769,Protein,0.6,g
1769,Carbohydrates,20.4,g
1769,Fiber,1.8,g
1769,Fat,17.5,g
1769,Cholesterol,0,mg
1769,Sodium,1,mg
1770,Energy,113,cal
1770,Protein,1.2,g
1770,Carbohydrates,4.1,g
1770,Fiber,2.8,g
1770,Fat,11.1,g
1770,Cholesterol,0,mg
1770,Sodium,6.3,mg
1771,Energy,331,cal
1771,Protein,3.4,g
1771,Carbohydrates,9.2,g
1771,Fiber,3.3,g
1771,Fat,31.1,g
1771,Cholesterol,0,mg
1771,Sodium,0,mg
1772,Energy,269,cal
1772,Protein,2.4,g
1772,Carbohydrates,27.5,g
1772,Fiber,0.9,g
1772,Fat,16.8,g
1772,Cholesterol,35.4,mg
1772,Sodium,120.6,mg
1773,Energy,269,cal
1773,Protein,2.4,g
1773,Carbohydrates,27.5,g
1773,Fiber,0.9,g
1773,Fat,16.8,g
1773,Cholesterol,35.4,mg
1773,Sodium,120.6,mg
1774,Energy,164,cal
1774,Protein,2.8,g
1774,Carbohydrates,11.2,g
1774,Fiber,4.5,g
1774,Fat,11.4,g
1774,Cholesterol,0,mg
1774,Sodium,3,mg
1775,Energy,38,cal
1775,Protein,0.2,g
1775,Carbohydrates,5.5,g
1775,Fiber,0.4,g
1775,Fat,1.8,g
1775,Cholesterol,0,mg
1775,Sodium,1,mg
1776,Energy,38,cal
1776,Protein,0.2,g
1776,Carbohydrates,5.5,g
1776,Fiber,0.4,g
1776,Fat,1.8,g
1776,Cholesterol,0,mg
1776,Sodium,1,mg
1777,Energy,38,cal
1777,Protein,0.2,g
1777,Carbohydrates,5.5,g
1777,Fiber,0.4,g
1777,Fat,1.8,g
1777,Cholesterol,0,mg
1777,Sodium,1,mg
1778,Energy,19,cal
1778,Protein,0.3,g
1778,Carbohydrates,0.7,g
1778,Fiber,0.4,g
1778,Fat,1.7,g
1778,Cholesterol,0,mg
1778,Sodium,2.1,mg
1779,Energy,19,cal
1779,Protein,0.3,g
1779,Carbohydrates,0.7,g
1779,Fiber,0.4,g
1779,Fat,1.7,g
1779,Cholesterol,0,mg
1779,Sodium,2.1,mg
1780,Energy,444,cal
1780,Protein,4.5,g
1780,Carbohydrates,13,g
1780,Fiber,13.6,g
1780,Fat,41.6,g
1780,Cholesterol,0,mg
1780,Sodium,20,mg
1781,Energy,444,cal
1781,Protein,4.5,g
1781,Carbohydrates,13,g
1781,Fiber,13.6,g
1781,Fat,41.6,g
1781,Cholesterol,0,mg
1781,Sodium,20,mg
1782,Energy,1628,cal
1782,Protein,16.5,g
1782,Carbohydrates,47.7,g
1782,Fiber,49.9,g
1782,Fat,152.5,g
1782,Cholesterol,0,mg
1782,Vitamin A,0,mcg
1782,Vitamin B1,0.2,mg
1782,Vitamin B2,0.4,mg
1782,Vitamin B3,2.9,mg
1782,Vitamin C,3.7,mg
1782,Folic Acid,45.8,mcg
1782,Calcium,36.7,mg
1782,Iron,6.2,mg
1782,Magnesium,0,mg
1782,Phosphorus,0,mg
1782,Sodium,0,mg
1782,Potassium,0,mg
1782,Zinc,0,mg
1783,Energy,75,cal
1783,Protein,3,g
1783,Carbohydrates,2.6,g
1783,Fiber,3.3,g
1783,Fat,3.2,g
1783,Cholesterol,0,mg
1783,Sodium,52.4,mg
1784,Energy,124,cal
1784,Protein,1.9,g
1784,Carbohydrates,2.4,g
1784,Fiber,4.5,g
1784,Fat,7.8,g
1784,Cholesterol,0,mg
1784,Sodium,0.3,mg
1785,Energy,132,cal
1785,Protein,4.7,g
1785,Carbohydrates,3.7,g
1785,Fiber,3.5,g
1785,Fat,7.5,g
1785,Cholesterol,0,mg
1785,Sodium,0.1,mg
1786,Energy,45,cal
1786,Protein,0.3,g
1786,Carbohydrates,7.8,g
1786,Fiber,0.4,g
1786,Fat,1.3,g
1786,Cholesterol,0,mg
1786,Sodium,1.2,mg
1788,Energy,386,cal
1788,Protein,6.1,g
1788,Carbohydrates,15.6,g
1788,Fiber,9.9,g
1788,Fat,32.4,g
1788,Cholesterol,0,mg
1788,Vitamin A,96.7,mcg
1788,Vitamin B1,0.1,mg
1788,Vitamin B2,0.1,mg
1788,Vitamin B3,0.8,mg
1788,Vitamin C,2,mg
1788,Folic Acid,21.6,mcg
1788,Calcium,93.2,mg
1788,Iron,1.6,mg
1788,Magnesium,0,mg
1788,Phosphorus,0,mg
1788,Sodium,12.9,mg
1788,Potassium,98.2,mg
1788,Zinc,0.2,mg
1792,Energy,32,cal
1792,Protein,0.3,g
1792,Carbohydrates,0.9,g
1792,Fiber,1,g
1792,Fat,3,g
1792,Cholesterol,0,mg
1792,Sodium,1.4,mg
1793,Energy,222,cal
1793,Protein,2.2,g
1793,Carbohydrates,6.5,g
1793,Fiber,6.8,g
1793,Fat,20.8,g
1793,Cholesterol,0,mg
1793,Sodium,10,mg
1794,Energy,32,cal
1794,Protein,0.3,g
1794,Carbohydrates,0.9,g
1794,Fiber,1,g
1794,Fat,3,g
1794,Cholesterol,0,mg
1794,Sodium,1.4,mg
1795,Energy,370,cal
1795,Protein,4.9,g
1795,Carbohydrates,40,g
1795,Fiber,7.6,g
1795,Fat,21.2,g
1795,Cholesterol,0,mg
1795,Vitamin A,29.2,mcg
1795,Vitamin B1,0.1,mg
1795,Vitamin B2,0.1,mg
1795,Vitamin B3,1.2,mg
1795,Vitamin C,1.2,mg
1795,Folic Acid,9.2,mcg
1795,Calcium,12.1,mg
1795,Iron,1.1,mg
1795,Magnesium,0,mg
1795,Phosphorus,0,mg
1795,Sodium,0.3,mg
1795,Potassium,9.5,mg
1795,Zinc,0.6,mg
1796,Energy,454,cal
1796,Protein,0.2,g
1796,Carbohydrates,10.9,g
1796,Fiber,0,g
1796,Fat,45,g
1796,Cholesterol,0,mg
1796,Sodium,0.2,mg
1797,Energy,162,cal
1797,Protein,2.9,g
1797,Carbohydrates,4.7,g
1797,Fiber,2.3,g
1797,Fat,13.5,g
1797,Cholesterol,8,mg
1797,Sodium,12.8,mg
1798,Energy,162,cal
1798,Protein,2.9,g
1798,Carbohydrates,4.7,g
1798,Fiber,2.3,g
1798,Fat,13.5,g
1798,Cholesterol,8,mg
1798,Sodium,12.8,mg
1799,Energy,59,cal
1799,Protein,1.3,g
1799,Carbohydrates,9.1,g
1799,Fiber,12.9,g
1799,Fat,2,g
1799,Cholesterol,0,mg
1799,Sodium,0,mg
1800,Energy,244,cal
1800,Protein,2.1,g
1800,Carbohydrates,10,g
1800,Fiber,6.6,g
1800,Fat,21.8,g
1800,Cholesterol,0,mg
1800,Vitamin A,33,mcg
1800,Vitamin B1,0.1,mg
1800,Vitamin B2,0.1,mg
1800,Vitamin B3,0.4,mg
1800,Vitamin C,8.5,mg
1800,Folic Acid,5.6,mcg
1800,Calcium,8.6,mg
1800,Iron,1.3,mg
1800,Magnesium,0,mg
1800,Phosphorus,0,mg
1800,Sodium,7.3,mg
1800,Potassium,7.7,mg
1800,Zinc,0,mg
1801,Energy,101,cal
1801,Protein,1.6,g
1801,Carbohydrates,18.5,g
1801,Fiber,15.4,g
1801,Fat,2.3,g
1801,Cholesterol,0,mg
1801,Sodium,9.7,mg
1802,Energy,318,cal
1802,Protein,0.8,g
1802,Carbohydrates,36.2,g
1802,Fiber,0.3,g
1802,Fat,18.8,g
1802,Cholesterol,0,mg
1802,Sodium,17.7,mg
1803,Energy,318,cal
1803,Protein,0.8,g
1803,Carbohydrates,36.2,g
1803,Fiber,0.3,g
1803,Fat,18.8,g
1803,Cholesterol,0,mg
1803,Sodium,17.7,mg
1804,Energy,327,cal
1804,Protein,5.2,g
1804,Carbohydrates,41.7,g
1804,Fiber,7.6,g
1804,Fat,15.4,g
1804,Cholesterol,0,mg
1804,Vitamin A,340.2,mcg
1804,Vitamin B1,0.1,mg
1804,Vitamin B2,0.1,mg
1804,Vitamin B3,1.2,mg
1804,Vitamin C,2.4,mg
1804,Folic Acid,11,mcg
1804,Calcium,25.4,mg
1804,Iron,1.2,mg
1804,Magnesium,0,mg
1804,Phosphorus,0,mg
1804,Sodium,12.8,mg
1804,Potassium,33.6,mg
1804,Zinc,0.6,mg
1805,Energy,327,cal
1805,Protein,5.2,g
1805,Carbohydrates,41.7,g
1805,Fiber,7.6,g
1805,Fat,15.4,g
1805,Cholesterol,0,mg
1805,Vitamin A,340.2,mcg
1805,Vitamin B1,0.1,mg
1805,Vitamin B2,0.1,mg
1805,Vitamin B3,1.2,mg
1805,Vitamin C,2.4,mg
1805,Folic Acid,11,mcg
1805,Calcium,25.4,mg
1805,Iron,1.2,mg
1805,Magnesium,0,mg
1805,Phosphorus,0,mg
1805,Sodium,12.8,mg
1805,Potassium,33.6,mg
1805,Zinc,0.6,mg
1808,Energy,290,cal
1808,Protein,5.4,g
1808,Carbohydrates,30,g
1808,Fiber,4.2,g
1808,Fat,16.5,g
1808,Cholesterol,0,mg
1808,Sodium,7.3,mg
1809,Energy,290,cal
1809,Protein,5.4,g
1809,Carbohydrates,30,g
1809,Fiber,4.2,g
1809,Fat,16.5,g
1809,Cholesterol,0,mg
1809,Sodium,7.3,mg
1810,Energy,56,cal
1810,Protein,1.2,g
1810,Carbohydrates,8.6,g
1810,Fiber,0,g
1810,Fat,1.9,g
1810,Cholesterol,0,mg
1810,Vitamin A,0,mcg
1810,Vitamin B1,0.2,mg
1810,Vitamin B2,0.8,mg
1810,Vitamin B3,8.2,mg
1810,Vitamin C,0,mg
1810,Folic Acid,0,mcg
1810,Calcium,13.6,mg
1810,Iron,1.2,mg
1810,Magnesium,0,mg
1810,Phosphorus,0,mg
1810,Sodium,0,mg
1810,Potassium,0,mg
1810,Zinc,0,mg
1811,Energy,31,cal
1811,Protein,0.1,g
1811,Carbohydrates,1.3,g
1811,Fiber,0.1,g
1811,Fat,2.7,g
1811,Cholesterol,0,mg
1811,Sodium,0.1,mg
1813,Energy,439,cal
1813,Protein,5.5,g
1813,Carbohydrates,43.4,g
1813,Fiber,1,g
1813,Fat,26.7,g
1813,Cholesterol,0,mg
1813,Sodium,5.1,mg
1816,Energy,49,cal
1816,Protein,1,g
1816,Carbohydrates,2.7,g
1816,Fiber,1.3,g
1816,Fat,3.8,g
1816,Cholesterol,0,mg
1816,Sodium,3,mg
1817,Energy,165,cal
1817,Protein,3,g
1817,Carbohydrates,18.6,g
1817,Fiber,0.8,g
1817,Fat,8.9,g
1817,Cholesterol,0,mg
1817,Vitamin A,63.2,mcg
1817,Vitamin B1,0.3,mg
1817,Vitamin B2,0.1,mg
1817,Vitamin B3,0.1,mg
1817,Vitamin C,0.7,mg
1817,Folic Acid,3.6,mcg
1817,Calcium,80.6,mg
1817,Iron,0.3,mg
1817,Magnesium,0,mg
1817,Phosphorus,0,mg
1817,Sodium,33.9,mg
1817,Potassium,98.9,mg
1817,Zinc,0.4,mg
1818,Energy,165,cal
1818,Protein,3.1,g
1818,Carbohydrates,24.7,g
1818,Fiber,10.4,g
1818,Fat,6,g
1818,Cholesterol,0,mg
1818,Sodium,0,mg
1819,Energy,165,cal
1819,Protein,3.1,g
1819,Carbohydrates,24.7,g
1819,Fiber,10.4,g
1819,Fat,6,g
1819,Cholesterol,0,mg
1819,Sodium,0,mg
1820,Energy,59,cal
1820,Protein,1.3,g
1820,Carbohydrates,9.1,g
1820,Fiber,12.9,g
1820,Fat,2,g
1820,Cholesterol,0,mg
1820,Sodium,0,mg
1822,Energy,719,cal
1822,Protein,10.6,g
1822,Carbohydrates,70.5,g
1822,Fiber,0.3,g
1822,Fat,44.7,g
1822,Cholesterol,0,mg
1822,Sodium,21.9,mg
1823,Energy,786,cal
1823,Protein,0,g
1823,Carbohydrates,119.3,g
1823,Fiber,0,g
1823,Fat,34,g
1823,Cholesterol,105,mg
1823,Sodium,346.9,mg
1824,Energy,288,cal
1824,Protein,6.9,g
1824,Carbohydrates,32.7,g
1824,Fiber,0,g
1824,Fat,12,g
1824,Cholesterol,16,mg
1824,Sodium,19,mg
1825,Energy,78,cal
1825,Protein,0.1,g
1825,Carbohydrates,19.4,g
1825,Fiber,0,g
1825,Fat,0,g
1825,Cholesterol,0,mg
1825,Sodium,0,mg
1826,Energy,256,cal
1826,Protein,4.9,g
1826,Carbohydrates,24.9,g
1826,Fiber,0.2,g
1826,Fat,13.3,g
1826,Cholesterol,13.3,mg
1826,Sodium,24.6,mg
1827,Energy,256,cal
1827,Protein,4.9,g
1827,Carbohydrates,24.9,g
1827,Fiber,0.2,g
1827,Fat,13.3,g
1827,Cholesterol,13.3,mg
1827,Sodium,24.6,mg
1828,Energy,256,cal
1828,Protein,4.9,g
1828,Carbohydrates,24.9,g
1828,Fiber,0.2,g
1828,Fat,13.3,g
1828,Cholesterol,13.3,mg
1828,Sodium,24.6,mg
1829,Energy,256,cal
1829,Protein,4.9,g
1829,Carbohydrates,24.9,g
1829,Fiber,0.2,g
1829,Fat,13.3,g
1829,Cholesterol,13.3,mg
1829,Sodium,24.6,mg
1830,Energy,111,cal
1830,Protein,2.1,g
1830,Carbohydrates,6.1,g
1830,Fiber,0,g
1830,Fat,11.9,g
1830,Cholesterol,0,mg
1830,Sodium,2.8,mg
1831,Energy,111,cal
1831,Protein,2.1,g
1831,Carbohydrates,6.1,g
1831,Fiber,0,g
1831,Fat,11.9,g
1831,Cholesterol,0,mg
1831,Sodium,2.8,mg
1832,Energy,250,cal
1832,Protein,5.6,g
1832,Carbohydrates,22.7,g
1832,Fiber,0.5,g
1832,Fat,13.3,g
1832,Cholesterol,13.3,mg
1832,Sodium,16.8,mg
1833,Energy,162,cal
1833,Protein,4.5,g
1833,Carbohydrates,16,g
1833,Fiber,0,g
1833,Fat,6.5,g
1833,Cholesterol,16,mg
1833,Sodium,19,mg
1834,Energy,240,cal
1834,Protein,4.1,g
1834,Carbohydrates,32.9,g
1834,Fiber,0,g
1834,Fat,9.1,g
1834,Cholesterol,0,mg
1834,Sodium,0,mg
1835,Energy,86,cal
1835,Protein,2.5,g
1835,Carbohydrates,10.9,g
1835,Fiber,0.1,g
1835,Fat,3.6,g
1835,Cholesterol,9.4,mg
1835,Sodium,69.2,mg
1836,Energy,170,cal
1836,Protein,4.9,g
1836,Carbohydrates,18.1,g
1836,Fiber,1,g
1836,Fat,6.9,g
1836,Cholesterol,16,mg
1836,Sodium,19.6,mg
1837,Energy,265,cal
1837,Protein,7.2,g
1837,Carbohydrates,32,g
1837,Fiber,0,g
1837,Fat,8.8,g
1837,Cholesterol,21.3,mg
1837,Sodium,25.4,mg
1838,Energy,392,cal
1838,Protein,9.9,g
1838,Carbohydrates,41.8,g
1838,Fiber,0,g
1838,Fat,15.8,g
1838,Cholesterol,32,mg
1838,Sodium,38,mg
1839,Energy,47,cal
1839,Protein,2.2,g
1839,Carbohydrates,5.3,g
1839,Fiber,2.8,g
1839,Fat,1.8,g
1839,Cholesterol,5,mg
1839,Sodium,52,mg
1840,Energy,47,cal
1840,Protein,2.2,g
1840,Carbohydrates,5.3,g
1840,Fiber,2.8,g
1840,Fat,1.8,g
1840,Cholesterol,5,mg
1840,Sodium,52,mg
1841,Energy,280,cal
1841,Protein,1.4,g
1841,Carbohydrates,26,g
1841,Fiber,1.8,g
1841,Fat,22.4,g
1841,Cholesterol,0,mg
1841,Vitamin A,477.6,mcg
1841,Vitamin B1,0.2,mg
1841,Vitamin B2,0.2,mg
1841,Vitamin B3,0.3,mg
1841,Vitamin C,44.1,mg
1841,Folic Acid,15,mcg
1841,Calcium,38.1,mg
1841,Iron,0.6,mg
1841,Magnesium,0,mg
1841,Phosphorus,0,mg
1841,Sodium,482.1,mg
1841,Potassium,26.4,mg
1841,Zinc,0.3,mg
1842,Energy,280,cal
1842,Protein,1.4,g
1842,Carbohydrates,26,g
1842,Fiber,1.8,g
1842,Fat,22.4,g
1842,Cholesterol,0,mg
1842,Vitamin A,477.6,mcg
1842,Vitamin B1,0.2,mg
1842,Vitamin B2,0.2,mg
1842,Vitamin B3,0.3,mg
1842,Vitamin C,44.1,mg
1842,Folic Acid,15,mcg
1842,Calcium,38.1,mg
1842,Iron,0.6,mg
1842,Magnesium,0,mg
1842,Phosphorus,0,mg
1842,Sodium,482.1,mg
1842,Potassium,26.4,mg
1842,Zinc,0.3,mg
1843,Energy,280,cal
1843,Protein,1.4,g
1843,Carbohydrates,26,g
1843,Fiber,1.8,g
1843,Fat,22.4,g
1843,Cholesterol,0,mg
1843,Vitamin A,477.6,mcg
1843,Vitamin B1,0.2,mg
1843,Vitamin B2,0.2,mg
1843,Vitamin B3,0.3,mg
1843,Vitamin C,44.1,mg
1843,Folic Acid,15,mcg
1843,Calcium,38.1,mg
1843,Iron,0.6,mg
1843,Magnesium,0,mg
1843,Phosphorus,0,mg
1843,Sodium,482.1,mg
1843,Potassium,26.4,mg
1843,Zinc,0.3,mg
1844,Energy,60,cal
1844,Protein,4.4,g
1844,Carbohydrates,6.8,g
1844,Fiber,1.5,g
1844,Fat,1.7,g
1844,Cholesterol,0,mg
1844,Sodium,50,mg
1845,Energy,113,cal
1845,Protein,6.5,g
1845,Carbohydrates,16.7,g
1845,Fiber,3.1,g
1845,Fat,2.3,g
1845,Cholesterol,0,mg
1845,Sodium,8.1,mg
1846,Energy,113,cal
1846,Protein,6.5,g
1846,Carbohydrates,16.7,g
1846,Fiber,3.1,g
1846,Fat,2.3,g
1846,Cholesterol,0,mg
1846,Sodium,8.1,mg
1847,Energy,112,cal
1847,Protein,1.9,g
1847,Carbohydrates,10.5,g
1847,Fiber,0,g
1847,Fat,7,g
1847,Cholesterol,17.8,mg
1847,Sodium,65.1,mg
1848,Energy,112,cal
1848,Protein,1.9,g
1848,Carbohydrates,10.5,g
1848,Fiber,0,g
1848,Fat,7,g
1848,Cholesterol,17.8,mg
1848,Sodium,65.1,mg
1849,Energy,387,cal
1849,Protein,5.8,g
1849,Carbohydrates,67.3,g
1849,Fiber,3.5,g
1849,Fat,10.4,g
1849,Cholesterol,0,mg
1849,Vitamin A,90,mcg
1849,Vitamin B1,0.1,mg
1849,Vitamin B2,0.1,mg
1849,Vitamin B3,1.6,mg
1849,Vitamin C,0,mg
1849,Folic Acid,6.9,mcg
1849,Calcium,8.6,mg
1849,Iron,0.6,mg
1849,Magnesium,0,mg
1849,Phosphorus,0,mg
1849,Sodium,0,mg
1849,Potassium,0,mg
1849,Zinc,1.1,mg
1850,Energy,206,cal
1850,Protein,3.4,g
1850,Carbohydrates,39.1,g
1850,Fiber,2,g
1850,Fat,4,g
1850,Cholesterol,0,mg
1850,Vitamin A,33.8,mcg
1850,Vitamin B1,0,mg
1850,Vitamin B2,0,mg
1850,Vitamin B3,0.9,mg
1850,Vitamin C,0,mg
1850,Folic Acid,4,mcg
1850,Calcium,5,mg
1850,Iron,0.3,mg
1850,Magnesium,0,mg
1850,Phosphorus,0,mg
1850,Sodium,0,mg
1850,Potassium,0,mg
1850,Zinc,0.6,mg
1851,Energy,198,kcal
1851,Protein,3.9,gm
1851,Carbohydrates,44.8,gm
1851,Fat,0.3,gm
1851,Zinc,0.7,mg
1852,Energy,42,cal
1852,Protein,1.7,g
1852,Carbohydrates,8.3,g
1852,Fiber,0.6,g
1852,Fat,0.3,g
1852,Cholesterol,0,mg
1852,Sodium,3,mg
1853,Energy,93,cal
1853,Protein,3.1,g
1853,Carbohydrates,16.1,g
1853,Fiber,2.5,g
1853,Fat,1.8,g
1853,Cholesterol,0,mg
1853,Sodium,12,mg
1854,Energy,132,cal
1854,Protein,3,g
1854,Carbohydrates,16,g
1854,Fiber,2.5,g
1854,Fat,6.3,g
1854,Cholesterol,0,mg
1854,Sodium,10.5,mg
1855,Energy,761,cal
1855,Protein,8.2,g
1855,Carbohydrates,92.2,g
1855,Fiber,0.2,g
1855,Fat,44.5,g
1855,Cholesterol,0,mg
1855,Sodium,195.4,mg
1856,Energy,59,cal
1856,Protein,0.4,g
1856,Carbohydrates,13.9,g
1856,Fiber,2.2,g
1856,Fat,0.1,g
1856,Cholesterol,0,mg
1856,Sodium,7.9,mg
1857,Energy,40,cal
1857,Protein,3.7,g
1857,Carbohydrates,5.9,g
1857,Fiber,0.9,g
1857,Fat,0.1,g
1857,Cholesterol,0,mg
1857,Sodium,53.1,mg
1858,Energy,176,cal
1858,Protein,3,g
1858,Carbohydrates,39,g
1858,Fiber,1.4,g
1858,Fat,0.6,g
1858,Cholesterol,0,mg
1858,Sodium,1.1,mg
1859,Energy,176,cal
1859,Protein,3,g
1859,Carbohydrates,39,g
1859,Fiber,1.4,g
1859,Fat,0.6,g
1859,Cholesterol,0,mg
1859,Sodium,1.1,mg
1860,Energy,8,cal
1860,Protein,0,g
1860,Carbohydrates,2,g
1860,Fiber,0.1,g
1860,Fat,0,g
1860,Cholesterol,0,mg
1860,Sodium,0.3,mg
1861,Energy,29,cal
1861,Protein,0.3,g
1861,Carbohydrates,3.4,g
1861,Fiber,0.2,g
1861,Fat,1.6,g
1861,Cholesterol,0,mg
1861,Sodium,2.4,mg
1862,Energy,279,cal
1862,Protein,5.2,g
1862,Carbohydrates,33.1,g
1862,Fiber,1.8,g
1862,Fat,12.8,g
1862,Cholesterol,8,mg
1862,Sodium,13.8,mg
1863,Energy,279,cal
1863,Protein,5.2,g
1863,Carbohydrates,33.1,g
1863,Fiber,1.8,g
1863,Fat,12.8,g
1863,Cholesterol,8,mg
1863,Sodium,13.8,mg
1864,Energy,3,cal
1864,Protein,0.2,g
1864,Carbohydrates,0.4,g
1864,Fiber,0.1,g
1864,Fat,0,g
1864,Cholesterol,0,mg
1864,Sodium,2.2,mg
1865,Energy,2,cal
1865,Protein,0.1,g
1865,Carbohydrates,0.3,g
1865,Fiber,0.1,g
1865,Fat,0,g
1865,Cholesterol,0,mg
1865,Sodium,1.7,mg
1866,Energy,42,cal
1866,Protein,1,g
1866,Carbohydrates,3.6,g
1866,Fiber,0.5,g
1866,Fat,2.6,g
1866,Cholesterol,0,mg
1866,Sodium,2.3,mg
1867,Energy,138,cal
1867,Protein,3.3,g
1867,Carbohydrates,17.5,g
1867,Fiber,3.2,g
1867,Fat,6.4,g
1867,Cholesterol,0,mg
1867,Sodium,8.6,mg
1868,Energy,138,cal
1868,Protein,3.3,g
1868,Carbohydrates,17.5,g
1868,Fiber,3.2,g
1868,Fat,6.4,g
1868,Cholesterol,0,mg
1868,Sodium,8.6,mg
1869,Energy,138,cal
1869,Protein,3.3,g
1869,Carbohydrates,17.5,g
1869,Fiber,3.2,g
1869,Fat,6.4,g
1869,Cholesterol,0,mg
1869,Sodium,8.6,mg
1870,Energy,138,cal
1870,Protein,3.3,g
1870,Carbohydrates,17.5,g
1870,Fiber,3.2,g
1870,Fat,6.4,g
1870,Cholesterol,0,mg
1870,Sodium,8.6,mg
1871,Energy,138,cal
1871,Protein,3.3,g
1871,Carbohydrates,17.5,g
1871,Fiber,3.2,g
1871,Fat,6.4,g
1871,Cholesterol,0,mg
1871,Sodium,8.6,mg
1872,Energy,192,cal
1872,Protein,5.3,g
1872,Carbohydrates,15,g
1872,Fiber,1.8,g
1872,Fat,11.7,g
1872,Cholesterol,0,mg
1872,Vitamin A,427.8,mcg
1872,Vitamin B1,0.1,mg
1872,Vitamin B2,0.1,mg
1872,Vitamin B3,0.4,mg
1872,Vitamin C,23.5,mg
1872,Folic Acid,26.3,mcg
1872,Calcium,172.7,mg
1872,Iron,0.8,mg
1872,Magnesium,0,mg
1872,Phosphorus,0,mg
1872,Sodium,39.6,mg
1872,Potassium,184.9,mg
1872,Zinc,0.2,mg
1874,Energy,79,cal
1874,Protein,0.9,g
1874,Carbohydrates,7.8,g
1874,Fiber,0.7,g
1874,Fat,5.1,g
1874,Cholesterol,0,mg
1874,Vitamin A,80.3,mcg
1874,Vitamin B1,0.1,mg
1874,Vitamin B2,0,mg
1874,Vitamin B3,0.1,mg
1874,Vitamin C,10.9,mg
1874,Folic Acid,4,mcg
1874,Calcium,1.7,mg
1874,Iron,0.1,mg
1874,Magnesium,0,mg
1874,Phosphorus,0,mg
1874,Sodium,0.9,mg
1874,Potassium,29.3,mg
1874,Zinc,0.1,mg
1875,Energy,79,cal
1875,Protein,0.9,g
1875,Carbohydrates,7.8,g
1875,Fiber,0.7,g
1875,Fat,5.1,g
1875,Cholesterol,0,mg
1875,Vitamin A,80.3,mcg
1875,Vitamin B1,0.1,mg
1875,Vitamin B2,0,mg
1875,Vitamin B3,0.1,mg
1875,Vitamin C,10.9,mg
1875,Folic Acid,4,mcg
1875,Calcium,1.7,mg
1875,Iron,0.1,mg
1875,Magnesium,0,mg
1875,Phosphorus,0,mg
1875,Sodium,0.9,mg
1875,Potassium,29.3,mg
1875,Zinc,0.1,mg
1876,Energy,79,cal
1876,Protein,0.9,g
1876,Carbohydrates,7.8,g
1876,Fiber,0.7,g
1876,Fat,5.1,g
1876,Cholesterol,0,mg
1876,Vitamin A,80.3,mcg
1876,Vitamin B1,0.1,mg
1876,Vitamin B2,0,mg
1876,Vitamin B3,0.1,mg
1876,Vitamin C,10.9,mg
1876,Folic Acid,4,mcg
1876,Calcium,1.7,mg
1876,Iron,0.1,mg
1876,Magnesium,0,mg
1876,Phosphorus,0,mg
1876,Sodium,0.9,mg
1876,Potassium,29.3,mg
1876,Zinc,0.1,mg
1877,Energy,79,cal
1877,Protein,0.9,g
1877,Carbohydrates,7.8,g
1877,Fiber,0.7,g
1877,Fat,5.1,g
1877,Cholesterol,0,mg
1877,Vitamin A,80.3,mcg
1877,Vitamin B1,0.1,mg
1877,Vitamin B2,0,mg
1877,Vitamin B3,0.1,mg
1877,Vitamin C,10.9,mg
1877,Folic Acid,4,mcg
1877,Calcium,1.7,mg
1877,Iron,0.1,mg
1877,Magnesium,0,mg
1877,Phosphorus,0,mg
1877,Sodium,0.9,mg
1877,Potassium,29.3,mg
1877,Zinc,0.1,mg
1878,Energy,79,cal
1878,Protein,0.9,g
1878,Carbohydrates,7.8,g
1878,Fiber,0.7,g
1878,Fat,5.1,g
1878,Cholesterol,0,mg
1878,Vitamin A,80.3,mcg
1878,Vitamin B1,0.1,mg
1878,Vitamin B2,0,mg
1878,Vitamin B3,0.1,mg
1878,Vitamin C,10.9,mg
1878,Folic Acid,4,mcg
1878,Calcium,1.7,mg
1878,Iron,0.1,mg
1878,Magnesium,0,mg
1878,Phosphorus,0,mg
1878,Sodium,0.9,mg
1878,Potassium,29.3,mg
1878,Zinc,0.1,mg
1879,Energy,79,cal
1879,Protein,2.7,g
1879,Carbohydrates,9.3,g
1879,Fiber,0.4,g
1879,Fat,3.2,g
1879,Cholesterol,9,mg
1879,Sodium,44.8,mg
1880,Energy,79,cal
1880,Protein,2.7,g
1880,Carbohydrates,9.3,g
1880,Fiber,0.4,g
1880,Fat,3.2,g
1880,Cholesterol,9,mg
1880,Sodium,44.8,mg
1881,Energy,79,cal
1881,Protein,2.7,g
1881,Carbohydrates,9.3,g
1881,Fiber,0.4,g
1881,Fat,3.2,g
1881,Cholesterol,9,mg
1881,Sodium,44.8,mg
1882,Energy,169,cal
1882,Protein,5.7,g
1882,Carbohydrates,20.7,g
1882,Fiber,1.5,g
1882,Fat,7.2,g
1882,Cholesterol,0,mg
1882,Vitamin A,200.8,mcg
1882,Vitamin B1,0,mg
1882,Vitamin B2,0,mg
1882,Vitamin B3,0.8,mg
1882,Vitamin C,5.7,mg
1882,Folic Acid,27,mcg
1882,Calcium,149.8,mg
1882,Iron,1,mg
1882,Magnesium,0,mg
1882,Phosphorus,0,mg
1882,Sodium,23.4,mg
1882,Potassium,92.2,mg
1882,Zinc,0.2,mg
1883,Energy,169,cal
1883,Protein,5.7,g
1883,Carbohydrates,20.7,g
1883,Fiber,1.5,g
1883,Fat,7.2,g
1883,Cholesterol,0,mg
1883,Vitamin A,200.8,mcg
1883,Vitamin B1,0,mg
1883,Vitamin B2,0,mg
1883,Vitamin B3,0.8,mg
1883,Vitamin C,5.7,mg
1883,Folic Acid,27,mcg
1883,Calcium,149.8,mg
1883,Iron,1,mg
1883,Magnesium,0,mg
1883,Phosphorus,0,mg
1883,Sodium,23.4,mg
1883,Potassium,92.2,mg
1883,Zinc,0.2,mg
1884,Energy,169,cal
1884,Protein,5.7,g
1884,Carbohydrates,20.7,g
1884,Fiber,1.5,g
1884,Fat,7.2,g
1884,Cholesterol,0,mg
1884,Vitamin A,200.8,mcg
1884,Vitamin B1,0,mg
1884,Vitamin B2,0,mg
1884,Vitamin B3,0.8,mg
1884,Vitamin C,5.7,mg
1884,Folic Acid,27,mcg
1884,Calcium,149.8,mg
1884,Iron,1,mg
1884,Magnesium,0,mg
1884,Phosphorus,0,mg
1884,Sodium,23.4,mg
1884,Potassium,92.2,mg
1884,Zinc,0.2,mg
1886,Energy,121,cal
1886,Protein,2.8,g
1886,Carbohydrates,19,g
1886,Fiber,1.3,g
1886,Fat,4.2,g
1886,Cholesterol,0,mg
1886,Vitamin A,51.3,mcg
1886,Vitamin B1,0.2,mg
1886,Vitamin B2,0.1,mg
1886,Vitamin B3,1.4,mg
1886,Vitamin C,3.6,mg
1886,Folic Acid,22.3,mcg
1886,Calcium,19.7,mg
1886,Iron,1,mg
1886,Magnesium,0,mg
1886,Phosphorus,0,mg
1886,Sodium,3.5,mg
1886,Potassium,97,mg
1886,Zinc,0.4,mg
1887,Energy,180,cal
1887,Protein,7.3,g
1887,Carbohydrates,12.5,g
1887,Fiber,1.2,g
1887,Fat,11,g
1887,Cholesterol,0,mg
1887,Vitamin A,173.8,mcg
1887,Vitamin B1,0.1,mg
1887,Vitamin B2,0.1,mg
1887,Vitamin B3,0.6,mg
1887,Vitamin C,7,mg
1887,Folic Acid,21.3,mcg
1887,Calcium,224.3,mg
1887,Iron,1,mg
1887,Magnesium,0,mg
1887,Phosphorus,0,mg
1887,Sodium,7.6,mg
1887,Potassium,87,mg
1887,Zinc,0.2,mg
1888,Energy,361,cal
1888,Protein,12.3,g
1888,Carbohydrates,25.8,g
1888,Fiber,1.9,g
1888,Fat,24.2,g
1888,Cholesterol,0,mg
1888,Sodium,6.7,mg
1889,Energy,219,cal
1889,Protein,7.4,g
1889,Carbohydrates,23.9,g
1889,Fiber,3.3,g
1889,Fat,10.8,g
1889,Cholesterol,0,mg
1889,Vitamin A,400.2,mcg
1889,Vitamin B1,0.1,mg
1889,Vitamin B2,0.1,mg
1889,Vitamin B3,0.3,mg
1889,Vitamin C,6.1,mg
1889,Folic Acid,13.8,mcg
1889,Calcium,105.7,mg
1889,Iron,0.8,mg
1889,Magnesium,0,mg
1889,Phosphorus,0,mg
1889,Sodium,214.7,mg
1889,Potassium,158.6,mg
1889,Zinc,0.3,mg
1890,Amt,130,gm
1890,Energy,204,kcal
1890,Protein,8.8,gm
1890,Cho,20.3,gm
1890,Fat,9.8,gm
1890,Vit-A,253,0.6
1890,Vit-C,8,mg
1890,Calcium,166.6,mg
1890,Iron,1.2,mg
1890,F.Acid,3.9,mcg
1890,Fibre,1.8,gm
1891,Amt,130,gm
1891,Energy,204,kcal
1891,Protein,8.8,gm
1891,Cho,20.3,gm
1891,Fat,9.8,gm
1891,Vit-A,253,0.6
1891,Vit-C,8,mg
1891,Calcium,166.6,mg
1891,Iron,1.2,mg
1891,F.Acid,3.9,mcg
1891,Fibre,1.8,gm
1892,Energy,69,cal
1892,Protein,1.9,g
1892,Carbohydrates,15.6,g
1892,Fiber,1,g
1892,Fat,0.2,g
1892,Cholesterol,0,mg
1892,Vitamin A,10.5,mcg
1892,Vitamin B1,0.1,mg
1892,Vitamin B2,0,mg
1892,Vitamin B3,0.7,mg
1892,Vitamin C,6.2,mg
1892,Folic Acid,11.2,mcg
1892,Calcium,13.1,mg
1892,Iron,0.6,mg
1892,Magnesium,0,mg
1892,Phosphorus,0,mg
1892,Sodium,5.5,mg
1892,Potassium,125.5,mg
1892,Zinc,0.4,mg
1893,Energy,69,cal
1893,Protein,1.9,g
1893,Carbohydrates,15.6,g
1893,Fiber,1,g
1893,Fat,0.2,g
1893,Cholesterol,0,mg
1893,Vitamin A,10.5,mcg
1893,Vitamin B1,0.1,mg
1893,Vitamin B2,0,mg
1893,Vitamin B3,0.7,mg
1893,Vitamin C,6.2,mg
1893,Folic Acid,11.2,mcg
1893,Calcium,13.1,mg
1893,Iron,0.6,mg
1893,Magnesium,0,mg
1893,Phosphorus,0,mg
1893,Sodium,5.5,mg
1893,Potassium,125.5,mg
1893,Zinc,0.4,mg
1895,Energy,129,cal
1895,Protein,2.6,g
1895,Carbohydrates,16.8,g
1895,Fiber,1.3,g
1895,Fat,6.1,g
1895,Cholesterol,0,mg
1895,Vitamin A,218.6,mcg
1895,Vitamin B1,0.1,mg
1895,Vitamin B2,0,mg
1895,Vitamin B3,0.7,mg
1895,Vitamin C,10.5,mg
1895,Folic Acid,12.9,mcg
1895,Calcium,48.5,mg
1895,Iron,0.5,mg
1895,Magnesium,0,mg
1895,Phosphorus,0,mg
1895,Sodium,56.4,mg
1895,Potassium,166.9,mg
1895,Zinc,0.4,mg
1896,Energy,86,cal
1896,Protein,1.4,g
1896,Carbohydrates,8.2,g
1896,Fiber,0.8,g
1896,Fat,5.6,g
1896,Cholesterol,0,mg
1896,Vitamin A,109.3,mcg
1896,Vitamin B1,0,mg
1896,Vitamin B2,0,mg
1896,Vitamin B3,0.2,mg
1896,Vitamin C,5.4,mg
1896,Folic Acid,6.7,mcg
1896,Calcium,21.1,mg
1896,Iron,0.2,mg
1896,Magnesium,0,mg
1896,Phosphorus,0,mg
1896,Sodium,3.2,mg
1896,Potassium,77.2,mg
1896,Zinc,0.2,mg
1897,Energy,27,cal
1897,Protein,0.8,g
1897,Carbohydrates,4.3,g
1897,Fiber,0.1,g
1897,Fat,0.7,g
1897,Cholesterol,0.7,mg
1897,Sodium,1.9,mg
1898,Energy,92,cal
1898,Protein,1.5,g
1898,Carbohydrates,7.9,g
1898,Fiber,0.4,g
1898,Fat,6,g
1898,Cholesterol,0,mg
1898,Vitamin A,167.3,mcg
1898,Vitamin B1,0,mg
1898,Vitamin B2,0,mg
1898,Vitamin B3,0.1,mg
1898,Vitamin C,0.9,mg
1898,Folic Acid,3.8,mcg
1898,Calcium,25.5,mg
1898,Iron,0.2,mg
1898,Magnesium,0,mg
1898,Phosphorus,0,mg
1898,Sodium,29.7,mg
1898,Potassium,35.3,mg
1898,Zinc,0.1,mg
1899,Energy,168,cal
1899,Protein,3.4,g
1899,Carbohydrates,19.4,g
1899,Fiber,0.6,g
1899,Fat,8.4,g
1899,Cholesterol,0,mg
1899,Vitamin A,152,mcg
1899,Vitamin B1,0,mg
1899,Vitamin B2,0,mg
1899,Vitamin B3,0.4,mg
1899,Vitamin C,0.7,mg
1899,Folic Acid,5,mcg
1899,Calcium,42.4,mg
1899,Iron,0.5,mg
1899,Magnesium,0,mg
1899,Phosphorus,0,mg
1899,Sodium,23.5,mg
1899,Potassium,58.2,mg
1899,Zinc,0.2,mg
1900,Energy,168,cal
1900,Protein,3.4,g
1900,Carbohydrates,19.4,g
1900,Fiber,0.6,g
1900,Fat,8.4,g
1900,Cholesterol,0,mg
1900,Vitamin A,152,mcg
1900,Vitamin B1,0,mg
1900,Vitamin B2,0,mg
1900,Vitamin B3,0.4,mg
1900,Vitamin C,0.7,mg
1900,Folic Acid,5,mcg
1900,Calcium,42.4,mg
1900,Iron,0.5,mg
1900,Magnesium,0,mg
1900,Phosphorus,0,mg
1900,Sodium,23.5,mg
1900,Potassium,58.2,mg
1900,Zinc,0.2,mg
1901,Energy,168,cal
1901,Protein,3.4,g
1901,Carbohydrates,19.4,g
1901,Fiber,0.6,g
1901,Fat,8.4,g
1901,Cholesterol,0,mg
1901,Vitamin A,152,mcg
1901,Vitamin B1,0,mg
1901,Vitamin B2,0,mg
1901,Vitamin B3,0.4,mg
1901,Vitamin C,0.7,mg
1901,Folic Acid,5,mcg
1901,Calcium,42.4,mg
1901,Iron,0.5,mg
1901,Magnesium,0,mg
1901,Phosphorus,0,mg
1901,Sodium,23.5,mg
1901,Potassium,58.2,mg
1901,Zinc,0.2,mg
1902,Energy,168,cal
1902,Protein,3.4,g
1902,Carbohydrates,19.4,g
1902,Fiber,0.6,g
1902,Fat,8.4,g
1902,Cholesterol,0,mg
1902,Vitamin A,152,mcg
1902,Vitamin B1,0,mg
1902,Vitamin B2,0,mg
1902,Vitamin B3,0.4,mg
1902,Vitamin C,0.7,mg
1902,Folic Acid,5,mcg
1902,Calcium,42.4,mg
1902,Iron,0.5,mg
1902,Magnesium,0,mg
1902,Phosphorus,0,mg
1902,Sodium,23.5,mg
1902,Potassium,58.2,mg
1902,Zinc,0.2,mg
1907,Energy,94,cal
1907,Protein,1.3,g
1907,Carbohydrates,12.2,g
1907,Fiber,1.5,g
1907,Fat,4.6,g
1907,Cholesterol,0,mg
1907,Sodium,6.1,mg
1908,Energy,94,cal
1908,Protein,1.3,g
1908,Carbohydrates,12.2,g
1908,Fiber,1.5,g
1908,Fat,4.6,g
1908,Cholesterol,0,mg
1908,Sodium,6.1,mg
1910,Energy,318,cal
1910,Protein,8.6,g
1910,Carbohydrates,26.4,g
1910,Fiber,1.6,g
1910,Fat,17.7,g
1910,Cholesterol,0,mg
1910,Vitamin A,578,mcg
1910,Vitamin B1,0.1,mg
1910,Vitamin B2,0.2,mg
1910,Vitamin B3,0.4,mg
1910,Vitamin C,3.3,mg
1910,Folic Acid,22.7,mcg
1910,Calcium,283.2,mg
1910,Iron,0.7,mg
1910,Magnesium,0,mg
1910,Phosphorus,0,mg
1910,Sodium,120.4,mg
1910,Potassium,234.2,mg
1910,Zinc,0.3,mg
1911,Energy,143,cal
1911,Protein,3.6,g
1911,Carbohydrates,25.6,g
1911,Fiber,2.5,g
1911,Fat,3.9,g
1911,Cholesterol,0,mg
1911,Sodium,7.9,mg
1912,Energy,94,kcal
1912,Protein,2.8,gm
1912,Carbohydrates,16,gm
1912,Fat,3,gm
1912,Vitamin C,30.3,mg
1912,Fibre,1.5,gm
1912,Iron,0.8,gm
1913,Energy,94,kcal
1913,Protein,2.8,gm
1913,Carbohydrates,16,gm
1913,Fat,3,gm
1913,Vitamin C,30.3,mg
1913,Fibre,1.5,gm
1913,Iron,0.8,gm
1914,Energy,101,cal
1914,Protein,3,g
1914,Carbohydrates,14.6,g
1914,Fiber,3,g
1914,Fat,3.6,g
1914,Cholesterol,0,mg
1914,Vitamin A,471.2,mcg
1914,Vitamin B1,0.4,mg
1914,Vitamin B2,0.1,mg
1914,Vitamin B3,0.4,mg
1914,Vitamin C,88.6,mg
1914,Folic Acid,27.4,mcg
1914,Calcium,68.4,mg
1914,Iron,0.9,mg
1914,Magnesium,0,mg
1914,Phosphorus,0,mg
1914,Sodium,12.4,mg
1914,Potassium,170.1,mg
1914,Zinc,0.2,mg
1915,Energy,388,cal
1915,Protein,11.3,g
1915,Carbohydrates,16.3,g
1915,Fiber,1.3,g
1915,Fat,31.6,g
1915,Cholesterol,0,mg
1915,Vitamin A,509.3,mcg
1915,Vitamin B1,-0.6,mg
1915,Vitamin B2,-0.7,mg
1915,Vitamin B3,-0.7,mg
1915,Vitamin C,15.8,mg
1915,Folic Acid,10.1,mcg
1915,Calcium,349.4,mg
1915,Iron,0.2,mg
1915,Magnesium,0,mg
1915,Phosphorus,0,mg
1915,Sodium,3,mg
1915,Potassium,71.6,mg
1915,Zinc,0.2,mg
1916,Energy,388,cal
1916,Protein,11.3,g
1916,Carbohydrates,16.3,g
1916,Fiber,1.3,g
1916,Fat,31.6,g
1916,Cholesterol,0,mg
1916,Vitamin A,509.3,mcg
1916,Vitamin B1,-0.6,mg
1916,Vitamin B2,-0.7,mg
1916,Vitamin B3,-0.7,mg
1916,Vitamin C,15.8,mg
1916,Folic Acid,10.1,mcg
1916,Calcium,349.4,mg
1916,Iron,0.2,mg
1916,Magnesium,0,mg
1916,Phosphorus,0,mg
1916,Sodium,3,mg
1916,Potassium,71.6,mg
1916,Zinc,0.2,mg
1917,Energy,388,cal
1917,Protein,11.3,g
1917,Carbohydrates,16.3,g
1917,Fiber,1.3,g
1917,Fat,31.6,g
1917,Cholesterol,0,mg
1917,Vitamin A,509.3,mcg
1917,Vitamin B1,-0.6,mg
1917,Vitamin B2,-0.7,mg
1917,Vitamin B3,-0.7,mg
1917,Vitamin C,15.8,mg
1917,Folic Acid,10.1,mcg
1917,Calcium,349.4,mg
1917,Iron,0.2,mg
1917,Magnesium,0,mg
1917,Phosphorus,0,mg
1917,Sodium,3,mg
1917,Potassium,71.6,mg
1917,Zinc,0.2,mg
1918,Energy,388,cal
1918,Protein,11.3,g
1918,Carbohydrates,16.3,g
1918,Fiber,1.3,g
1918,Fat,31.6,g
1918,Cholesterol,0,mg
1918,Vitamin A,509.3,mcg
1918,Vitamin B1,-0.6,mg
1918,Vitamin B2,-0.7,mg
1918,Vitamin B3,-0.7,mg
1918,Vitamin C,15.8,mg
1918,Folic Acid,10.1,mcg
1918,Calcium,349.4,mg
1918,Iron,0.2,mg
1918,Magnesium,0,mg
1918,Phosphorus,0,mg
1918,Sodium,3,mg
1918,Potassium,71.6,mg
1918,Zinc,0.2,mg
1919,Energy,257,cal
1919,Protein,3.9,g
1919,Carbohydrates,33.2,g
1919,Fiber,1.8,g
1919,Fat,12.4,g
1919,Cholesterol,0,mg
1919,Vitamin A,121.5,mcg
1919,Vitamin B1,0.1,mg
1919,Vitamin B2,0,mg
1919,Vitamin B3,0.9,mg
1919,Vitamin C,0,mg
1919,Folic Acid,5.9,mcg
1919,Calcium,6.4,mg
1919,Iron,1.1,mg
1919,Magnesium,0,mg
1919,Phosphorus,0,mg
1919,Sodium,3.1,mg
1919,Potassium,100.7,mg
1919,Zinc,0.5,mg
1920,Energy,257,cal
1920,Protein,3.9,g
1920,Carbohydrates,33.2,g
1920,Fiber,1.8,g
1920,Fat,12.4,g
1920,Cholesterol,0,mg
1920,Vitamin A,121.5,mcg
1920,Vitamin B1,0.1,mg
1920,Vitamin B2,0,mg
1920,Vitamin B3,0.9,mg
1920,Vitamin C,0,mg
1920,Folic Acid,5.9,mcg
1920,Calcium,6.4,mg
1920,Iron,1.1,mg
1920,Magnesium,0,mg
1920,Phosphorus,0,mg
1920,Sodium,3.1,mg
1920,Potassium,100.7,mg
1920,Zinc,0.5,mg
1921,Energy,257,cal
1921,Protein,3.9,g
1921,Carbohydrates,33.2,g
1921,Fiber,1.8,g
1921,Fat,12.4,g
1921,Cholesterol,0,mg
1921,Vitamin A,121.5,mcg
1921,Vitamin B1,0.1,mg
1921,Vitamin B2,0,mg
1921,Vitamin B3,0.9,mg
1921,Vitamin C,0,mg
1921,Folic Acid,5.9,mcg
1921,Calcium,6.4,mg
1921,Iron,1.1,mg
1921,Magnesium,0,mg
1921,Phosphorus,0,mg
1921,Sodium,3.1,mg
1921,Potassium,100.7,mg
1921,Zinc,0.5,mg
1922,Energy,152,cal
1922,Protein,4,g
1922,Carbohydrates,21,g
1922,Fiber,2.2,g
1922,Fat,5.8,g
1922,Cholesterol,0,mg
1922,Vitamin A,230.7,mcg
1922,Vitamin B1,0.2,mg
1922,Vitamin B2,0.2,mg
1922,Vitamin B3,1.1,mg
1922,Vitamin C,3.4,mg
1922,Folic Acid,36,mcg
1922,Calcium,108.9,mg
1922,Iron,1.4,mg
1922,Magnesium,0,mg
1922,Phosphorus,0,mg
1922,Sodium,42.7,mg
1922,Potassium,143.8,mg
1922,Zinc,0.4,mg
1923,Energy,225,cal
1923,Protein,4.2,g
1923,Carbohydrates,30.2,g
1923,Fiber,2.3,g
1923,Fat,10.6,g
1923,Cholesterol,0,mg
1923,Vitamin A,102.1,mcg
1923,Vitamin B1,0.2,mg
1923,Vitamin B2,0.1,mg
1923,Vitamin B3,1.5,mg
1923,Vitamin C,1.5,mg
1923,Folic Acid,37.6,mcg
1923,Calcium,20.4,mg
1923,Iron,1.4,mg
1923,Magnesium,0,mg
1923,Phosphorus,0,mg
1923,Sodium,4.6,mg
1923,Potassium,129,mg
1923,Zinc,0.5,mg
1924,Energy,110,cal
1924,Protein,2.9,g
1924,Carbohydrates,16.5,g
1924,Fiber,0.6,g
1924,Fat,3.3,g
1924,Cholesterol,0,mg
1924,Vitamin A,107,mcg
1924,Vitamin B1,0,mg
1924,Vitamin B2,0,mg
1924,Vitamin B3,0.4,mg
1924,Vitamin C,0.7,mg
1924,Folic Acid,5,mcg
1924,Calcium,41.8,mg
1924,Iron,0.5,mg
1924,Magnesium,0,mg
1924,Phosphorus,0,mg
1924,Sodium,23.5,mg
1924,Potassium,58.2,mg
1924,Zinc,0.2,mg
1925,Energy,294,cal
1925,Protein,3.9,g
1925,Carbohydrates,19.9,g
1925,Fiber,7.3,g
1925,Fat,22.8,g
1925,Cholesterol,0,mg
1925,Vitamin A,105.1,mcg
1925,Vitamin B1,0.1,mg
1925,Vitamin B2,0.1,mg
1925,Vitamin B3,0.6,mg
1925,Vitamin C,9.4,mg
1925,Folic Acid,21.9,mcg
1925,Calcium,28.1,mg
1925,Iron,1.2,mg
1925,Magnesium,0,mg
1925,Phosphorus,0,mg
1925,Sodium,5.7,mg
1925,Potassium,132.5,mg
1925,Zinc,0.3,mg
1926,Energy,150,cal
1926,Protein,2.4,g
1926,Carbohydrates,14.4,g
1926,Fiber,2.5,g
1926,Fat,10,g
1926,Cholesterol,0,mg
1926,Vitamin A,733.1,mcg
1926,Vitamin B1,0.1,mg
1926,Vitamin B2,0.1,mg
1926,Vitamin B3,0.3,mg
1926,Vitamin C,15.8,mg
1926,Folic Acid,15.2,mcg
1926,Calcium,24.7,mg
1926,Iron,0.5,mg
1926,Magnesium,0,mg
1926,Phosphorus,0,mg
1926,Sodium,8.5,mg
1926,Potassium,117.2,mg
1926,Zinc,0.3,mg
1927,Energy,150,cal
1927,Protein,2.4,g
1927,Carbohydrates,14.4,g
1927,Fiber,2.5,g
1927,Fat,10,g
1927,Cholesterol,0,mg
1927,Vitamin A,733.1,mcg
1927,Vitamin B1,0.1,mg
1927,Vitamin B2,0.1,mg
1927,Vitamin B3,0.3,mg
1927,Vitamin C,15.8,mg
1927,Folic Acid,15.2,mcg
1927,Calcium,24.7,mg
1927,Iron,0.5,mg
1927,Magnesium,0,mg
1927,Phosphorus,0,mg
1927,Sodium,8.5,mg
1927,Potassium,117.2,mg
1927,Zinc,0.3,mg
1928,Energy,230,cal
1928,Protein,9.6,g
1928,Carbohydrates,29.7,g
1928,Fiber,2.7,g
1928,Fat,8,g
1928,Cholesterol,24,mg
1928,Sodium,183.9,mg
1929,Energy,146,cal
1929,Protein,5,g
1929,Carbohydrates,19,g
1929,Fiber,3.7,g
1929,Fat,6.1,g
1929,Cholesterol,0,mg
1929,Sodium,16.4,mg
1930,Energy,146,cal
1930,Protein,5,g
1930,Carbohydrates,19,g
1930,Fiber,3.7,g
1930,Fat,6.1,g
1930,Cholesterol,0,mg
1930,Sodium,16.4,mg
1931,Energy,146,cal
1931,Protein,5,g
1931,Carbohydrates,19,g
1931,Fiber,3.7,g
1931,Fat,6.1,g
1931,Cholesterol,0,mg
1931,Sodium,16.4,mg
1932,Energy,146,cal
1932,Protein,5,g
1932,Carbohydrates,19,g
1932,Fiber,3.7,g
1932,Fat,6.1,g
1932,Cholesterol,0,mg
1932,Sodium,16.4,mg
1933,Energy,146,cal
1933,Protein,5,g
1933,Carbohydrates,19,g
1933,Fiber,3.7,g
1933,Fat,6.1,g
1933,Cholesterol,0,mg
1933,Sodium,16.4,mg
1934,Energy,258,cal
1934,Protein,3.1,g
1934,Carbohydrates,23.9,g
1934,Fiber,2.7,g
1934,Fat,17.6,g
1934,Cholesterol,0,mg
1934,Sodium,6.6,mg
1935,Energy,258,cal
1935,Protein,3.1,g
1935,Carbohydrates,23.9,g
1935,Fiber,2.7,g
1935,Fat,17.6,g
1935,Cholesterol,0,mg
1935,Sodium,6.6,mg
1936,Energy,176,cal
1936,Protein,5.5,g
1936,Carbohydrates,22.8,g
1936,Fiber,2.5,g
1936,Fat,6.7,g
1936,Cholesterol,8,mg
1936,Sodium,20.1,mg
1937,Energy,360,cal
1937,Protein,8.1,g
1937,Carbohydrates,26.9,g
1937,Fiber,4.9,g
1937,Fat,23.2,g
1937,Cholesterol,16,mg
1937,Sodium,29.5,mg
1938,Energy,291,cal
1938,Protein,7.9,g
1938,Carbohydrates,39.9,g
1938,Fiber,5.1,g
1938,Fat,12.3,g
1938,Cholesterol,8,mg
1938,Sodium,21.3,mg
1939,Energy,291,cal
1939,Protein,7.9,g
1939,Carbohydrates,39.9,g
1939,Fiber,5.1,g
1939,Fat,12.3,g
1939,Cholesterol,8,mg
1939,Sodium,21.3,mg
1940,Energy,291,cal
1940,Protein,7.9,g
1940,Carbohydrates,39.9,g
1940,Fiber,5.1,g
1940,Fat,12.3,g
1940,Cholesterol,8,mg
1940,Sodium,21.3,mg
1941,Energy,226,cal
1941,Protein,3.8,g
1941,Carbohydrates,38.6,g
1941,Fiber,2.7,g
1941,Fat,6.5,g
1941,Cholesterol,0,mg
1941,Vitamin A,255.4,mcg
1941,Vitamin B1,0,mg
1941,Vitamin B2,0.1,mg
1941,Vitamin B3,0.9,mg
1941,Vitamin C,4.1,mg
1941,Calcium,29,mg
1941,Iron,0.5,mg
1941,Folic Acid,7.7,mcg
1941,Sodium,30,mg
1941,Potassium,37.8,mg
1941,Zinc,0.7,mg
1942,Energy,223,cal
1942,Protein,4.3,g
1942,Carbohydrates,44.4,g
1942,Fiber,3,g
1942,Fat,3.3,g
1942,Cholesterol,0,mg
1942,Vitamin A,160.3,mcg
1942,Vitamin B1,0,mg
1942,Vitamin B2,0.1,mg
1942,Vitamin B3,1.1,mg
1942,Vitamin C,4,mg
1942,Folic Acid,7.5,mcg
1942,Calcium,30.5,mg
1942,Iron,0.6,mg
1942,Magnesium,0,mg
1942,Phosphorus,0,mg
1942,Sodium,5.2,mg
1942,Potassium,30.1,mg
1942,Zinc,0.8,mg
1943,Energy,223,cal
1943,Protein,4.3,g
1943,Carbohydrates,44.4,g
1943,Fiber,3,g
1943,Fat,3.3,g
1943,Cholesterol,0,mg
1943,Vitamin A,160.3,mcg
1943,Vitamin B1,0,mg
1943,Vitamin B2,0.1,mg
1943,Vitamin B3,1.1,mg
1943,Vitamin C,4,mg
1943,Folic Acid,7.5,mcg
1943,Calcium,30.5,mg
1943,Iron,0.6,mg
1943,Magnesium,0,mg
1943,Phosphorus,0,mg
1943,Sodium,5.2,mg
1943,Potassium,30.1,mg
1943,Zinc,0.8,mg
1945,Energy,151,cal
1945,Protein,4.4,g
1945,Carbohydrates,30.6,g
1945,Fiber,3.1,g
1945,Fat,3.3,g
1945,Cholesterol,0,mg
1945,Vitamin A,150.3,mcg
1945,Vitamin B1,0.1,mg
1945,Vitamin B2,0.1,mg
1945,Vitamin B3,0.2,mg
1945,Vitamin C,4,mg
1945,Folic Acid,30.4,mcg
1945,Calcium,3.6,mg
1945,Iron,0.5,mg
1945,Magnesium,0,mg
1945,Phosphorus,0,mg
1945,Sodium,40.3,mg
1945,Potassium,208,mg
1945,Zinc,0.5,mg
1946,Energy,12,cal
1946,Protein,0.4,g
1946,Carbohydrates,3,g
1946,Fiber,0.3,g
1946,Fat,0,g
1946,Cholesterol,0,mg
1946,Vitamin A,15.6,mcg
1946,Vitamin B1,0,mg
1946,Vitamin B2,0,mg
1946,Vitamin B3,0,mg
1946,Vitamin C,0.6,mg
1946,Folic Acid,2.5,mcg
1946,Calcium,0.7,mg
1946,Iron,0,mg
1946,Magnesium,0,mg
1946,Phosphorus,0,mg
1946,Sodium,0.7,mg
1946,Potassium,17,mg
1946,Zinc,0.1,mg
1947,Energy,12,cal
1947,Protein,0.4,g
1947,Carbohydrates,3,g
1947,Fiber,0.3,g
1947,Fat,0,g
1947,Cholesterol,0,mg
1947,Vitamin A,15.6,mcg
1947,Vitamin B1,0,mg
1947,Vitamin B2,0,mg
1947,Vitamin B3,0,mg
1947,Vitamin C,0.6,mg
1947,Folic Acid,2.5,mcg
1947,Calcium,0.7,mg
1947,Iron,0,mg
1947,Magnesium,0,mg
1947,Phosphorus,0,mg
1947,Sodium,0.7,mg
1947,Potassium,17,mg
1947,Zinc,0.1,mg
1948,Energy,12,cal
1948,Protein,0.4,g
1948,Carbohydrates,3,g
1948,Fiber,0.3,g
1948,Fat,0,g
1948,Cholesterol,0,mg
1948,Vitamin A,15.6,mcg
1948,Vitamin B1,0,mg
1948,Vitamin B2,0,mg
1948,Vitamin B3,0,mg
1948,Vitamin C,0.6,mg
1948,Folic Acid,2.5,mcg
1948,Calcium,0.7,mg
1948,Iron,0,mg
1948,Magnesium,0,mg
1948,Phosphorus,0,mg
1948,Sodium,0.7,mg
1948,Potassium,17,mg
1948,Zinc,0.1,mg
1949,Energy,12,cal
1949,Protein,0.4,g
1949,Carbohydrates,3,g
1949,Fiber,0.3,g
1949,Fat,0,g
1949,Cholesterol,0,mg
1949,Vitamin A,15.6,mcg
1949,Vitamin B1,0,mg
1949,Vitamin B2,0,mg
1949,Vitamin B3,0,mg
1949,Vitamin C,0.6,mg
1949,Folic Acid,2.5,mcg
1949,Calcium,0.7,mg
1949,Iron,0,mg
1949,Magnesium,0,mg
1949,Phosphorus,0,mg
1949,Sodium,0.7,mg
1949,Potassium,17,mg
1949,Zinc,0.1,mg
1950,Energy,31,cal
1950,Protein,1.2,g
1950,Carbohydrates,6.2,g
1950,Fiber,0.4,g
1950,Fat,0.4,g
1950,Cholesterol,0,mg
1950,Sodium,7.7,mg
1951,Energy,31,cal
1951,Protein,1.2,g
1951,Carbohydrates,6.2,g
1951,Fiber,0.4,g
1951,Fat,0.4,g
1951,Cholesterol,0,mg
1951,Sodium,7.7,mg
1952,Energy,31,cal
1952,Protein,1.2,g
1952,Carbohydrates,6.2,g
1952,Fiber,0.4,g
1952,Fat,0.4,g
1952,Cholesterol,0,mg
1952,Sodium,7.7,mg
1954,Energy,119,cal
1954,Protein,2.8,g
1954,Carbohydrates,16.9,g
1954,Fiber,1.7,g
1954,Fat,5.3,g
1954,Cholesterol,8.7,mg
1954,Sodium,33.7,mg
1955,Energy,78,cal
1955,Protein,1.7,g
1955,Carbohydrates,12.6,g
1955,Fiber,0.8,g
1955,Fat,2.4,g
1955,Cholesterol,0.5,mg
1955,Sodium,5.1,mg
1956,Energy,78,cal
1956,Protein,1.7,g
1956,Carbohydrates,12.6,g
1956,Fiber,0.8,g
1956,Fat,2.4,g
1956,Cholesterol,0.5,mg
1956,Sodium,5.1,mg
1957,Energy,78,cal
1957,Protein,1.7,g
1957,Carbohydrates,12.6,g
1957,Fiber,0.8,g
1957,Fat,2.4,g
1957,Cholesterol,0.5,mg
1957,Sodium,5.1,mg
1962,Energy,119,kcal
1962,Protein,3.6,gm
1962,Carbohydrates,19,gm
1962,Fat,3.2,gm
1962,Fibre,2,gm
1962,Folic Acid,12.4,mcg
1963,Energy,22,cal
1963,Protein,0.3,g
1963,Carbohydrates,2.5,g
1963,Fiber,0.3,g
1963,Fat,1.3,g
1963,Cholesterol,0,mg
1963,Vitamin A,27.5,mcg
1963,Vitamin B1,0,mg
1963,Vitamin B2,0,mg
1963,Vitamin B3,0.2,mg
1963,Vitamin C,1.1,mg
1963,Folic Acid,4.3,mcg
1963,Calcium,2.7,mg
1963,Iron,0.1,mg
1963,Magnesium,0,mg
1963,Phosphorus,0,mg
1963,Sodium,4.8,mg
1963,Potassium,20.2,mg
1963,Zinc,0.1,mg
1964,Energy,78,cal
1964,Protein,1,g
1964,Carbohydrates,10.1,g
1964,Fiber,1,g
1964,Fat,3.9,g
1964,Cholesterol,0,mg
1964,Vitamin A,85,mcg
1964,Vitamin B1,0.1,mg
1964,Vitamin B2,0,mg
1964,Vitamin B3,0.7,mg
1964,Vitamin C,5.3,mg
1964,Folic Acid,14.9,mcg
1964,Calcium,9.3,mg
1964,Iron,0.5,mg
1964,Magnesium,0,mg
1964,Phosphorus,0,mg
1964,Sodium,15.7,mg
1964,Potassium,87.7,mg
1964,Zinc,0.2,mg
1965,Energy,78,cal
1965,Protein,1,g
1965,Carbohydrates,10.1,g
1965,Fiber,1,g
1965,Fat,3.9,g
1965,Cholesterol,0,mg
1965,Vitamin A,85,mcg
1965,Vitamin B1,0.1,mg
1965,Vitamin B2,0,mg
1965,Vitamin B3,0.7,mg
1965,Vitamin C,5.3,mg
1965,Folic Acid,14.9,mcg
1965,Calcium,9.3,mg
1965,Iron,0.5,mg
1965,Magnesium,0,mg
1965,Phosphorus,0,mg
1965,Sodium,15.7,mg
1965,Potassium,87.7,mg
1965,Zinc,0.2,mg
1966,Energy,78,cal
1966,Protein,1,g
1966,Carbohydrates,10.1,g
1966,Fiber,1,g
1966,Fat,3.9,g
1966,Cholesterol,0,mg
1966,Vitamin A,85,mcg
1966,Vitamin B1,0.1,mg
1966,Vitamin B2,0,mg
1966,Vitamin B3,0.7,mg
1966,Vitamin C,5.3,mg
1966,Folic Acid,14.9,mcg
1966,Calcium,9.3,mg
1966,Iron,0.5,mg
1966,Magnesium,0,mg
1966,Phosphorus,0,mg
1966,Sodium,15.7,mg
1966,Potassium,87.7,mg
1966,Zinc,0.2,mg
1967,Energy,78,cal
1967,Protein,1,g
1967,Carbohydrates,10.1,g
1967,Fiber,1,g
1967,Fat,3.9,g
1967,Cholesterol,0,mg
1967,Vitamin A,85,mcg
1967,Vitamin B1,0.1,mg
1967,Vitamin B2,0,mg
1967,Vitamin B3,0.7,mg
1967,Vitamin C,5.3,mg
1967,Folic Acid,14.9,mcg
1967,Calcium,9.3,mg
1967,Iron,0.5,mg
1967,Magnesium,0,mg
1967,Phosphorus,0,mg
1967,Sodium,15.7,mg
1967,Potassium,87.7,mg
1967,Zinc,0.2,mg
1968,Energy,78,cal
1968,Protein,1,g
1968,Carbohydrates,10.1,g
1968,Fiber,1,g
1968,Fat,3.9,g
1968,Cholesterol,0,mg
1968,Vitamin A,85,mcg
1968,Vitamin B1,0.1,mg
1968,Vitamin B2,0,mg
1968,Vitamin B3,0.7,mg
1968,Vitamin C,5.3,mg
1968,Folic Acid,14.9,mcg
1968,Calcium,9.3,mg
1968,Iron,0.5,mg
1968,Magnesium,0,mg
1968,Phosphorus,0,mg
1968,Sodium,15.7,mg
1968,Potassium,87.7,mg
1968,Zinc,0.2,mg
1969,Energy,78,cal
1969,Protein,1,g
1969,Carbohydrates,10.1,g
1969,Fiber,1,g
1969,Fat,3.9,g
1969,Cholesterol,0,mg
1969,Vitamin A,85,mcg
1969,Vitamin B1,0.1,mg
1969,Vitamin B2,0,mg
1969,Vitamin B3,0.7,mg
1969,Vitamin C,5.3,mg
1969,Folic Acid,14.9,mcg
1969,Calcium,9.3,mg
1969,Iron,0.5,mg
1969,Magnesium,0,mg
1969,Phosphorus,0,mg
1969,Sodium,15.7,mg
1969,Potassium,87.7,mg
1969,Zinc,0.2,mg
1970,Energy,63,cal
1970,Protein,1.3,g
1970,Carbohydrates,11.1,g
1970,Fiber,0.6,g
1970,Fat,1.6,g
1970,Cholesterol,0,mg
1970,Sodium,162.5,mg
1971,Energy,192,cal
1971,Protein,5.2,g
1971,Carbohydrates,32.2,g
1971,Fiber,2.6,g
1971,Fat,5.7,g
1971,Cholesterol,2.7,mg
1971,Sodium,11.8,mg
1975,Energy,110,cal
1975,Protein,4.7,g
1975,Carbohydrates,12.2,g
1975,Fiber,0.5,g
1975,Fat,4.8,g
1975,Cholesterol,0,mg
1975,Vitamin A,102,mcg
1975,Vitamin B1,0,mg
1975,Vitamin B2,0.1,mg
1975,Vitamin B3,0.3,mg
1975,Vitamin C,0.3,mg
1975,Folic Acid,12.8,mcg
1975,Calcium,85.4,mg
1975,Iron,0.6,mg
1975,Magnesium,0,mg
1975,Phosphorus,0,mg
1975,Sodium,19.6,mg
1975,Potassium,105.6,mg
1975,Zinc,0.2,mg
1976,Energy,110,cal
1976,Protein,4.7,g
1976,Carbohydrates,12.2,g
1976,Fiber,0.5,g
1976,Fat,4.8,g
1976,Cholesterol,0,mg
1976,Vitamin A,102,mcg
1976,Vitamin B1,0,mg
1976,Vitamin B2,0.1,mg
1976,Vitamin B3,0.3,mg
1976,Vitamin C,0.3,mg
1976,Folic Acid,12.8,mcg
1976,Calcium,85.4,mg
1976,Iron,0.6,mg
1976,Magnesium,0,mg
1976,Phosphorus,0,mg
1976,Sodium,19.6,mg
1976,Potassium,105.6,mg
1976,Zinc,0.2,mg
1977,Energy,110,cal
1977,Protein,4.7,g
1977,Carbohydrates,12.2,g
1977,Fiber,0.5,g
1977,Fat,4.8,g
1977,Cholesterol,0,mg
1977,Vitamin A,102,mcg
1977,Vitamin B1,0,mg
1977,Vitamin B2,0.1,mg
1977,Vitamin B3,0.3,mg
1977,Vitamin C,0.3,mg
1977,Folic Acid,12.8,mcg
1977,Calcium,85.4,mg
1977,Iron,0.6,mg
1977,Magnesium,0,mg
1977,Phosphorus,0,mg
1977,Sodium,19.6,mg
1977,Potassium,105.6,mg
1977,Zinc,0.2,mg
1978,Energy,126,cal
1978,Protein,4,g
1978,Carbohydrates,24,g
1978,Fiber,2.9,g
1978,Fat,2.8,g
1978,Cholesterol,7.5,mg
1978,Sodium,35.1,mg
1979,Energy,126,cal
1979,Protein,4,g
1979,Carbohydrates,24,g
1979,Fiber,2.9,g
1979,Fat,2.8,g
1979,Cholesterol,7.5,mg
1979,Sodium,35.1,mg
1980,Energy,96,cal
1980,Protein,0.9,g
1980,Carbohydrates,12.4,g
1980,Fiber,0.1,g
1980,Fat,4.7,g
1980,Cholesterol,14.2,mg
1980,Sodium,59.5,mg
1981,Energy,56,cal
1981,Protein,2.1,g
1981,Carbohydrates,4.3,g
1981,Fiber,0.2,g
1981,Fat,3.3,g
1981,Cholesterol,0,mg
1981,Vitamin A,67.8,mcg
1981,Vitamin B1,-0.1,mg
1981,Vitamin B2,-0.1,mg
1981,Vitamin B3,-0.1,mg
1981,Vitamin C,0.4,mg
1981,Folic Acid,1.8,mcg
1981,Calcium,62.1,mg
1981,Iron,0.3,mg
1981,Magnesium,0,mg
1981,Phosphorus,0,mg
1981,Sodium,4.4,mg
1981,Potassium,16.4,mg
1981,Zinc,0.1,mg
1982,Energy,56,cal
1982,Protein,2.1,g
1982,Carbohydrates,4.3,g
1982,Fiber,0.2,g
1982,Fat,3.3,g
1982,Cholesterol,0,mg
1982,Vitamin A,67.8,mcg
1982,Vitamin B1,-0.1,mg
1982,Vitamin B2,-0.1,mg
1982,Vitamin B3,-0.1,mg
1982,Vitamin C,0.4,mg
1982,Folic Acid,1.8,mcg
1982,Calcium,62.1,mg
1982,Iron,0.3,mg
1982,Magnesium,0,mg
1982,Phosphorus,0,mg
1982,Sodium,4.4,mg
1982,Potassium,16.4,mg
1982,Zinc,0.1,mg
1983,Energy,3,cal
1983,Protein,0.1,g
1983,Carbohydrates,0.4,g
1983,Fiber,0.4,g
1983,Fat,0,g
1983,Cholesterol,0,mg
1983,Vitamin A,0.8,mcg
1983,Vitamin B1,0,mg
1983,Vitamin B2,0,mg
1983,Vitamin B3,0,mg
1983,Vitamin C,1.1,mg
1983,Folic Acid,2.3,mcg
1983,Calcium,2.6,mg
1983,Iron,0.1,mg
1983,Magnesium,0,mg
1983,Phosphorus,0,mg
1983,Sodium,1.6,mg
1983,Potassium,8.2,mg
1983,Zinc,0,mg
1984,Energy,74,cal
1984,Protein,2.9,g
1984,Carbohydrates,7.7,g
1984,Fiber,0.2,g
1984,Fat,3.4,g
1984,Cholesterol,0,mg
1984,Vitamin A,96.1,mcg
1984,Vitamin B1,-0.1,mg
1984,Vitamin B2,-0.1,mg
1984,Vitamin B3,-0.1,mg
1984,Vitamin C,0.4,mg
1984,Folic Acid,3.5,mcg
1984,Calcium,71.5,mg
1984,Iron,0.5,mg
1984,Magnesium,0,mg
1984,Phosphorus,0,mg
1984,Sodium,2.3,mg
1984,Potassium,31.5,mg
1984,Zinc,0.2,mg
1985,Energy,35,cal
1985,Protein,1.3,g
1985,Carbohydrates,1.2,g
1985,Fiber,0.1,g
1985,Fat,2.3,g
1985,Cholesterol,3,mg
1985,Sodium,3.6,mg
1986,Energy,35,cal
1986,Protein,1.3,g
1986,Carbohydrates,1.2,g
1986,Fiber,0.1,g
1986,Fat,2.3,g
1986,Cholesterol,3,mg
1986,Sodium,3.6,mg
1988,Energy,199,cal
1988,Protein,6.2,g
1988,Carbohydrates,13.4,g
1988,Fiber,0.3,g
1988,Fat,13.4,g
1988,Cholesterol,0,mg
1988,Vitamin A,260.5,mcg
1988,Vitamin B1,-0.3,mg
1988,Vitamin B2,-0.3,mg
1988,Vitamin B3,-0.1,mg
1988,Vitamin C,12.5,mg
1988,Folic Acid,0.2,mcg
1988,Calcium,172.4,mg
1988,Iron,0.3,mg
1988,Magnesium,0,mg
1988,Phosphorus,0,mg
1988,Sodium,0.8,mg
1988,Potassium,6.5,mg
1988,Zinc,0.1,mg
1989,Energy,199,cal
1989,Protein,6.2,g
1989,Carbohydrates,13.4,g
1989,Fiber,0.3,g
1989,Fat,13.4,g
1989,Cholesterol,0,mg
1989,Vitamin A,260.5,mcg
1989,Vitamin B1,-0.3,mg
1989,Vitamin B2,-0.3,mg
1989,Vitamin B3,-0.1,mg
1989,Vitamin C,12.5,mg
1989,Folic Acid,0.2,mcg
1989,Calcium,172.4,mg
1989,Iron,0.3,mg
1989,Magnesium,0,mg
1989,Phosphorus,0,mg
1989,Sodium,0.8,mg
1989,Potassium,6.5,mg
1989,Zinc,0.1,mg
1990,Energy,171,cal
1990,Protein,5.8,g
1990,Carbohydrates,7.5,g
1990,Fiber,1.1,g
1990,Fat,13.1,g
1990,Cholesterol,7.5,mg
1990,Sodium,30.6,mg
1991,Energy,68,cal
1991,Protein,2.3,g
1991,Carbohydrates,13.2,g
1991,Fiber,1.8,g
1991,Fat,0.8,g
1991,Cholesterol,0,mg
1991,Sodium,15.2,mg
1992,Energy,62,cal
1992,Protein,1.9,g
1992,Carbohydrates,6.6,g
1992,Fiber,0.4,g
1992,Fat,3.1,g
1992,Cholesterol,0,mg
1992,Vitamin A,70.9,mcg
1992,Vitamin B1,-0.1,mg
1992,Vitamin B2,-0.1,mg
1992,Vitamin B3,0,mg
1992,Vitamin C,4,mg
1992,Folic Acid,1.1,mcg
1992,Calcium,45.6,mg
1992,Iron,0.3,mg
1992,Magnesium,0,mg
1992,Phosphorus,0,mg
1992,Sodium,1.2,mg
1992,Potassium,7.9,mg
1992,Zinc,0,mg
1993,Energy,62,cal
1993,Protein,1.9,g
1993,Carbohydrates,6.6,g
1993,Fiber,0.4,g
1993,Fat,3.1,g
1993,Cholesterol,0,mg
1993,Vitamin A,70.9,mcg
1993,Vitamin B1,-0.1,mg
1993,Vitamin B2,-0.1,mg
1993,Vitamin B3,0,mg
1993,Vitamin C,4,mg
1993,Folic Acid,1.1,mcg
1993,Calcium,45.6,mg
1993,Iron,0.3,mg
1993,Magnesium,0,mg
1993,Phosphorus,0,mg
1993,Sodium,1.2,mg
1993,Potassium,7.9,mg
1993,Zinc,0,mg
1994,Energy,62,cal
1994,Protein,1.9,g
1994,Carbohydrates,6.6,g
1994,Fiber,0.4,g
1994,Fat,3.1,g
1994,Cholesterol,0,mg
1994,Vitamin A,70.9,mcg
1994,Vitamin B1,-0.1,mg
1994,Vitamin B2,-0.1,mg
1994,Vitamin B3,0,mg
1994,Vitamin C,4,mg
1994,Folic Acid,1.1,mcg
1994,Calcium,45.6,mg
1994,Iron,0.3,mg
1994,Magnesium,0,mg
1994,Phosphorus,0,mg
1994,Sodium,1.2,mg
1994,Potassium,7.9,mg
1994,Zinc,0,mg
1995,Energy,62,cal
1995,Protein,1.9,g
1995,Carbohydrates,6.6,g
1995,Fiber,0.4,g
1995,Fat,3.1,g
1995,Cholesterol,0,mg
1995,Vitamin A,70.9,mcg
1995,Vitamin B1,-0.1,mg
1995,Vitamin B2,-0.1,mg
1995,Vitamin B3,0,mg
1995,Vitamin C,4,mg
1995,Folic Acid,1.1,mcg
1995,Calcium,45.6,mg
1995,Iron,0.3,mg
1995,Magnesium,0,mg
1995,Phosphorus,0,mg
1995,Sodium,1.2,mg
1995,Potassium,7.9,mg
1995,Zinc,0,mg
1996,Energy,62,cal
1996,Protein,1.9,g
1996,Carbohydrates,6.6,g
1996,Fiber,0.4,g
1996,Fat,3.1,g
1996,Cholesterol,0,mg
1996,Vitamin A,70.9,mcg
1996,Vitamin B1,-0.1,mg
1996,Vitamin B2,-0.1,mg
1996,Vitamin B3,0,mg
1996,Vitamin C,4,mg
1996,Folic Acid,1.1,mcg
1996,Calcium,45.6,mg
1996,Iron,0.3,mg
1996,Magnesium,0,mg
1996,Phosphorus,0,mg
1996,Sodium,1.2,mg
1996,Potassium,7.9,mg
1996,Zinc,0,mg
1997,Energy,86,cal
1997,Protein,3.1,g
1997,Carbohydrates,4,g
1997,Fiber,0.1,g
1997,Fat,4.7,g
1997,Cholesterol,11.4,mg
1997,Sodium,13.7,mg
1998,Energy,56,cal
1998,Protein,2,g
1998,Carbohydrates,2.4,g
1998,Fiber,0,g
1998,Fat,3.1,g
1998,Cholesterol,7.6,mg
1998,Sodium,9,mg
2000,Energy,331,cal
2000,Protein,7.6,g
2000,Carbohydrates,38.2,g
2000,Fiber,0.9,g
2000,Fat,14.9,g
2000,Cholesterol,0,mg
2000,Vitamin A,552.5,mcg
2000,Vitamin B1,0.2,mg
2000,Vitamin B2,0.1,mg
2000,Vitamin B3,1.2,mg
2000,Vitamin C,19.7,mg
2000,Folic Acid,5.2,mcg
2000,Calcium,155.1,mg
2000,Iron,1.4,mg
2000,Magnesium,0,mg
2000,Phosphorus,0,mg
2000,Sodium,62.5,mg
2000,Potassium,138.7,mg
2000,Zinc,0.1,mg
2001,Energy,277,cal
2001,Protein,6.5,g
2001,Carbohydrates,30.6,g
2001,Fiber,1.1,g
2001,Fat,14.5,g
2001,Cholesterol,30,mg
2001,Sodium,207.7,mg
2002,Energy,373,cal
2002,Protein,9.9,g
2002,Carbohydrates,38.7,g
2002,Fiber,1.1,g
2002,Fat,19.9,g
2002,Cholesterol,0,mg
2002,Vitamin A,383.4,mcg
2002,Vitamin B1,0.2,mg
2002,Vitamin B2,0.1,mg
2002,Vitamin B3,1.4,mg
2002,Vitamin C,12.2,mg
2002,Folic Acid,4.6,mcg
2002,Calcium,153.6,mg
2002,Iron,1.8,mg
2002,Magnesium,0,mg
2002,Phosphorus,0,mg
2002,Sodium,62.9,mg
2002,Potassium,65.7,mg
2002,Zinc,0.3,mg
2003,Energy,129,cal
2003,Protein,1.4,g
2003,Carbohydrates,11.5,g
2003,Fiber,1,g
2003,Fat,8.8,g
2003,Cholesterol,0,mg
2003,Vitamin A,279.6,mcg
2003,Vitamin B1,0.1,mg
2003,Vitamin B2,0,mg
2003,Vitamin B3,0.6,mg
2003,Vitamin C,9.4,mg
2003,Folic Acid,13.2,mcg
2003,Calcium,26.3,mg
2003,Iron,0.5,mg
2003,Magnesium,0,mg
2003,Phosphorus,0,mg
2003,Sodium,59,mg
2003,Potassium,153.1,mg
2003,Zinc,0.4,mg
2004,Energy,154,cal
2004,Protein,4.4,g
2004,Carbohydrates,6.7,g
2004,Fiber,0.4,g
2004,Fat,10.6,g
2004,Cholesterol,27,mg
2004,Sodium,67.6,mg
2005,Energy,167,cal
2005,Protein,4.4,g
2005,Carbohydrates,9.8,g
2005,Fiber,0.5,g
2005,Fat,10.4,g
2005,Cholesterol,28.3,mg
2005,Sodium,68.1,mg
2006,Energy,73,cal
2006,Protein,1.3,g
2006,Carbohydrates,9.4,g
2006,Fiber,1.6,g
2006,Fat,3.2,g
2006,Cholesterol,1.3,mg
2006,Sodium,16.8,mg
2007,Energy,102,cal
2007,Protein,2.4,g
2007,Carbohydrates,9.6,g
2007,Fiber,1.5,g
2007,Fat,5.4,g
2007,Cholesterol,0,mg
2007,Vitamin A,198,mcg
2007,Vitamin B1,0.1,mg
2007,Vitamin B2,0.1,mg
2007,Vitamin B3,0.7,mg
2007,Vitamin C,21.6,mg
2007,Folic Acid,6.4,mcg
2007,Calcium,71.8,mg
2007,Iron,0.6,mg
2007,Magnesium,0,mg
2007,Phosphorus,0,mg
2007,Sodium,59.9,mg
2007,Potassium,141.6,mg
2007,Zinc,0.3,mg
2008,Energy,235,cal
2008,Protein,7.7,g
2008,Carbohydrates,10.8,g
2008,Fiber,1.6,g
2008,Fat,16.6,g
2008,Cholesterol,35.6,mg
2008,Sodium,348.8,mg
2010,Energy,144,cal
2010,Protein,4.3,g
2010,Carbohydrates,9.1,g
2010,Fiber,0.3,g
2010,Fat,8.2,g
2010,Cholesterol,0,mg
2010,Vitamin A,446.8,mcg
2010,Vitamin B1,0.1,mg
2010,Vitamin B2,0.1,mg
2010,Vitamin B3,0.3,mg
2010,Vitamin C,5.4,mg
2010,Folic Acid,5.6,mcg
2010,Calcium,179.4,mg
2010,Iron,0.9,mg
2010,Magnesium,0,mg
2010,Phosphorus,0,mg
2010,Sodium,60.1,mg
2010,Potassium,109.5,mg
2010,Zinc,0.1,mg
2011,Energy,236,cal
2011,Protein,4.6,g
2011,Carbohydrates,22.3,g
2011,Fiber,1.4,g
2011,Fat,12.9,g
2011,Cholesterol,0,mg
2011,Vitamin A,356.3,mcg
2011,Vitamin B1,0.1,mg
2011,Vitamin B2,0.1,mg
2011,Vitamin B3,1,mg
2011,Vitamin C,14.8,mg
2011,Folic Acid,18.1,mcg
2011,Calcium,161.9,mg
2011,Iron,0.5,mg
2011,Magnesium,0,mg
2011,Phosphorus,0,mg
2011,Sodium,60.4,mg
2011,Potassium,279.2,mg
2011,Zinc,0.5,mg
2012,Energy,236,cal
2012,Protein,4.6,g
2012,Carbohydrates,22.3,g
2012,Fiber,1.4,g
2012,Fat,12.9,g
2012,Cholesterol,0,mg
2012,Vitamin A,356.3,mcg
2012,Vitamin B1,0.1,mg
2012,Vitamin B2,0.1,mg
2012,Vitamin B3,1,mg
2012,Vitamin C,14.8,mg
2012,Folic Acid,18.1,mcg
2012,Calcium,161.9,mg
2012,Iron,0.5,mg
2012,Magnesium,0,mg
2012,Phosphorus,0,mg
2012,Sodium,60.4,mg
2012,Potassium,279.2,mg
2012,Zinc,0.5,mg
2013,Energy,236,cal
2013,Protein,4.6,g
2013,Carbohydrates,22.3,g
2013,Fiber,1.4,g
2013,Fat,12.9,g
2013,Cholesterol,0,mg
2013,Vitamin A,356.3,mcg
2013,Vitamin B1,0.1,mg
2013,Vitamin B2,0.1,mg
2013,Vitamin B3,1,mg
2013,Vitamin C,14.8,mg
2013,Folic Acid,18.1,mcg
2013,Calcium,161.9,mg
2013,Iron,0.5,mg
2013,Magnesium,0,mg
2013,Phosphorus,0,mg
2013,Sodium,60.4,mg
2013,Potassium,279.2,mg
2013,Zinc,0.5,mg
2014,Energy,197,cal
2014,Protein,3.6,g
2014,Carbohydrates,20,g
2014,Fiber,5.4,g
2014,Fat,11.4,g
2014,Cholesterol,22.5,mg
2014,Sodium,119.3,mg
2015,Energy,95,cal
2015,Protein,1.5,g
2015,Carbohydrates,20.8,g
2015,Fiber,0.4,g
2015,Fat,0.7,g
2015,Cholesterol,0,mg
2015,Sodium,305.9,mg
2016,Energy,95,cal
2016,Protein,1.5,g
2016,Carbohydrates,20.8,g
2016,Fiber,0.4,g
2016,Fat,0.7,g
2016,Cholesterol,0,mg
2016,Sodium,305.9,mg
2017,Energy,95,cal
2017,Protein,1.5,g
2017,Carbohydrates,20.8,g
2017,Fiber,0.4,g
2017,Fat,0.7,g
2017,Cholesterol,0,mg
2017,Sodium,305.9,mg
2018,Energy,134,cal
2018,Protein,2.7,g
2018,Carbohydrates,7.8,g
2018,Fiber,0.7,g
2018,Fat,9.5,g
2018,Cholesterol,0,mg
2018,Vitamin A,247.1,mcg
2018,Vitamin B1,0,mg
2018,Vitamin B2,0.1,mg
2018,Vitamin B3,0.4,mg
2018,Vitamin C,9.2,mg
2018,Folic Acid,5.7,mcg
2018,Calcium,85.3,mg
2018,Iron,0.5,mg
2018,Magnesium,0,mg
2018,Phosphorus,0,mg
2018,Sodium,49.6,mg
2018,Potassium,90.9,mg
2018,Zinc,0.3,mg
2019,Energy,178,cal
2019,Protein,3.7,g
2019,Carbohydrates,5.4,g
2019,Fiber,1.3,g
2019,Fat,14.5,g
2019,Cholesterol,0,mg
2019,Vitamin A,147.5,mcg
2019,Vitamin B1,0.1,mg
2019,Vitamin B2,0.1,mg
2019,Vitamin B3,0.6,mg
2019,Vitamin C,0.5,mg
2019,Folic Acid,5.7,mcg
2019,Calcium,131.7,mg
2019,Iron,0.8,mg
2019,Magnesium,0,mg
2019,Phosphorus,0,mg
2019,Sodium,10.5,mg
2019,Potassium,94.8,mg
2019,Zinc,0.4,mg
2020,Energy,173,cal
2020,Protein,5.5,g
2020,Carbohydrates,18.5,g
2020,Fiber,3.4,g
2020,Fat,8.5,g
2020,Cholesterol,0,mg
2020,Vitamin A,564,mcg
2020,Vitamin B1,0.2,mg
2020,Vitamin B2,0.1,mg
2020,Vitamin B3,0.4,mg
2020,Vitamin C,51.4,mg
2020,Folic Acid,27.4,mcg
2020,Calcium,112.3,mg
2020,Iron,1.5,mg
2020,Magnesium,0,mg
2020,Phosphorus,0,mg
2020,Sodium,48.1,mg
2020,Potassium,166.8,mg
2020,Zinc,0.3,mg
2021,Energy,103,cal
2021,Protein,0.1,g
2021,Carbohydrates,1.8,g
2021,Fiber,0,g
2021,Fat,10.8,g
2021,Cholesterol,0,mg
2021,Vitamin A,90.1,mcg
2021,Vitamin B1,0,mg
2021,Vitamin B2,0,mg
2021,Vitamin B3,0,mg
2021,Vitamin C,1.1,mg
2021,Folic Acid,0.2,mcg
2021,Calcium,2.5,mg
2021,Iron,0,mg
2021,Magnesium,0,mg
2021,Phosphorus,0,mg
2021,Sodium,26.4,mg
2021,Potassium,8,mg
2021,Zinc,0,mg
2022,Energy,202,cal
2022,Protein,2.2,g
2022,Carbohydrates,24.5,g
2022,Fiber,2.3,g
2022,Fat,13.1,g
2022,Cholesterol,0,mg
2022,Vitamin A,131.6,mcg
2022,Vitamin B1,0.1,mg
2022,Vitamin B2,0.1,mg
2022,Vitamin B3,0.2,mg
2022,Vitamin C,6.8,mg
2022,Folic Acid,11.5,mcg
2022,Calcium,43.1,mg
2022,Iron,1.3,mg
2022,Magnesium,0,mg
2022,Phosphorus,0,mg
2022,Sodium,301.9,mg
2022,Potassium,78.5,mg
2022,Zinc,0.5,mg
2023,Energy,165,cal
2023,Protein,1.4,g
2023,Carbohydrates,14,g
2023,Fiber,2.3,g
2023,Fat,11.7,g
2023,Cholesterol,0,mg
2023,Vitamin A,200.6,mcg
2023,Vitamin B1,0.1,mg
2023,Vitamin B2,0.1,mg
2023,Vitamin B3,0.4,mg
2023,Vitamin C,23.6,mg
2023,Folic Acid,4.9,mcg
2023,Calcium,34.1,mg
2023,Iron,1.4,mg
2023,Magnesium,0,mg
2023,Phosphorus,0,mg
2023,Sodium,36.8,mg
2023,Potassium,114.6,mg
2023,Zinc,0.4,mg
2024,Energy,195,cal
2024,Protein,6.1,g
2024,Carbohydrates,9.4,g
2024,Fiber,1.7,g
2024,Fat,14.3,g
2024,Cholesterol,0,mg
2024,Vitamin A,534.2,mcg
2024,Vitamin B1,0.1,mg
2024,Vitamin B2,0.1,mg
2024,Vitamin B3,0.4,mg
2024,Vitamin C,22.5,mg
2024,Folic Acid,6.9,mcg
2024,Calcium,232.6,mg
2024,Iron,1.5,mg
2024,Magnesium,0,mg
2024,Phosphorus,0,mg
2024,Sodium,75.8,mg
2024,Potassium,99.9,mg
2024,Zinc,0.4,mg
2025,Energy,195,cal
2025,Protein,6.1,g
2025,Carbohydrates,9.4,g
2025,Fiber,1.7,g
2025,Fat,14.3,g
2025,Cholesterol,0,mg
2025,Vitamin A,534.2,mcg
2025,Vitamin B1,0.1,mg
2025,Vitamin B2,0.1,mg
2025,Vitamin B3,0.4,mg
2025,Vitamin C,22.5,mg
2025,Folic Acid,6.9,mcg
2025,Calcium,232.6,mg
2025,Iron,1.5,mg
2025,Magnesium,0,mg
2025,Phosphorus,0,mg
2025,Sodium,75.8,mg
2025,Potassium,99.9,mg
2025,Zinc,0.4,mg
2026,Energy,195,cal
2026,Protein,6.1,g
2026,Carbohydrates,9.4,g
2026,Fiber,1.7,g
2026,Fat,14.3,g
2026,Cholesterol,0,mg
2026,Vitamin A,534.2,mcg
2026,Vitamin B1,0.1,mg
2026,Vitamin B2,0.1,mg
2026,Vitamin B3,0.4,mg
2026,Vitamin C,22.5,mg
2026,Folic Acid,6.9,mcg
2026,Calcium,232.6,mg
2026,Iron,1.5,mg
2026,Magnesium,0,mg
2026,Phosphorus,0,mg
2026,Sodium,75.8,mg
2026,Potassium,99.9,mg
2026,Zinc,0.4,mg
2027,Energy,46,cal
2027,Protein,2.6,g
2027,Carbohydrates,2,g
2027,Fiber,0.2,g
2027,Fat,2.8,g
2027,Cholesterol,9.8,mg
2027,Sodium,101.9,mg
2028,Energy,162,cal
2028,Protein,3.2,g
2028,Carbohydrates,5.2,g
2028,Fiber,0.5,g
2028,Fat,13.8,g
2028,Cholesterol,0,mg
2028,Vitamin A,202.7,mcg
2028,Vitamin B1,0,mg
2028,Vitamin B2,0,mg
2028,Vitamin B3,0.1,mg
2028,Vitamin C,3.9,mg
2028,Folic Acid,3.1,mcg
2028,Calcium,104.3,mg
2028,Iron,0.4,mg
2028,Magnesium,0,mg
2028,Phosphorus,0,mg
2028,Sodium,10,mg
2028,Potassium,67,mg
2028,Zinc,0.2,mg
2029,Energy,162,cal
2029,Protein,3.2,g
2029,Carbohydrates,5.2,g
2029,Fiber,0.5,g
2029,Fat,13.8,g
2029,Cholesterol,0,mg
2029,Vitamin A,202.7,mcg
2029,Vitamin B1,0,mg
2029,Vitamin B2,0,mg
2029,Vitamin B3,0.1,mg
2029,Vitamin C,3.9,mg
2029,Folic Acid,3.1,mcg
2029,Calcium,104.3,mg
2029,Iron,0.4,mg
2029,Magnesium,0,mg
2029,Phosphorus,0,mg
2029,Sodium,10,mg
2029,Potassium,67,mg
2029,Zinc,0.2,mg
2030,Energy,33,cal
2030,Protein,1.3,g
2030,Carbohydrates,1.5,g
2030,Fiber,0.1,g
2030,Fat,1.8,g
2030,Cholesterol,4.4,mg
2030,Sodium,6,mg
2031,Energy,283,cal
2031,Protein,2.9,g
2031,Carbohydrates,8.3,g
2031,Fiber,8.7,g
2031,Fat,26.5,g
2031,Cholesterol,0,mg
2031,Vitamin A,0,mcg
2031,Vitamin B1,0,mg
2031,Vitamin B2,0.1,mg
2031,Vitamin B3,0.5,mg
2031,Vitamin C,0.6,mg
2031,Folic Acid,8,mcg
2031,Calcium,6.4,mg
2031,Iron,1.1,mg
2031,Magnesium,0,mg
2031,Phosphorus,0,mg
2031,Sodium,0,mg
2031,Potassium,0,mg
2031,Zinc,0,mg
2032,Energy,283,cal
2032,Protein,2.9,g
2032,Carbohydrates,8.3,g
2032,Fiber,8.7,g
2032,Fat,26.5,g
2032,Cholesterol,0,mg
2032,Vitamin A,0,mcg
2032,Vitamin B1,0,mg
2032,Vitamin B2,0.1,mg
2032,Vitamin B3,0.5,mg
2032,Vitamin C,0.6,mg
2032,Folic Acid,8,mcg
2032,Calcium,6.4,mg
2032,Iron,1.1,mg
2032,Magnesium,0,mg
2032,Phosphorus,0,mg
2032,Sodium,0,mg
2032,Potassium,0,mg
2032,Zinc,0,mg
2034,Energy,493,cal
2034,Protein,21.3,g
2034,Carbohydrates,59.1,g
2034,Fiber,3.8,g
2034,Fat,20.9,g
2034,Cholesterol,23,mg
2034,Vitamin A,476.5,mcg
2034,Vitamin B1,0.3,mg
2034,Vitamin B2,0.1,mg
2034,Vitamin B3,1.6,mg
2034,Vitamin C,45.6,mg
2034,Folic Acid,49.6,mcg
2034,Calcium,302.2,mg
2034,Iron,2.4,mg
2034,Magnesium,0,mg
2034,Phosphorus,0,mg
2034,Sodium,821.5,mg
2034,Potassium,317.3,mg
2034,Zinc,0.6,mg
2035,Energy,512,cal
2035,Protein,20.8,g
2035,Carbohydrates,63.6,g
2035,Fiber,3,g
2035,Fat,20.2,g
2035,Cholesterol,23,mg
2035,Vitamin A,644.9,mcg
2035,Vitamin B1,0.7,mg
2035,Vitamin B2,0.1,mg
2035,Vitamin B3,1.1,mg
2035,Vitamin C,178.8,mg
2035,Folic Acid,0,mcg
2035,Calcium,271.2,mg
2035,Iron,1.9,mg
2035,Magnesium,0,mg
2035,Phosphorus,0,mg
2035,Sodium,791.7,mg
2035,Potassium,56.3,mg
2035,Zinc,0.4,mg
2036,Energy,27,cal
2036,Protein,0.5,g
2036,Carbohydrates,1.9,g
2036,Fiber,0.2,g
2036,Fat,1.9,g
2036,Cholesterol,0,mg
2036,Vitamin A,35.1,mcg
2036,Vitamin B1,0,mg
2036,Vitamin B2,0,mg
2036,Vitamin B3,0,mg
2036,Vitamin C,0.8,mg
2036,Folic Acid,2.9,mcg
2036,Calcium,23.1,mg
2036,Iron,0.2,mg
2036,Magnesium,0,mg
2036,Phosphorus,0,mg
2036,Sodium,28.9,mg
2036,Potassium,12.4,mg
2036,Zinc,0,mg
2037,Energy,57,cal
2037,Protein,1.4,g
2037,Carbohydrates,12.7,g
2037,Fiber,1.6,g
2037,Fat,0.2,g
2037,Cholesterol,0,mg
2037,Sodium,113.2,mg
2039,Energy,72,cal
2039,Protein,0.2,g
2039,Carbohydrates,2.9,g
2039,Fiber,0.1,g
2039,Fat,6.6,g
2039,Cholesterol,0,mg
2039,Vitamin A,72.1,mcg
2039,Vitamin B1,0,mg
2039,Vitamin B2,0,mg
2039,Vitamin B3,0,mg
2039,Vitamin C,1.7,mg
2039,Folic Acid,3.1,mcg
2039,Calcium,6.5,mg
2039,Iron,0.1,mg
2039,Magnesium,0,mg
2039,Phosphorus,0,mg
2039,Sodium,54.7,mg
2039,Potassium,15.1,mg
2039,Zinc,0,mg
2040,Energy,600,cal
2040,Protein,2.1,g
2040,Carbohydrates,60.8,g
2040,Fiber,0.5,g
2040,Fat,38.8,g
2040,Cholesterol,0,mg
2040,Sodium,53.9,mg
2041,Energy,600,cal
2041,Protein,2.1,g
2041,Carbohydrates,60.8,g
2041,Fiber,0.5,g
2041,Fat,38.8,g
2041,Cholesterol,0,mg
2041,Sodium,53.9,mg
2042,Energy,485,cal
2042,Protein,53,g
2042,Carbohydrates,35.5,g
2042,Fiber,1.2,g
2042,Fat,29.1,g
2042,Cholesterol,66,mg
2042,Sodium,379,mg
2043,Energy,310,cal
2043,Protein,6.9,g
2043,Carbohydrates,33.8,g
2043,Fiber,1.2,g
2043,Fat,16.4,g
2043,Cholesterol,0,mg
2043,Vitamin A,493.6,mcg
2043,Vitamin B1,0.2,mg
2043,Vitamin B2,0.1,mg
2043,Vitamin B3,0.5,mg
2043,Vitamin C,18.1,mg
2043,Folic Acid,8.4,mcg
2043,Calcium,168.4,mg
2043,Iron,1,mg
2043,Magnesium,0,mg
2043,Phosphorus,0,mg
2043,Sodium,201,mg
2043,Potassium,69.9,mg
2043,Zinc,0.4,mg
2044,Energy,310,cal
2044,Protein,6.9,g
2044,Carbohydrates,33.8,g
2044,Fiber,1.2,g
2044,Fat,16.4,g
2044,Cholesterol,0,mg
2044,Vitamin A,493.6,mcg
2044,Vitamin B1,0.2,mg
2044,Vitamin B2,0.1,mg
2044,Vitamin B3,0.5,mg
2044,Vitamin C,18.1,mg
2044,Folic Acid,8.4,mcg
2044,Calcium,168.4,mg
2044,Iron,1,mg
2044,Magnesium,0,mg
2044,Phosphorus,0,mg
2044,Sodium,201,mg
2044,Potassium,69.9,mg
2044,Zinc,0.4,mg
2045,Energy,218,cal
2045,Protein,4.1,g
2045,Carbohydrates,13.4,g
2045,Fiber,3.9,g
2045,Fat,16.5,g
2045,Cholesterol,0,mg
2045,Vitamin A,724.6,mcg
2045,Vitamin B1,0.2,mg
2045,Vitamin B2,0,mg
2045,Vitamin B3,0.3,mg
2045,Vitamin C,35.1,mg
2045,Folic Acid,15.1,mcg
2045,Calcium,53,mg
2045,Iron,1.5,mg
2045,Magnesium,0,mg
2045,Phosphorus,0,mg
2045,Sodium,16.2,mg
2045,Potassium,82.1,mg
2045,Zinc,0.5,mg
2046,Energy,305,cal
2046,Protein,11.9,g
2046,Carbohydrates,34.7,g
2046,Fiber,0.8,g
2046,Fat,12.6,g
2046,Cholesterol,0,mg
2046,Vitamin A,980.8,mcg
2046,Vitamin B1,0,mg
2046,Vitamin B2,0.1,mg
2046,Vitamin B3,1.7,mg
2046,Vitamin C,5.4,mg
2046,Folic Acid,21.3,mcg
2046,Calcium,289.9,mg
2046,Iron,2,mg
2046,Magnesium,0,mg
2046,Phosphorus,0,mg
2046,Sodium,54.5,mg
2046,Potassium,168.9,mg
2046,Zinc,0.5,mg
2047,Energy,367,cal
2047,Protein,7.5,g
2047,Carbohydrates,52.5,g
2047,Fiber,5,g
2047,Fat,14.3,g
2047,Cholesterol,11.7,mg
2047,Sodium,140.5,mg
2048,Energy,367,cal
2048,Protein,7.5,g
2048,Carbohydrates,52.5,g
2048,Fiber,5,g
2048,Fat,14.3,g
2048,Cholesterol,11.7,mg
2048,Sodium,140.5,mg
2049,Energy,289,cal
2049,Protein,4.6,g
2049,Carbohydrates,12,g
2049,Fiber,2.1,g
2049,Fat,26,g
2049,Cholesterol,0,mg
2049,Vitamin A,691.8,mcg
2049,Vitamin B1,0.2,mg
2049,Vitamin B2,0.7,mg
2049,Vitamin B3,6.2,mg
2049,Vitamin C,9.1,mg
2049,Folic Acid,35.2,mcg
2049,Calcium,57.9,mg
2049,Iron,2,mg
2049,Magnesium,0,mg
2049,Phosphorus,0,mg
2049,Sodium,123.7,mg
2049,Potassium,641.4,mg
2049,Zinc,1.3,mg
2050,Energy,21,cal
2050,Protein,0.8,g
2050,Carbohydrates,0.9,g
2050,Fiber,0,g
2050,Fat,1.3,g
2050,Cholesterol,2.7,mg
2050,Sodium,8.3,mg
2051,Energy,152,cal
2051,Protein,5.2,g
2051,Carbohydrates,9.6,g
2051,Fiber,1.6,g
2051,Fat,7.9,g
2051,Cholesterol,19.8,mg
2051,Sodium,53.9,mg
2052,Energy,108,cal
2052,Protein,2.6,g
2052,Carbohydrates,11.5,g
2052,Fiber,2.9,g
2052,Fat,4.6,g
2052,Cholesterol,0,mg
2052,Vitamin A,122.1,mcg
2052,Vitamin B1,0.1,mg
2052,Vitamin B2,0.1,mg
2052,Vitamin B3,0.2,mg
2052,Vitamin C,0.5,mg
2052,Folic Acid,2.9,mcg
2052,Calcium,113.1,mg
2052,Iron,0.4,mg
2052,Magnesium,0,mg
2052,Phosphorus,0,mg
2052,Sodium,14.9,mg
2052,Potassium,113.9,mg
2052,Zinc,0,mg
2053,Energy,108,cal
2053,Protein,2.6,g
2053,Carbohydrates,11.5,g
2053,Fiber,2.9,g
2053,Fat,4.6,g
2053,Cholesterol,0,mg
2053,Vitamin A,122.1,mcg
2053,Vitamin B1,0.1,mg
2053,Vitamin B2,0.1,mg
2053,Vitamin B3,0.2,mg
2053,Vitamin C,0.5,mg
2053,Folic Acid,2.9,mcg
2053,Calcium,113.1,mg
2053,Iron,0.4,mg
2053,Magnesium,0,mg
2053,Phosphorus,0,mg
2053,Sodium,14.9,mg
2053,Potassium,113.9,mg
2053,Zinc,0,mg
2054,Energy,140,cal
2054,Protein,1.2,g
2054,Carbohydrates,8,g
2054,Fiber,1.1,g
2054,Fat,11.7,g
2054,Cholesterol,0,mg
2054,Vitamin A,518.7,mcg
2054,Vitamin B1,0,mg
2054,Vitamin B2,0,mg
2054,Vitamin B3,0.2,mg
2054,Vitamin C,7,mg
2054,Folic Acid,5.5,mcg
2054,Calcium,41.1,mg
2054,Iron,0.8,mg
2054,Magnesium,0,mg
2054,Phosphorus,0,mg
2054,Sodium,24.6,mg
2054,Potassium,85.3,mg
2054,Zinc,0.2,mg
2055,Energy,166,cal
2055,Protein,3,g
2055,Carbohydrates,19,g
2055,Fiber,3.6,g
2055,Fat,9.5,g
2055,Cholesterol,0,mg
2055,Vitamin A,670.9,mcg
2055,Vitamin B1,0.3,mg
2055,Vitamin B2,0.2,mg
2055,Vitamin B3,1.5,mg
2055,Vitamin C,36.7,mg
2055,Folic Acid,4,mcg
2055,Calcium,56.3,mg
2055,Iron,3.3,mg
2055,Magnesium,0,mg
2055,Phosphorus,0,mg
2055,Sodium,173.4,mg
2055,Potassium,62.1,mg
2055,Zinc,0.4,mg
2056,Energy,166,cal
2056,Protein,3,g
2056,Carbohydrates,19,g
2056,Fiber,3.6,g
2056,Fat,9.5,g
2056,Cholesterol,0,mg
2056,Vitamin A,670.9,mcg
2056,Vitamin B1,0.3,mg
2056,Vitamin B2,0.2,mg
2056,Vitamin B3,1.5,mg
2056,Vitamin C,36.7,mg
2056,Folic Acid,4,mcg
2056,Calcium,56.3,mg
2056,Iron,3.3,mg
2056,Magnesium,0,mg
2056,Phosphorus,0,mg
2056,Sodium,173.4,mg
2056,Potassium,62.1,mg
2056,Zinc,0.4,mg
2057,Energy,302,cal
2057,Protein,9.9,g
2057,Carbohydrates,35.5,g
2057,Fiber,2.1,g
2057,Fat,13.4,g
2057,Cholesterol,25.3,mg
2057,Sodium,289.8,mg
2058,Energy,302,cal
2058,Protein,9.9,g
2058,Carbohydrates,35.5,g
2058,Fiber,2.1,g
2058,Fat,13.4,g
2058,Cholesterol,25.3,mg
2058,Sodium,289.8,mg
2059,Energy,425,cal
2059,Protein,6.5,g
2059,Carbohydrates,52.7,g
2059,Fiber,1.8,g
2059,Fat,23.4,g
2059,Cholesterol,3.3,mg
2059,Vitamin A,1008,mcg
2059,Vitamin B1,0.2,mg
2059,Vitamin B2,0.2,mg
2059,Vitamin B3,1.4,mg
2059,Vitamin C,48.2,mg
2059,Folic Acid,14.2,mcg
2059,Calcium,85.6,mg
2059,Iron,2.8,mg
2059,Magnesium,0,mg
2059,Phosphorus,0,mg
2059,Sodium,451.7,mg
2059,Potassium,103.9,mg
2059,Zinc,0.5,mg
2060,Energy,425,cal
2060,Protein,6.5,g
2060,Carbohydrates,52.7,g
2060,Fiber,1.8,g
2060,Fat,23.4,g
2060,Cholesterol,3.3,mg
2060,Vitamin A,1008,mcg
2060,Vitamin B1,0.2,mg
2060,Vitamin B2,0.2,mg
2060,Vitamin B3,1.4,mg
2060,Vitamin C,48.2,mg
2060,Folic Acid,14.2,mcg
2060,Calcium,85.6,mg
2060,Iron,2.8,mg
2060,Magnesium,0,mg
2060,Phosphorus,0,mg
2060,Sodium,451.7,mg
2060,Potassium,103.9,mg
2060,Zinc,0.5,mg
2061,Energy,425,cal
2061,Protein,6.5,g
2061,Carbohydrates,52.7,g
2061,Fiber,1.8,g
2061,Fat,23.4,g
2061,Cholesterol,3.3,mg
2061,Vitamin A,1008,mcg
2061,Vitamin B1,0.2,mg
2061,Vitamin B2,0.2,mg
2061,Vitamin B3,1.4,mg
2061,Vitamin C,48.2,mg
2061,Folic Acid,14.2,mcg
2061,Calcium,85.6,mg
2061,Iron,2.8,mg
2061,Magnesium,0,mg
2061,Phosphorus,0,mg
2061,Sodium,451.7,mg
2061,Potassium,103.9,mg
2061,Zinc,0.5,mg
2062,Energy,97,cal
2062,Protein,3.3,g
2062,Carbohydrates,6,g
2062,Fiber,0.1,g
2062,Fat,4.9,g
2062,Cholesterol,12,mg
2062,Sodium,14.4,mg
2063,Energy,99,cal
2063,Protein,3.3,g
2063,Carbohydrates,4.7,g
2063,Fiber,0.1,g
2063,Fat,5.7,g
2063,Cholesterol,12,mg
2063,Sodium,19.5,mg
2064,Energy,79,cal
2064,Protein,1,g
2064,Carbohydrates,4.6,g
2064,Fiber,1.4,g
2064,Fat,6.3,g
2064,Cholesterol,0,mg
2064,Vitamin A,395.1,mcg
2064,Vitamin B1,0.1,mg
2064,Vitamin B2,0,mg
2064,Vitamin B3,0.4,mg
2064,Vitamin C,23,mg
2064,Folic Acid,23.7,mcg
2064,Calcium,49.7,mg
2064,Iron,0.6,mg
2064,Magnesium,0,mg
2064,Phosphorus,0,mg
2064,Sodium,13.3,mg
2064,Potassium,137.8,mg
2064,Zinc,0.1,mg
2075,Energy,84,cal
2075,Protein,1.6,g
2075,Carbohydrates,13.6,g
2075,Fiber,0.7,g
2075,Fat,2.5,g
2075,Cholesterol,6.3,mg
2075,Sodium,18.9,mg
2076,Energy,70,cal
2076,Protein,1.7,g
2076,Carbohydrates,11.7,g
2076,Fiber,0.7,g
2076,Fat,1.5,g
2076,Cholesterol,3.2,mg
2076,Sodium,7.3,mg
2077,Energy,70,cal
2077,Protein,1.7,g
2077,Carbohydrates,11.7,g
2077,Fiber,0.7,g
2077,Fat,1.5,g
2077,Cholesterol,3.2,mg
2077,Sodium,7.3,mg
2078,Energy,370,cal
2078,Protein,2.4,g
2078,Carbohydrates,33.9,g
2078,Fiber,2.6,g
2078,Fat,25.1,g
2078,Cholesterol,0,mg
2078,Sodium,16.5,mg
2080,Energy,374,cal
2080,Protein,2.4,g
2080,Carbohydrates,16.8,g
2080,Fiber,3.4,g
2080,Fat,33.1,g
2080,Cholesterol,0,mg
2080,Sodium,75.6,mg
2081,Energy,374,cal
2081,Protein,2.4,g
2081,Carbohydrates,16.8,g
2081,Fiber,3.4,g
2081,Fat,33.1,g
2081,Cholesterol,0,mg
2081,Sodium,75.6,mg
2082,Energy,84,cal
2082,Protein,1.4,g
2082,Carbohydrates,33.3,g
2082,Fiber,0.3,g
2082,Fat,6.6,g
2082,Cholesterol,0,mg
2082,Sodium,2.3,mg
2083,Energy,30,cal
2083,Protein,0.3,g
2083,Carbohydrates,3.5,g
2083,Fiber,0.1,g
2083,Fat,1.7,g
2083,Cholesterol,3.8,mg
2083,Sodium,12.9,mg
2084,Energy,30,cal
2084,Protein,0.3,g
2084,Carbohydrates,3.5,g
2084,Fiber,0.1,g
2084,Fat,1.7,g
2084,Cholesterol,3.8,mg
2084,Sodium,12.9,mg
2085,Energy,30,cal
2085,Protein,0.3,g
2085,Carbohydrates,3.5,g
2085,Fiber,0.1,g
2085,Fat,1.7,g
2085,Cholesterol,3.8,mg
2085,Sodium,12.9,mg
2086,Energy,30,cal
2086,Protein,0.3,g
2086,Carbohydrates,3.5,g
2086,Fiber,0.1,g
2086,Fat,1.7,g
2086,Cholesterol,3.8,mg
2086,Sodium,12.9,mg
2087,Energy,30,cal
2087,Protein,0.3,g
2087,Carbohydrates,3.5,g
2087,Fiber,0.1,g
2087,Fat,1.7,g
2087,Cholesterol,3.8,mg
2087,Sodium,12.9,mg
2088,Energy,149,cal
2088,Protein,6.3,g
2088,Carbohydrates,17.1,g
2088,Fiber,4,g
2088,Fat,6.2,g
2088,Cholesterol,0,mg
2088,Sodium,17.5,mg
2089,Energy,184,cal
2089,Protein,3.3,g
2089,Carbohydrates,19.4,g
2089,Fiber,1.3,g
2089,Fat,10.4,g
2089,Cholesterol,0,mg
2089,Vitamin A,100.9,mcg
2089,Vitamin B1,0.1,mg
2089,Vitamin B2,0.1,mg
2089,Vitamin B3,0.9,mg
2089,Vitamin C,15,mg
2089,Folic Acid,6.5,mcg
2089,Calcium,21.1,mg
2089,Iron,1,mg
2089,Magnesium,0,mg
2089,Phosphorus,0,mg
2089,Sodium,14.9,mg
2089,Potassium,73.2,mg
2089,Zinc,0.3,mg
2090,Energy,518,cal
2090,Protein,6.1,g
2090,Carbohydrates,46.7,g
2090,Fiber,4.6,g
2090,Fat,35.6,g
2090,Cholesterol,0,mg
2090,Vitamin A,343.9,mcg
2090,Vitamin B1,0.5,mg
2090,Vitamin B2,0.3,mg
2090,Vitamin B3,3.2,mg
2090,Vitamin C,5.2,mg
2090,Folic Acid,86.1,mcg
2090,Calcium,50.4,mg
2090,Iron,2.8,mg
2090,Magnesium,0,mg
2090,Phosphorus,0,mg
2090,Sodium,6.3,mg
2090,Potassium,222.5,mg
2090,Zinc,0.9,mg
2091,Energy,518,cal
2091,Protein,6.1,g
2091,Carbohydrates,46.7,g
2091,Fiber,4.6,g
2091,Fat,35.6,g
2091,Cholesterol,0,mg
2091,Vitamin A,343.9,mcg
2091,Vitamin B1,0.5,mg
2091,Vitamin B2,0.3,mg
2091,Vitamin B3,3.2,mg
2091,Vitamin C,5.2,mg
2091,Folic Acid,86.1,mcg
2091,Calcium,50.4,mg
2091,Iron,2.8,mg
2091,Magnesium,0,mg
2091,Phosphorus,0,mg
2091,Sodium,6.3,mg
2091,Potassium,222.5,mg
2091,Zinc,0.9,mg
2092,Energy,518,cal
2092,Protein,6.1,g
2092,Carbohydrates,46.7,g
2092,Fiber,4.6,g
2092,Fat,35.6,g
2092,Cholesterol,0,mg
2092,Vitamin A,343.9,mcg
2092,Vitamin B1,0.5,mg
2092,Vitamin B2,0.3,mg
2092,Vitamin B3,3.2,mg
2092,Vitamin C,5.2,mg
2092,Folic Acid,86.1,mcg
2092,Calcium,50.4,mg
2092,Iron,2.8,mg
2092,Magnesium,0,mg
2092,Phosphorus,0,mg
2092,Sodium,6.3,mg
2092,Potassium,222.5,mg
2092,Zinc,0.9,mg
2093,Energy,506,cal
2093,Protein,6.9,g
2093,Carbohydrates,36,g
2093,Fiber,13.6,g
2093,Fat,37.1,g
2093,Cholesterol,0,mg
2093,Sodium,8.9,mg
2096,Energy,48,cal
2096,Protein,0.7,g
2096,Carbohydrates,4.1,g
2096,Fiber,0.1,g
2096,Fat,3.2,g
2096,Cholesterol,0,mg
2096,Vitamin A,30,mcg
2096,Vitamin B1,0,mg
2096,Vitamin B2,0,mg
2096,Vitamin B3,0.2,mg
2096,Vitamin C,0,mg
2096,Folic Acid,1.9,mcg
2096,Calcium,2.7,mg
2096,Iron,0.3,mg
2096,Magnesium,0,mg
2096,Phosphorus,0,mg
2096,Sodium,1.1,mg
2096,Potassium,17.6,mg
2096,Zinc,0.1,mg
2097,Energy,48,cal
2097,Protein,0.7,g
2097,Carbohydrates,4.1,g
2097,Fiber,0.1,g
2097,Fat,3.2,g
2097,Cholesterol,0,mg
2097,Vitamin A,30,mcg
2097,Vitamin B1,0,mg
2097,Vitamin B2,0,mg
2097,Vitamin B3,0.2,mg
2097,Vitamin C,0,mg
2097,Folic Acid,1.9,mcg
2097,Calcium,2.7,mg
2097,Iron,0.3,mg
2097,Magnesium,0,mg
2097,Phosphorus,0,mg
2097,Sodium,1.1,mg
2097,Potassium,17.6,mg
2097,Zinc,0.1,mg
2098,Energy,268,cal
2098,Protein,1.3,g
2098,Carbohydrates,6.2,g
2098,Fiber,2.2,g
2098,Fat,26.5,g
2098,Cholesterol,0,mg
2098,Vitamin A,272.6,mcg
2098,Vitamin B1,0.1,mg
2098,Vitamin B2,0.1,mg
2098,Vitamin B3,0.7,mg
2098,Vitamin C,8,mg
2098,Folic Acid,61.2,mcg
2098,Calcium,40.1,mg
2098,Iron,0.5,mg
2098,Magnesium,0,mg
2098,Phosphorus,0,mg
2098,Sodium,3.7,mg
2098,Potassium,71.1,mg
2098,Zinc,0.3,mg
2100,Energy,128,cal
2100,Protein,4.8,g
2100,Carbohydrates,13,g
2100,Fiber,3.8,g
2100,Fat,6.3,g
2100,Cholesterol,0,mg
2100,Sodium,29.7,mg
2101,Energy,152,cal
2101,Protein,4.7,g
2101,Carbohydrates,21.1,g
2101,Fiber,2.3,g
2101,Fat,5.4,g
2101,Cholesterol,0,mg
2101,Sodium,6.8,mg
2102,Energy,152,cal
2102,Protein,4.7,g
2102,Carbohydrates,21.1,g
2102,Fiber,2.3,g
2102,Fat,5.4,g
2102,Cholesterol,0,mg
2102,Sodium,6.8,mg
2103,Energy,152,cal
2103,Protein,4.7,g
2103,Carbohydrates,21.1,g
2103,Fiber,2.3,g
2103,Fat,5.4,g
2103,Cholesterol,0,mg
2103,Sodium,6.8,mg
2104,Energy,92,cal
2104,Protein,0.8,g
2104,Carbohydrates,10.9,g
2104,Fiber,0.9,g
2104,Fat,5.1,g
2104,Cholesterol,0,mg
2104,Sodium,6.2,mg
2105,Energy,248,cal
2105,Protein,3.8,g
2105,Carbohydrates,24.2,g
2105,Fiber,2.5,g
2105,Fat,15.6,g
2105,Cholesterol,0,mg
2105,Sodium,12.1,mg
2106,Energy,445,cal
2106,Protein,1.7,g
2106,Carbohydrates,21.3,g
2106,Fiber,1.7,g
2106,Fat,39.4,g
2106,Cholesterol,0,mg
2106,Vitamin A,396.7,mcg
2106,Vitamin B1,0.1,mg
2106,Vitamin B2,0,mg
2106,Vitamin B3,1.1,mg
2106,Vitamin C,18.8,mg
2106,Folic Acid,16.8,mcg
2106,Calcium,13.6,mg
2106,Iron,0.6,mg
2106,Magnesium,0,mg
2106,Phosphorus,0,mg
2106,Sodium,79,mg
2106,Potassium,247.3,mg
2106,Zinc,0.5,mg
2107,Energy,445,cal
2107,Protein,1.7,g
2107,Carbohydrates,21.3,g
2107,Fiber,1.7,g
2107,Fat,39.4,g
2107,Cholesterol,0,mg
2107,Vitamin A,396.7,mcg
2107,Vitamin B1,0.1,mg
2107,Vitamin B2,0,mg
2107,Vitamin B3,1.1,mg
2107,Vitamin C,18.8,mg
2107,Folic Acid,16.8,mcg
2107,Calcium,13.6,mg
2107,Iron,0.6,mg
2107,Magnesium,0,mg
2107,Phosphorus,0,mg
2107,Sodium,79,mg
2107,Potassium,247.3,mg
2107,Zinc,0.5,mg
2108,Energy,445,cal
2108,Protein,1.7,g
2108,Carbohydrates,21.3,g
2108,Fiber,1.7,g
2108,Fat,39.4,g
2108,Cholesterol,0,mg
2108,Vitamin A,396.7,mcg
2108,Vitamin B1,0.1,mg
2108,Vitamin B2,0,mg
2108,Vitamin B3,1.1,mg
2108,Vitamin C,18.8,mg
2108,Folic Acid,16.8,mcg
2108,Calcium,13.6,mg
2108,Iron,0.6,mg
2108,Magnesium,0,mg
2108,Phosphorus,0,mg
2108,Sodium,79,mg
2108,Potassium,247.3,mg
2108,Zinc,0.5,mg
2109,Energy,48,cal
2109,Protein,0.4,g
2109,Carbohydrates,5.4,g
2109,Fiber,0.3,g
2109,Fat,2.8,g
2109,Cholesterol,0,mg
2109,Vitamin A,113.2,mcg
2109,Vitamin B1,0,mg
2109,Vitamin B2,0,mg
2109,Vitamin B3,0.2,mg
2109,Vitamin C,0.5,mg
2109,Folic Acid,1.8,mcg
2109,Calcium,3.7,mg
2109,Iron,0.1,mg
2109,Magnesium,0,mg
2109,Phosphorus,0,mg
2109,Sodium,1.3,mg
2109,Potassium,8.8,mg
2109,Zinc,0.1,mg
2110,Energy,48,cal
2110,Protein,0.4,g
2110,Carbohydrates,5.4,g
2110,Fiber,0.3,g
2110,Fat,2.8,g
2110,Cholesterol,0,mg
2110,Vitamin A,113.2,mcg
2110,Vitamin B1,0,mg
2110,Vitamin B2,0,mg
2110,Vitamin B3,0.2,mg
2110,Vitamin C,0.5,mg
2110,Folic Acid,1.8,mcg
2110,Calcium,3.7,mg
2110,Iron,0.1,mg
2110,Magnesium,0,mg
2110,Phosphorus,0,mg
2110,Sodium,1.3,mg
2110,Potassium,8.8,mg
2110,Zinc,0.1,mg
2111,Energy,48,cal
2111,Protein,0.4,g
2111,Carbohydrates,5.4,g
2111,Fiber,0.3,g
2111,Fat,2.8,g
2111,Cholesterol,0,mg
2111,Vitamin A,113.2,mcg
2111,Vitamin B1,0,mg
2111,Vitamin B2,0,mg
2111,Vitamin B3,0.2,mg
2111,Vitamin C,0.5,mg
2111,Folic Acid,1.8,mcg
2111,Calcium,3.7,mg
2111,Iron,0.1,mg
2111,Magnesium,0,mg
2111,Phosphorus,0,mg
2111,Sodium,1.3,mg
2111,Potassium,8.8,mg
2111,Zinc,0.1,mg
2112,Energy,97,cal
2112,Protein,1.5,g
2112,Carbohydrates,5.5,g
2112,Fiber,2.9,g
2112,Fat,7.7,g
2112,Cholesterol,0,mg
2112,Sodium,37.3,mg
2113,Energy,97,cal
2113,Protein,1.5,g
2113,Carbohydrates,5.5,g
2113,Fiber,2.9,g
2113,Fat,7.7,g
2113,Cholesterol,0,mg
2113,Sodium,37.3,mg
2114,Energy,137,cal
2114,Protein,3.9,g
2114,Carbohydrates,17.5,g
2114,Fiber,0.7,g
2114,Fat,6.2,g
2114,Cholesterol,0,mg
2114,Sodium,80.5,mg
2115,Energy,54,cal
2115,Protein,2.2,g
2115,Carbohydrates,5.3,g
2115,Fiber,0.9,g
2115,Fat,2.7,g
2115,Cholesterol,0,mg
2115,Sodium,165.9,mg
2116,Energy,202,cal
2116,Protein,9.3,g
2116,Carbohydrates,17.5,g
2116,Fiber,1.2,g
2116,Fat,10.5,g
2116,Cholesterol,0,mg
2116,Vitamin A,349.6,mcg
2116,Vitamin B1,0.1,mg
2116,Vitamin B2,0.1,mg
2116,Vitamin B3,1,mg
2116,Vitamin C,14.4,mg
2116,Folic Acid,19.1,mcg
2116,Calcium,251.2,mg
2116,Iron,1.8,mg
2116,Magnesium,0,mg
2116,Phosphorus,0,mg
2116,Sodium,10.2,mg
2116,Potassium,138.4,mg
2116,Zinc,0.5,mg
2119,Energy,453,cal
2119,Protein,13.6,g
2119,Carbohydrates,51.1,g
2119,Fiber,7.8,g
2119,Fat,23.8,g
2119,Cholesterol,0,mg
2119,Vitamin A,352.1,mcg
2119,Vitamin B1,0.7,mg
2119,Vitamin B2,0.4,mg
2119,Vitamin B3,4.9,mg
2119,Vitamin C,22.7,mg
2119,Folic Acid,109,mcg
2119,Calcium,90.8,mg
2119,Iron,3.9,mg
2119,Magnesium,0,mg
2119,Phosphorus,0,mg
2119,Sodium,517.9,mg
2119,Potassium,175.6,mg
2119,Zinc,1.1,mg
2120,Energy,17,calories
2120,Protein,0.3,gm
2120,Carbohydrates,1.7,gm
2120,Fat,1,gm
2120,Fibre,0.2,gm
2122,Energy,311,cal
2122,Protein,8.4,g
2122,Carbohydrates,23.2,g
2122,Fiber,0.7,g
2122,Fat,20.7,g
2122,Cholesterol,14.7,mg
2122,Vitamin A,1124.4,mcg
2122,Vitamin B1,0.1,mg
2122,Vitamin B2,0.1,mg
2122,Vitamin B3,0.6,mg
2122,Vitamin C,11.3,mg
2122,Folic Acid,1.9,mcg
2122,Calcium,119,mg
2122,Iron,2.4,mg
2122,Magnesium,0,mg
2122,Phosphorus,0,mg
2122,Sodium,249.7,mg
2122,Potassium,68.7,mg
2122,Zinc,0.1,mg
2123,Energy,229,cal
2123,Protein,3.1,g
2123,Carbohydrates,20.8,g
2123,Fiber,0,g
2123,Fat,14.9,g
2123,Cholesterol,0,mg
2123,Vitamin A,576,mcg
2123,Vitamin B1,0,mg
2123,Vitamin B2,0,mg
2123,Vitamin B3,0.3,mg
2123,Vitamin C,0,mg
2123,Folic Acid,0,mcg
2123,Calcium,4.4,mg
2123,Iron,0.4,mg
2123,Magnesium,0,mg
2123,Phosphorus,0,mg
2123,Sodium,148.7,mg
2123,Potassium,4.7,mg
2123,Zinc,0,mg
2124,Energy,229,cal
2124,Protein,3.1,g
2124,Carbohydrates,20.8,g
2124,Fiber,0,g
2124,Fat,14.9,g
2124,Cholesterol,0,mg
2124,Vitamin A,576,mcg
2124,Vitamin B1,0,mg
2124,Vitamin B2,0,mg
2124,Vitamin B3,0.3,mg
2124,Vitamin C,0,mg
2124,Folic Acid,0,mcg
2124,Calcium,4.4,mg
2124,Iron,0.4,mg
2124,Magnesium,0,mg
2124,Phosphorus,0,mg
2124,Sodium,148.7,mg
2124,Potassium,4.7,mg
2124,Zinc,0,mg
2125,Energy,229,cal
2125,Protein,3.1,g
2125,Carbohydrates,20.8,g
2125,Fiber,0,g
2125,Fat,14.9,g
2125,Cholesterol,0,mg
2125,Vitamin A,576,mcg
2125,Vitamin B1,0,mg
2125,Vitamin B2,0,mg
2125,Vitamin B3,0.3,mg
2125,Vitamin C,0,mg
2125,Folic Acid,0,mcg
2125,Calcium,4.4,mg
2125,Iron,0.4,mg
2125,Magnesium,0,mg
2125,Phosphorus,0,mg
2125,Sodium,148.7,mg
2125,Potassium,4.7,mg
2125,Zinc,0,mg
2127,Energy,37,cal
2127,Protein,1.2,g
2127,Carbohydrates,5.5,g
2127,Fiber,0.8,g
2127,Fat,1.2,g
2127,Cholesterol,0,mg
2127,Sodium,6.3,mg
2128,Energy,37,cal
2128,Protein,1.2,g
2128,Carbohydrates,5.5,g
2128,Fiber,0.8,g
2128,Fat,1.2,g
2128,Cholesterol,0,mg
2128,Sodium,6.3,mg
2129,Energy,57,cal
2129,Protein,0.8,g
2129,Carbohydrates,5.9,g
2129,Fiber,0.4,g
2129,Fat,3.3,g
2129,Cholesterol,0,mg
2129,Vitamin A,54.4,mcg
2129,Vitamin B1,0,mg
2129,Vitamin B2,0,mg
2129,Vitamin B3,0.6,mg
2129,Vitamin C,1.7,mg
2129,Folic Acid,1.7,mcg
2129,Calcium,3.5,mg
2129,Iron,0.1,mg
2129,Magnesium,0,mg
2129,Phosphorus,0,mg
2129,Sodium,1,mg
2129,Potassium,21.7,mg
2129,Zinc,0.1,mg
2130,Energy,74,cal
2130,Protein,2.3,g
2130,Carbohydrates,4.2,g
2130,Fiber,0,g
2130,Fat,5.4,g
2130,Cholesterol,0,mg
2130,Vitamin A,67.5,mcg
2130,Vitamin B1,-0.1,mg
2130,Vitamin B2,-0.1,mg
2130,Vitamin B3,0,mg
2130,Vitamin C,0.6,mg
2130,Folic Acid,0.3,mcg
2130,Calcium,64.5,mg
2130,Iron,0.1,mg
2130,Magnesium,0,mg
2130,Phosphorus,0,mg
2130,Sodium,0.5,mg
2130,Potassium,9.2,mg
2130,Zinc,0,mg
2131,Energy,236,cal
2131,Protein,7.4,g
2131,Carbohydrates,20.1,g
2131,Fiber,1.5,g
2131,Fat,14.9,g
2131,Cholesterol,0,mg
2131,Sodium,3.2,mg
2132,Energy,108,cal
2132,Protein,1.5,g
2132,Carbohydrates,21,g
2132,Fiber,1.3,g
2132,Fat,2.6,g
2132,Cholesterol,0,mg
2132,Vitamin A,651.6,mcg
2132,Vitamin B1,0,mg
2132,Vitamin B2,0,mg
2132,Vitamin B3,0,mg
2132,Vitamin C,26,mg
2132,Folic Acid,0,mcg
2132,Calcium,19.6,mg
2132,Iron,0.7,mg
2132,Magnesium,0,mg
2132,Phosphorus,0,mg
2132,Sodium,10.3,mg
2132,Potassium,13.5,mg
2132,Zinc,0,mg
2133,Energy,70,cal
2133,Protein,1,g
2133,Carbohydrates,10.4,g
2133,Fiber,0.4,g
2133,Fat,2.7,g
2133,Cholesterol,0,mg
2133,Vitamin A,44.1,mcg
2133,Vitamin B1,0,mg
2133,Vitamin B2,0,mg
2133,Vitamin B3,0.1,mg
2133,Vitamin C,18.3,mg
2133,Folic Acid,11.8,mcg
2133,Calcium,9,mg
2133,Iron,4.5,mg
2133,Magnesium,0,mg
2133,Phosphorus,0,mg
2133,Sodium,10.8,mg
2133,Potassium,145.7,mg
2133,Zinc,0,mg
2134,Energy,70,cal
2134,Protein,1,g
2134,Carbohydrates,10.4,g
2134,Fiber,0.4,g
2134,Fat,2.7,g
2134,Cholesterol,0,mg
2134,Vitamin A,44.1,mcg
2134,Vitamin B1,0,mg
2134,Vitamin B2,0,mg
2134,Vitamin B3,0.1,mg
2134,Vitamin C,18.3,mg
2134,Folic Acid,11.8,mcg
2134,Calcium,9,mg
2134,Iron,4.5,mg
2134,Magnesium,0,mg
2134,Phosphorus,0,mg
2134,Sodium,10.8,mg
2134,Potassium,145.7,mg
2134,Zinc,0,mg
2135,Energy,52,cal
2135,Protein,3.3,g
2135,Carbohydrates,9.2,g
2135,Fiber,4.9,g
2135,Fat,0.2,g
2135,Cholesterol,0,mg
2135,Sodium,5193.1,mg
2136,Energy,52,cal
2136,Protein,3.3,g
2136,Carbohydrates,9.2,g
2136,Fiber,4.9,g
2136,Fat,0.2,g
2136,Cholesterol,0,mg
2136,Sodium,5193.1,mg
2137,Energy,52,cal
2137,Protein,3.3,g
2137,Carbohydrates,9.2,g
2137,Fiber,4.9,g
2137,Fat,0.2,g
2137,Cholesterol,0,mg
2137,Sodium,5193.1,mg
2138,Energy,102,cal
2138,Protein,3.1,g
2138,Carbohydrates,10.3,g
2138,Fiber,1,g
2138,Fat,5.9,g
2138,Cholesterol,0,mg
2138,Sodium,2.2,mg
2139,Energy,408,cal
2139,Protein,4.4,g
2139,Carbohydrates,40.4,g
2139,Fiber,1.6,g
2139,Fat,25.4,g
2139,Cholesterol,0,mg
2139,Vitamin A,243.7,mcg
2139,Vitamin B1,0.2,mg
2139,Vitamin B2,0.1,mg
2139,Vitamin B3,2,mg
2139,Vitamin C,11.2,mg
2139,Folic Acid,19.8,mcg
2139,Calcium,23.9,mg
2139,Iron,1.4,mg
2139,Magnesium,0,mg
2139,Phosphorus,0,mg
2139,Sodium,98.4,mg
2139,Potassium,202.9,mg
2139,Zinc,0.6,mg
2140,Energy,408,cal
2140,Protein,4.4,g
2140,Carbohydrates,40.4,g
2140,Fiber,1.6,g
2140,Fat,25.4,g
2140,Cholesterol,0,mg
2140,Vitamin A,243.7,mcg
2140,Vitamin B1,0.2,mg
2140,Vitamin B2,0.1,mg
2140,Vitamin B3,2,mg
2140,Vitamin C,11.2,mg
2140,Folic Acid,19.8,mcg
2140,Calcium,23.9,mg
2140,Iron,1.4,mg
2140,Magnesium,0,mg
2140,Phosphorus,0,mg
2140,Sodium,98.4,mg
2140,Potassium,202.9,mg
2140,Zinc,0.6,mg
2141,Energy,278,cal
2141,Protein,4,g
2141,Carbohydrates,36.3,g
2141,Fiber,1.5,g
2141,Fat,12.9,g
2141,Cholesterol,0,mg
2141,Vitamin A,131.1,mcg
2141,Vitamin B1,0.2,mg
2141,Vitamin B2,0.1,mg
2141,Vitamin B3,1.8,mg
2141,Vitamin C,11.2,mg
2141,Folic Acid,19.4,mcg
2141,Calcium,23.6,mg
2141,Iron,1.3,mg
2141,Magnesium,0,mg
2141,Phosphorus,0,mg
2141,Sodium,53.6,mg
2141,Potassium,198.8,mg
2141,Zinc,0.6,mg
2142,Energy,168,cal
2142,Protein,1.4,g
2142,Carbohydrates,6.1,g
2142,Fiber,2.5,g
2142,Fat,15.6,g
2142,Cholesterol,0,mg
2142,Vitamin A,253,mcg
2142,Vitamin B1,0,mg
2142,Vitamin B2,0,mg
2142,Vitamin B3,0.3,mg
2142,Vitamin C,8.7,mg
2142,Folic Acid,20.4,mcg
2142,Calcium,38.3,mg
2142,Iron,0.8,mg
2142,Magnesium,0,mg
2142,Phosphorus,0,mg
2142,Sodium,20.1,mg
2142,Potassium,114.3,mg
2142,Zinc,0.3,mg
2143,Energy,184,cal
2143,Protein,5.3,g
2143,Carbohydrates,23.6,g
2143,Fiber,2.5,g
2143,Fat,6,g
2143,Cholesterol,10,mg
2143,Sodium,118.4,mg
2144,Energy,161,cal
2144,Protein,5,g
2144,Carbohydrates,17,g
2144,Fiber,2.6,g
2144,Fat,6.3,g
2144,Cholesterol,12,mg
2144,Sodium,28,mg
2145,Energy,166,cal
2145,Protein,0.7,g
2145,Carbohydrates,6.5,g
2145,Fiber,3.4,g
2145,Fat,15.2,g
2145,Cholesterol,0,mg
2145,Sodium,2733.9,mg
2146,Energy,90,cal
2146,Protein,1.7,g
2146,Carbohydrates,17.5,g
2146,Fiber,4.1,g
2146,Fat,1.4,g
2146,Cholesterol,0,mg
2146,Sodium,267.5,mg
2147,Energy,89,cal
2147,Protein,2.5,g
2147,Carbohydrates,5.5,g
2147,Fiber,1,g
2147,Fat,5.6,g
2147,Cholesterol,10.3,mg
2147,Sodium,42.3,mg
2148,Energy,286,cal
2148,Protein,11.4,g
2148,Carbohydrates,34.1,g
2148,Fiber,14.3,g
2148,Fat,11.4,g
2148,Cholesterol,0,mg
2148,Sodium,34,mg
2149,Energy,105,cal
2149,Protein,2.8,g
2149,Carbohydrates,3.9,g
2149,Fiber,3,g
2149,Fat,8.9,g
2149,Cholesterol,0,mg
2149,Sodium,8.7,mg
2150,Energy,63,cal
2150,Protein,1.2,g
2150,Carbohydrates,8.7,g
2150,Fiber,2.7,g
2150,Fat,2.8,g
2150,Cholesterol,0,mg
2150,Sodium,12.5,mg
2151,Energy,234,cal
2151,Protein,10.5,g
2151,Carbohydrates,30.4,g
2151,Fiber,8.2,g
2151,Fat,7.8,g
2151,Cholesterol,0,mg
2151,Sodium,38.7,mg
2152,Energy,234,cal
2152,Protein,10.5,g
2152,Carbohydrates,30.4,g
2152,Fiber,8.2,g
2152,Fat,7.8,g
2152,Cholesterol,0,mg
2152,Sodium,38.7,mg
2153,Energy,43,cal
2153,Protein,1,g
2153,Carbohydrates,8.6,g
2153,Fiber,5.2,g
2153,Fat,0.4,g
2153,Cholesterol,0,mg
2153,Sodium,153,mg
2154,Energy,43,cal
2154,Protein,1,g
2154,Carbohydrates,8.6,g
2154,Fiber,5.2,g
2154,Fat,0.4,g
2154,Cholesterol,0,mg
2154,Sodium,153,mg
2155,Energy,189,cal
2155,Protein,6.5,g
2155,Carbohydrates,23,g
2155,Fiber,0.1,g
2155,Fat,7.9,g
2155,Cholesterol,5,mg
2155,Sodium,16.9,mg
2156,Energy,254,cal
2156,Protein,5.9,g
2156,Carbohydrates,38.4,g
2156,Fiber,3.4,g
2156,Fat,7.3,g
2156,Cholesterol,8,mg
2156,Sodium,23.8,mg
2158,Energy,81,cal
2158,Protein,1.5,g
2158,Carbohydrates,5,g
2158,Fiber,1,g
2158,Fat,5.4,g
2158,Cholesterol,4,mg
2158,Sodium,8.9,mg
2159,Energy,32,cal
2159,Protein,0.5,g
2159,Carbohydrates,4.8,g
2159,Fiber,0.3,g
2159,Fat,1.1,g
2159,Cholesterol,0.4,mg
2159,Sodium,1.2,mg
2160,Energy,57,cal
2160,Protein,1.7,g
2160,Carbohydrates,11.7,g
2160,Fiber,3.7,g
2160,Fat,0.3,g
2160,Cholesterol,0,mg
2160,Sodium,46.5,mg
2161,Energy,38,cal
2161,Protein,2.3,g
2161,Carbohydrates,4,g
2161,Fiber,0.7,g
2161,Fat,1.3,g
2161,Cholesterol,0,mg
2161,Vitamin A,167.5,mcg
2161,Vitamin B1,0,mg
2161,Vitamin B2,0,mg
2161,Vitamin B3,0.1,mg
2161,Vitamin C,2.1,mg
2161,Folic Acid,4.2,mcg
2161,Calcium,97.3,mg
2161,Iron,0.2,mg
2161,Magnesium,0,mg
2161,Phosphorus,0,mg
2161,Sodium,34.1,mg
2161,Potassium,16.6,mg
2161,Zinc,0.1,mg
2162,Energy,117,cal
2162,Protein,2.9,g
2162,Carbohydrates,5.3,g
2162,Fiber,1.5,g
2162,Fat,7.9,g
2162,Cholesterol,10,mg
2162,Sodium,17.9,mg
2163,Energy,7,cal
2163,Protein,0.1,g
2163,Carbohydrates,1.6,g
2163,Fiber,0.2,g
2163,Fat,0,g
2163,Cholesterol,0,mg
2163,Sodium,111.9,mg
2164,Energy,103,cal
2164,Protein,3.2,g
2164,Carbohydrates,8.9,g
2164,Fiber,2,g
2164,Fat,6,g
2164,Cholesterol,0,mg
2164,Sodium,146.5,mg
2165,Energy,10,cal
2165,Protein,1,g
2165,Carbohydrates,1.5,g
2165,Fiber,0.1,g
2165,Fat,0,g
2165,Cholesterol,0,mg
2165,Sodium,13.8,mg
2166,Energy,66,cal
2166,Protein,2.6,g
2166,Carbohydrates,8.8,g
2166,Fiber,1,g
2166,Fat,2.4,g
2166,Cholesterol,0,mg
2166,Sodium,7,mg
2167,Energy,66,cal
2167,Protein,2.6,g
2167,Carbohydrates,8.8,g
2167,Fiber,1,g
2167,Fat,2.4,g
2167,Cholesterol,0,mg
2167,Sodium,7,mg
2168,Energy,26,cal
2168,Protein,0.5,g
2168,Carbohydrates,5.6,g
2168,Fiber,1.9,g
2168,Fat,0.2,g
2168,Cholesterol,0,mg
2168,Vitamin A,136.9,mcg
2168,Vitamin B1,0.1,mg
2168,Vitamin B2,0,mg
2168,Vitamin B3,0.2,mg
2168,Vitamin C,12.8,mg
2168,Folic Acid,16.3,mcg
2168,Calcium,23.3,mg
2168,Iron,0.5,mg
2168,Magnesium,0,mg
2168,Phosphorus,0,mg
2168,Sodium,12.2,mg
2168,Potassium,83.3,mg
2168,Zinc,0.1,mg
2173,Energy,143,cal
2173,Protein,3.7,g
2173,Carbohydrates,20.2,g
2173,Fiber,0.9,g
2173,Fat,4.2,g
2173,Cholesterol,6.4,mg
2173,Sodium,9.5,mg
2174,Energy,376,cal
2174,Protein,8.5,g
2174,Carbohydrates,36.9,g
2174,Fiber,1.8,g
2174,Fat,18.7,g
2174,Cholesterol,20,mg
2174,Sodium,28,mg
2175,Energy,292,cal
2175,Protein,8.3,g
2175,Carbohydrates,14.7,g
2175,Fiber,1.3,g
2175,Fat,18.4,g
2175,Cholesterol,26,mg
2175,Sodium,37.6,mg
2176,Energy,218,cal
2176,Protein,8.2,g
2176,Carbohydrates,12.9,g
2176,Fiber,1.3,g
2176,Fat,11.3,g
2176,Cholesterol,27.8,mg
2176,Sodium,54.4,mg
2177,Energy,229,cal
2177,Protein,5.1,g
2177,Carbohydrates,29.7,g
2177,Fiber,0.3,g
2177,Fat,9.4,g
2177,Cholesterol,4,mg
2177,Sodium,13.8,mg
2178,Energy,19,cal
2178,Protein,0.6,g
2178,Carbohydrates,1.4,g
2178,Fiber,0,g
2178,Fat,0.9,g
2178,Cholesterol,2.3,mg
2178,Sodium,2.8,mg
2179,Energy,154,cal
2179,Protein,7.5,g
2179,Carbohydrates,29.4,g
2179,Fiber,8.7,g
2179,Fat,3,g
2179,Cholesterol,0,mg
2179,Vitamin A,56.9,mcg
2179,Vitamin B1,0,mg
2179,Vitamin B2,0,mg
2179,Vitamin B3,0,mg
2179,Vitamin C,4.3,mg
2179,Folic Acid,27.3,mcg
2179,Calcium,59.8,mg
2179,Iron,0.4,mg
2179,Magnesium,0,mg
2179,Phosphorus,0,mg
2179,Sodium,616.2,mg
2179,Potassium,345.5,mg
2179,Zinc,1.6,mg
2180,Energy,107,kcal
2180,Protein,2.7,gm
2180,Carbohydrates,13.2,gm
2180,Fat,4.8,gm
2180,Fibre,1.1,gm
2180,Vitamin A,284.7,mcg
2181,Energy,107,kcal
2181,Protein,2.7,gm
2181,Carbohydrates,13.2,gm
2181,Fat,4.8,gm
2181,Fibre,1.1,gm
2181,Vitamin A,284.7,mcg
2182,Energy,131,cal
2182,Protein,2.9,g
2182,Carbohydrates,16.7,g
2182,Fiber,3.3,g
2182,Fat,5,g
2182,Cholesterol,0,mg
2182,Vitamin A,1352.4,mcg
2182,Vitamin B1,0.1,mg
2182,Vitamin B2,0.1,mg
2182,Vitamin B3,0.8,mg
2182,Vitamin C,9,mg
2182,Folic Acid,17.1,mcg
2182,Calcium,143.1,mg
2182,Iron,1,mg
2182,Magnesium,0,mg
2182,Phosphorus,0,mg
2182,Sodium,57.9,mg
2182,Potassium,192.7,mg
2182,Zinc,0.5,mg
2183,Energy,131,cal
2183,Protein,2.9,g
2183,Carbohydrates,16.7,g
2183,Fiber,3.3,g
2183,Fat,5,g
2183,Cholesterol,0,mg
2183,Vitamin A,1352.4,mcg
2183,Vitamin B1,0.1,mg
2183,Vitamin B2,0.1,mg
2183,Vitamin B3,0.8,mg
2183,Vitamin C,9,mg
2183,Folic Acid,17.1,mcg
2183,Calcium,143.1,mg
2183,Iron,1,mg
2183,Magnesium,0,mg
2183,Phosphorus,0,mg
2183,Sodium,57.9,mg
2183,Potassium,192.7,mg
2183,Zinc,0.5,mg
2184,Energy,56,cal
2184,Protein,1.5,g
2184,Carbohydrates,1.9,g
2184,Fiber,0.1,g
2184,Fat,4.9,g
2184,Cholesterol,0,mg
2184,Vitamin A,67.8,mcg
2184,Vitamin B1,-0.1,mg
2184,Vitamin B2,-0.1,mg
2184,Vitamin B3,-0.1,mg
2184,Vitamin C,1.3,mg
2184,Folic Acid,0.4,mcg
2184,Calcium,56.3,mg
2184,Iron,0.1,mg
2184,Magnesium,0,mg
2184,Phosphorus,0,mg
2184,Sodium,19.9,mg
2184,Potassium,5.4,mg
2184,Zinc,0,mg
2185,Energy,144,cal
2185,Protein,4.1,g
2185,Carbohydrates,20.8,g
2185,Fiber,1.3,g
2185,Fat,4.6,g
2185,Cholesterol,2.6,mg
2185,Sodium,10.7,mg
2186,Energy,456,cal
2186,Protein,6.3,g
2186,Carbohydrates,43.6,g
2186,Fiber,0.9,g
2186,Fat,30.4,g
2186,Cholesterol,0,mg
2186,Sodium,282.7,mg
2187,Energy,16,cal
2187,Protein,0.4,g
2187,Carbohydrates,0.8,g
2187,Fiber,0.2,g
2187,Fat,1.2,g
2187,Cholesterol,0,mg
2187,Sodium,2.2,mg
2190,Energy,445,cal
2190,Protein,13,g
2190,Carbohydrates,44,g
2190,Fiber,3.7,g
2190,Fat,21.9,g
2190,Cholesterol,16,mg
2190,Sodium,27.7,mg
2191,Energy,445,cal
2191,Protein,13,g
2191,Carbohydrates,44,g
2191,Fiber,3.7,g
2191,Fat,21.9,g
2191,Cholesterol,16,mg
2191,Sodium,27.7,mg
2192,Energy,167,cal
2192,Protein,4.8,g
2192,Carbohydrates,35.5,g
2192,Fiber,7.4,g
2192,Fat,0.6,g
2192,Cholesterol,0,mg
2192,Sodium,41.7,mg
2193,Energy,167,cal
2193,Protein,4.8,g
2193,Carbohydrates,35.5,g
2193,Fiber,7.4,g
2193,Fat,0.6,g
2193,Cholesterol,0,mg
2193,Sodium,41.7,mg
2194,Energy,167,cal
2194,Protein,4.8,g
2194,Carbohydrates,35.5,g
2194,Fiber,7.4,g
2194,Fat,0.6,g
2194,Cholesterol,0,mg
2194,Sodium,41.7,mg
2195,Energy,167,cal
2195,Protein,4.8,g
2195,Carbohydrates,35.5,g
2195,Fiber,7.4,g
2195,Fat,0.6,g
2195,Cholesterol,0,mg
2195,Sodium,41.7,mg
2196,Energy,167,cal
2196,Protein,4.8,g
2196,Carbohydrates,35.5,g
2196,Fiber,7.4,g
2196,Fat,0.6,g
2196,Cholesterol,0,mg
2196,Sodium,41.7,mg
2197,Energy,167,cal
2197,Protein,4.8,g
2197,Carbohydrates,35.5,g
2197,Fiber,7.4,g
2197,Fat,0.6,g
2197,Cholesterol,0,mg
2197,Sodium,41.7,mg
2198,Energy,167,cal
2198,Protein,4.8,g
2198,Carbohydrates,35.5,g
2198,Fiber,7.4,g
2198,Fat,0.6,g
2198,Cholesterol,0,mg
2198,Sodium,41.7,mg
2199,Energy,180,cal
2199,Protein,10.2,g
2199,Carbohydrates,5.3,g
2199,Fiber,0,g
2199,Fat,12.5,g
2199,Cholesterol,45.6,mg
2199,Sodium,516.8,mg
2200,Energy,250,cal
2200,Protein,5.5,g
2200,Carbohydrates,32.8,g
2200,Fiber,2,g
2200,Fat,10.8,g
2200,Cholesterol,15,mg
2200,Sodium,58.7,mg
2201,Energy,250,cal
2201,Protein,5.5,g
2201,Carbohydrates,32.8,g
2201,Fiber,2,g
2201,Fat,10.8,g
2201,Cholesterol,15,mg
2201,Sodium,58.7,mg
2202,Energy,1023,cal
2202,Protein,10.3,g
2202,Carbohydrates,220.6,g
2202,Fiber,9.7,g
2202,Fat,10,g
2202,Cholesterol,4.7,mg
2202,Sodium,210,mg
2203,Energy,1023,cal
2203,Protein,10.3,g
2203,Carbohydrates,220.6,g
2203,Fiber,9.7,g
2203,Fat,10,g
2203,Cholesterol,4.7,mg
2203,Sodium,210,mg
2204,Energy,1023,cal
2204,Protein,10.3,g
2204,Carbohydrates,220.6,g
2204,Fiber,9.7,g
2204,Fat,10,g
2204,Cholesterol,4.7,mg
2204,Sodium,210,mg
2205,Energy,520,cal
2205,Protein,6.7,g
2205,Carbohydrates,17.6,g
2205,Fiber,6.5,g
2205,Fat,45.8,g
2205,Cholesterol,0,mg
2205,Vitamin A,615.7,mcg
2205,Vitamin B1,0.2,mg
2205,Vitamin B2,0.2,mg
2205,Vitamin B3,1.1,mg
2205,Vitamin C,28.7,mg
2205,Folic Acid,97.9,mcg
2205,Calcium,200.6,mg
2205,Iron,1.6,mg
2205,Magnesium,0,mg
2205,Phosphorus,0,mg
2205,Sodium,24.1,mg
2205,Potassium,264.3,mg
2205,Zinc,0.7,mg
2206,Energy,98,cal
2206,Protein,1.4,g
2206,Carbohydrates,4.9,g
2206,Fiber,2.2,g
2206,Fat,7.9,g
2206,Cholesterol,0,mg
2206,Vitamin A,125.2,mcg
2206,Vitamin B1,0.1,mg
2206,Vitamin B2,0.1,mg
2206,Vitamin B3,0.3,mg
2206,Vitamin C,9.4,mg
2206,Folic Acid,37.8,mcg
2206,Calcium,48.9,mg
2206,Iron,0.4,mg
2206,Magnesium,0,mg
2206,Phosphorus,0,mg
2206,Sodium,5.9,mg
2206,Potassium,74.8,mg
2206,Zinc,0.2,mg
2207,Energy,43,cal
2207,Protein,2.5,g
2207,Carbohydrates,5,g
2207,Fiber,1.3,g
2207,Fat,1.4,g
2207,Cholesterol,0,mg
2207,Sodium,27.8,mg
2208,Energy,110,cal
2208,Protein,3.6,g
2208,Carbohydrates,12.1,g
2208,Fiber,5.2,g
2208,Fat,4.9,g
2208,Cholesterol,2,mg
2208,Sodium,210.5,mg
2209,Energy,149,cal
2209,Protein,6.7,g
2209,Carbohydrates,13,g
2209,Fiber,2.6,g
2209,Fat,6.6,g
2209,Cholesterol,8,mg
2209,Sodium,39.2,mg
2210,Energy,210,cal
2210,Protein,8.6,g
2210,Carbohydrates,14.7,g
2210,Fiber,2.6,g
2210,Fat,11.2,g
2210,Cholesterol,12,mg
2210,Sodium,55.5,mg
2211,Energy,223,cal
2211,Protein,6.8,g
2211,Carbohydrates,16.7,g
2211,Fiber,1.3,g
2211,Fat,11.5,g
2211,Cholesterol,16,mg
2211,Sodium,23.6,mg
2212,Energy,223,cal
2212,Protein,6.8,g
2212,Carbohydrates,16.7,g
2212,Fiber,1.3,g
2212,Fat,11.5,g
2212,Cholesterol,16,mg
2212,Sodium,23.6,mg
2213,Energy,223,cal
2213,Protein,6.8,g
2213,Carbohydrates,16.7,g
2213,Fiber,1.3,g
2213,Fat,11.5,g
2213,Cholesterol,16,mg
2213,Sodium,23.6,mg
2214,Energy,223,cal
2214,Protein,6.8,g
2214,Carbohydrates,16.7,g
2214,Fiber,1.3,g
2214,Fat,11.5,g
2214,Cholesterol,16,mg
2214,Sodium,23.6,mg
2215,Energy,223,cal
2215,Protein,6.8,g
2215,Carbohydrates,16.7,g
2215,Fiber,1.3,g
2215,Fat,11.5,g
2215,Cholesterol,16,mg
2215,Sodium,23.6,mg
2216,Energy,132,cal
2216,Protein,3.9,g
2216,Carbohydrates,4.7,g
2216,Fiber,0.3,g
2216,Fat,9.6,g
2216,Cholesterol,0,mg
2216,Vitamin A,231.7,mcg
2216,Vitamin B1,0,mg
2216,Vitamin B2,0,mg
2216,Vitamin B3,0.2,mg
2216,Vitamin C,2.7,mg
2216,Folic Acid,6.9,mcg
2216,Calcium,157.2,mg
2216,Iron,0.4,mg
2216,Magnesium,0,mg
2216,Phosphorus,0,mg
2216,Sodium,12.3,mg
2216,Potassium,62.2,mg
2216,Zinc,0,mg
2217,Energy,132,cal
2217,Protein,3.9,g
2217,Carbohydrates,4.7,g
2217,Fiber,0.3,g
2217,Fat,9.6,g
2217,Cholesterol,0,mg
2217,Vitamin A,231.7,mcg
2217,Vitamin B1,0,mg
2217,Vitamin B2,0,mg
2217,Vitamin B3,0.2,mg
2217,Vitamin C,2.7,mg
2217,Folic Acid,6.9,mcg
2217,Calcium,157.2,mg
2217,Iron,0.4,mg
2217,Magnesium,0,mg
2217,Phosphorus,0,mg
2217,Sodium,12.3,mg
2217,Potassium,62.2,mg
2217,Zinc,0,mg
2218,Energy,132,cal
2218,Protein,3.9,g
2218,Carbohydrates,4.7,g
2218,Fiber,0.3,g
2218,Fat,9.6,g
2218,Cholesterol,0,mg
2218,Vitamin A,231.7,mcg
2218,Vitamin B1,0,mg
2218,Vitamin B2,0,mg
2218,Vitamin B3,0.2,mg
2218,Vitamin C,2.7,mg
2218,Folic Acid,6.9,mcg
2218,Calcium,157.2,mg
2218,Iron,0.4,mg
2218,Magnesium,0,mg
2218,Phosphorus,0,mg
2218,Sodium,12.3,mg
2218,Potassium,62.2,mg
2218,Zinc,0,mg
2219,Energy,132,cal
2219,Protein,3.9,g
2219,Carbohydrates,4.7,g
2219,Fiber,0.3,g
2219,Fat,9.6,g
2219,Cholesterol,0,mg
2219,Vitamin A,231.7,mcg
2219,Vitamin B1,0,mg
2219,Vitamin B2,0,mg
2219,Vitamin B3,0.2,mg
2219,Vitamin C,2.7,mg
2219,Folic Acid,6.9,mcg
2219,Calcium,157.2,mg
2219,Iron,0.4,mg
2219,Magnesium,0,mg
2219,Phosphorus,0,mg
2219,Sodium,12.3,mg
2219,Potassium,62.2,mg
2219,Zinc,0,mg
2220,Energy,132,cal
2220,Protein,3.9,g
2220,Carbohydrates,4.7,g
2220,Fiber,0.3,g
2220,Fat,9.6,g
2220,Cholesterol,0,mg
2220,Vitamin A,231.7,mcg
2220,Vitamin B1,0,mg
2220,Vitamin B2,0,mg
2220,Vitamin B3,0.2,mg
2220,Vitamin C,2.7,mg
2220,Folic Acid,6.9,mcg
2220,Calcium,157.2,mg
2220,Iron,0.4,mg
2220,Magnesium,0,mg
2220,Phosphorus,0,mg
2220,Sodium,12.3,mg
2220,Potassium,62.2,mg
2220,Zinc,0,mg
2221,Energy,125,cal
2221,Protein,3.3,g
2221,Carbohydrates,9.4,g
2221,Fiber,2.1,g
2221,Fat,7.6,g
2221,Cholesterol,0,mg
2221,Vitamin A,324,mcg
2221,Vitamin B1,0.3,mg
2221,Vitamin B2,0.1,mg
2221,Vitamin B3,0.3,mg
2221,Vitamin C,72.2,mg
2221,Folic Acid,11.1,mcg
2221,Calcium,77.3,mg
2221,Iron,0.7,mg
2221,Magnesium,0,mg
2221,Phosphorus,0,mg
2221,Sodium,11.1,mg
2221,Potassium,93.7,mg
2221,Zinc,0.2,mg
2222,Energy,169,cal
2222,Protein,4,g
2222,Carbohydrates,20.3,g
2222,Fiber,1.7,g
2222,Fat,6.8,g
2222,Cholesterol,8,mg
2222,Sodium,19.8,mg
2223,Energy,273,cal
2223,Protein,6.8,g
2223,Carbohydrates,45.5,g
2223,Fiber,3.2,g
2223,Fat,6.1,g
2223,Cholesterol,6,mg
2223,Sodium,18.3,mg
2224,Energy,373,cal
2224,Protein,13.1,g
2224,Carbohydrates,11.1,g
2224,Fiber,0.1,g
2224,Fat,29,g
2224,Cholesterol,12,mg
2224,Sodium,14.9,mg
2225,Energy,15,cal
2225,Protein,0.5,g
2225,Carbohydrates,1,g
2225,Fiber,0.1,g
2225,Fat,0.7,g
2225,Cholesterol,1.7,mg
2225,Sodium,2.3,mg
2226,Energy,15,cal
2226,Protein,0.5,g
2226,Carbohydrates,1,g
2226,Fiber,0.1,g
2226,Fat,0.7,g
2226,Cholesterol,1.7,mg
2226,Sodium,2.3,mg
2227,Energy,386,cal
2227,Protein,11.5,g
2227,Carbohydrates,54.3,g
2227,Fiber,7,g
2227,Fat,12.2,g
2227,Cholesterol,16,mg
2227,Sodium,32.4,mg
2228,Energy,117,cal
2228,Protein,7.7,g
2228,Carbohydrates,20.3,g
2228,Fiber,2.7,g
2228,Fat,0.6,g
2228,Cholesterol,0,mg
2228,Sodium,25.8,mg
2229,Energy,1084,cal
2229,Protein,27.7,g
2229,Carbohydrates,134.8,g
2229,Fiber,13.7,g
2229,Fat,48.3,g
2229,Cholesterol,0,mg
2229,Vitamin A,597.8,mcg
2229,Vitamin B1,0.6,mg
2229,Vitamin B2,0.3,mg
2229,Vitamin B3,3.7,mg
2229,Vitamin C,2.5,mg
2229,Folic Acid,178.3,mcg
2229,Calcium,156.1,mg
2229,Iron,5.8,mg
2229,Magnesium,0,mg
2229,Phosphorus,0,mg
2229,Sodium,54.8,mg
2229,Potassium,1615.7,mg
2229,Zinc,1.6,mg
2230,Energy,1084,cal
2230,Protein,27.7,g
2230,Carbohydrates,134.8,g
2230,Fiber,13.7,g
2230,Fat,48.3,g
2230,Cholesterol,0,mg
2230,Vitamin A,597.8,mcg
2230,Vitamin B1,0.6,mg
2230,Vitamin B2,0.3,mg
2230,Vitamin B3,3.7,mg
2230,Vitamin C,2.5,mg
2230,Folic Acid,178.3,mcg
2230,Calcium,156.1,mg
2230,Iron,5.8,mg
2230,Magnesium,0,mg
2230,Phosphorus,0,mg
2230,Sodium,54.8,mg
2230,Potassium,1615.7,mg
2230,Zinc,1.6,mg
2231,Energy,232,cal
2231,Protein,6.1,g
2231,Carbohydrates,18.5,g
2231,Fiber,5.5,g
2231,Fat,15.2,g
2231,Cholesterol,0,mg
2231,Sodium,15.2,mg
2232,Energy,126,cal
2232,Protein,4.1,g
2232,Carbohydrates,14.8,g
2232,Fiber,2.5,g
2232,Fat,5.6,g
2232,Cholesterol,0,mg
2232,Sodium,9.6,mg
2233,Energy,126,cal
2233,Protein,4.1,g
2233,Carbohydrates,14.8,g
2233,Fiber,2.5,g
2233,Fat,5.6,g
2233,Cholesterol,0,mg
2233,Sodium,9.6,mg
2234,Energy,126,cal
2234,Protein,4.1,g
2234,Carbohydrates,14.8,g
2234,Fiber,2.5,g
2234,Fat,5.6,g
2234,Cholesterol,0,mg
2234,Sodium,9.6,mg
2236,Energy,53,cal
2236,Protein,2.9,g
2236,Carbohydrates,7.6,g
2236,Fiber,2,g
2236,Fat,1.2,g
2236,Cholesterol,0,mg
2236,Sodium,9.5,mg
2237,Energy,53,cal
2237,Protein,2.9,g
2237,Carbohydrates,7.6,g
2237,Fiber,2,g
2237,Fat,1.2,g
2237,Cholesterol,0,mg
2237,Sodium,9.5,mg
2238,Energy,79,kcal
2238,Protein,5.5,gm
2238,Carbohydrate,13.4,gm
2238,Invisible Fat,0.4,gm
2238,Fibre,1,gm
2238,Vitamin A,983.3,mcg
2238,Calcium,84.4,mg
2238,Iron,3.8,mg
2238,Folic Acid,43.5,mcg
2239,Energy,79,kcal
2239,Protein,5.5,gm
2239,Carbohydrate,13.4,gm
2239,Invisible Fat,0.4,gm
2239,Fibre,1,gm
2239,Vitamin A,983.3,mcg
2239,Calcium,84.4,mg
2239,Iron,3.8,mg
2239,Folic Acid,43.5,mcg
2240,Energy,184,cal
2240,Protein,9.6,g
2240,Carbohydrates,25.9,g
2240,Fiber,5.6,g
2240,Fat,4.7,g
2240,Cholesterol,0,mg
2240,Sodium,22.5,mg
2243,Energy,245,cal
2243,Protein,13.1,g
2243,Carbohydrates,32.6,g
2243,Fiber,5.4,g
2243,Fat,7,g
2243,Cholesterol,0,mg
2243,Sodium,8.8,mg
2244,Energy,145,cal
2244,Protein,6.1,g
2244,Carbohydrates,17.3,g
2244,Fiber,3.6,g
2244,Fat,5.7,g
2244,Cholesterol,15,mg
2244,Sodium,61.9,mg
2245,Energy,145,cal
2245,Protein,6.1,g
2245,Carbohydrates,17.3,g
2245,Fiber,3.6,g
2245,Fat,5.7,g
2245,Cholesterol,15,mg
2245,Sodium,61.9,mg
2246,Energy,145,cal
2246,Protein,6.1,g
2246,Carbohydrates,17.3,g
2246,Fiber,3.6,g
2246,Fat,5.7,g
2246,Cholesterol,15,mg
2246,Sodium,61.9,mg
2247,Energy,238,cal
2247,Protein,10.3,g
2247,Carbohydrates,28.1,g
2247,Fiber,6.5,g
2247,Fat,8.5,g
2247,Cholesterol,0,mg
2247,Vitamin A,282.4,mcg
2247,Vitamin B1,0.3,mg
2247,Vitamin B2,0.1,mg
2247,Vitamin B3,1,mg
2247,Vitamin C,13.1,mg
2247,Folic Acid,62.6,mcg
2247,Calcium,105.2,mg
2247,Iron,2.3,mg
2247,Magnesium,0,mg
2247,Phosphorus,0,mg
2247,Sodium,38,mg
2247,Potassium,332.8,mg
2247,Zinc,0.7,mg
2248,Energy,164,cal
2248,Protein,10.1,g
2248,Carbohydrates,25,g
2248,Fiber,4.9,g
2248,Fat,2.6,g
2248,Cholesterol,0,mg
2248,Sodium,16.7,mg
2249,Energy,164,cal
2249,Protein,10.1,g
2249,Carbohydrates,25,g
2249,Fiber,4.9,g
2249,Fat,2.6,g
2249,Cholesterol,0,mg
2249,Sodium,16.7,mg
2250,Energy,164,cal
2250,Protein,10.1,g
2250,Carbohydrates,25,g
2250,Fiber,4.9,g
2250,Fat,2.6,g
2250,Cholesterol,0,mg
2250,Sodium,16.7,mg
2251,Energy,164,cal
2251,Protein,10.1,g
2251,Carbohydrates,25,g
2251,Fiber,4.9,g
2251,Fat,2.6,g
2251,Cholesterol,0,mg
2251,Sodium,16.7,mg
2252,Energy,295,cal
2252,Protein,8.3,g
2252,Carbohydrates,22.3,g
2252,Fiber,6.7,g
2252,Fat,19.6,g
2252,Cholesterol,22.5,mg
2252,Sodium,99.4,mg
2254,Energy,148,cal
2254,Protein,6.4,g
2254,Carbohydrates,18.9,g
2254,Fiber,4.4,g
2254,Fat,5.2,g
2254,Cholesterol,0,mg
2254,Vitamin A,166.1,mcg
2254,Vitamin B1,0.2,mg
2254,Vitamin B2,0.1,mg
2254,Vitamin B3,1,mg
2254,Vitamin C,7.9,mg
2254,Folic Acid,39.4,mcg
2254,Calcium,44.5,mg
2254,Iron,1.3,mg
2254,Magnesium,0,mg
2254,Phosphorus,0,mg
2254,Sodium,15.4,mg
2254,Potassium,365.1,mg
2254,Zinc,0.4,mg
2255,Carbohydrates,18.6,gm.
2255,Cholesterol,0,mg.
2255,Energy,123,kcal.
2255,Fat,2.5,gm.
2255,Fibre,0.9,gm.
2255,Protein,6.4,gm.
2256,Carbohydrates,18.6,gm.
2256,Cholesterol,0,mg.
2256,Energy,123,kcal.
2256,Fat,2.5,gm.
2256,Fibre,0.9,gm.
2256,Protein,6.4,gm.
2257,Carbohydrates,18.6,gm.
2257,Cholesterol,0,mg.
2257,Energy,123,kcal.
2257,Fat,2.5,gm.
2257,Fibre,0.9,gm.
2257,Protein,6.4,gm.
2258,Energy,39,cal
2258,Protein,2.9,g
2258,Carbohydrates,6.4,g
2258,Fiber,1.9,g
2258,Fat,0.1,g
2258,Cholesterol,0,mg
2258,Sodium,6.1,mg
2259,Energy,39,cal
2259,Protein,2.9,g
2259,Carbohydrates,6.4,g
2259,Fiber,1.9,g
2259,Fat,0.1,g
2259,Cholesterol,0,mg
2259,Sodium,6.1,mg
2260,Energy,205,cal
2260,Protein,7.4,g
2260,Carbohydrates,20.1,g
2260,Fiber,6.5,g
2260,Fat,10.6,g
2260,Cholesterol,0,mg
2260,Sodium,37.3,mg
2261,Energy,250,cal
2261,Protein,9.4,g
2261,Carbohydrates,24.4,g
2261,Fiber,5.8,g
2261,Fat,12.8,g
2261,Cholesterol,0,mg
2261,Vitamin A,1620.4,mcg
2261,Vitamin B1,0.2,mg
2261,Vitamin B2,0.2,mg
2261,Vitamin B3,1.2,mg
2261,Vitamin C,29.1,mg
2261,Folic Acid,68.4,mcg
2261,Calcium,53.5,mg
2261,Iron,15,mg
2261,Magnesium,0,mg
2261,Phosphorus,0,mg
2261,Sodium,146.5,mg
2261,Potassium,182.5,mg
2261,Zinc,0.8,mg
2262,Energy,250,cal
2262,Protein,9.4,g
2262,Carbohydrates,24.4,g
2262,Fiber,5.8,g
2262,Fat,12.8,g
2262,Cholesterol,0,mg
2262,Vitamin A,1620.4,mcg
2262,Vitamin B1,0.2,mg
2262,Vitamin B2,0.2,mg
2262,Vitamin B3,1.2,mg
2262,Vitamin C,29.1,mg
2262,Folic Acid,68.4,mcg
2262,Calcium,53.5,mg
2262,Iron,15,mg
2262,Magnesium,0,mg
2262,Phosphorus,0,mg
2262,Sodium,146.5,mg
2262,Potassium,182.5,mg
2262,Zinc,0.8,mg
2263,Energy,259,cal
2263,Protein,12,g
2263,Carbohydrates,28.9,g
2263,Fiber,4.9,g
2263,Fat,10.7,g
2263,Cholesterol,0,mg
2263,Sodium,4,mg
2264,Energy,91,cal
2264,Protein,2.1,g
2264,Carbohydrates,6.2,g
2264,Fiber,1.5,g
2264,Fat,6.4,g
2264,Cholesterol,0,mg
2264,Vitamin A,89.8,mcg
2264,Vitamin B1,0,mg
2264,Vitamin B2,0,mg
2264,Vitamin B3,0.2,mg
2264,Vitamin C,1,mg
2264,Folic Acid,14.5,mcg
2264,Calcium,7.9,mg
2264,Iron,0.5,mg
2264,Magnesium,0,mg
2264,Phosphorus,0,mg
2264,Sodium,7.4,mg
2264,Potassium,75.3,mg
2264,Zinc,0.2,mg
2265,Energy,99,cal
2265,Protein,3.3,g
2265,Carbohydrates,19.2,g
2265,Fiber,2.5,g
2265,Fat,1.2,g
2265,Cholesterol,0,mg
2265,Sodium,22.7,mg
2266,Energy,99,cal
2266,Protein,3.3,g
2266,Carbohydrates,19.2,g
2266,Fiber,2.5,g
2266,Fat,1.2,g
2266,Cholesterol,0,mg
2266,Sodium,22.7,mg
2267,Energy,288,cal
2267,Protein,16.3,g
2267,Carbohydrates,48.3,g
2267,Fiber,12.3,g
2267,Fat,4.3,g
2267,Cholesterol,0,mg
2267,Sodium,13.6,mg
2268,Energy,288,cal
2268,Protein,16.3,g
2268,Carbohydrates,48.3,g
2268,Fiber,12.3,g
2268,Fat,4.3,g
2268,Cholesterol,0,mg
2268,Sodium,13.6,mg
2269,Energy,159,cal
2269,Protein,1.3,g
2269,Carbohydrates,3.4,g
2269,Fiber,3.6,g
2269,Fat,15.6,g
2269,Cholesterol,0,mg
2269,Sodium,5.1,mg
2270,Energy,159,cal
2270,Protein,1.3,g
2270,Carbohydrates,3.4,g
2270,Fiber,3.6,g
2270,Fat,15.6,g
2270,Cholesterol,0,mg
2270,Sodium,5.1,mg
2271,Energy,159,cal
2271,Protein,1.3,g
2271,Carbohydrates,3.4,g
2271,Fiber,3.6,g
2271,Fat,15.6,g
2271,Cholesterol,0,mg
2271,Sodium,5.1,mg
2272,Energy,159,cal
2272,Protein,1.3,g
2272,Carbohydrates,3.4,g
2272,Fiber,3.6,g
2272,Fat,15.6,g
2272,Cholesterol,0,mg
2272,Sodium,5.1,mg
2273,Energy,131,cal
2273,Protein,3.3,g
2273,Carbohydrates,14,g
2273,Fiber,3.3,g
2273,Fat,6.9,g
2273,Cholesterol,0,mg
2273,Vitamin A,161.9,mcg
2273,Vitamin B1,0.1,mg
2273,Vitamin B2,0,mg
2273,Vitamin B3,0.6,mg
2273,Vitamin C,14.6,mg
2273,Folic Acid,15.1,mcg
2273,Calcium,43.9,mg
2273,Iron,1.1,mg
2273,Magnesium,0,mg
2273,Phosphorus,0,mg
2273,Sodium,8.6,mg
2273,Potassium,137,mg
2273,Zinc,0.5,mg
2274,Energy,190,cal
2274,Protein,7.1,g
2274,Carbohydrates,19.2,g
2274,Fiber,4.1,g
2274,Fat,9.5,g
2274,Cholesterol,0,mg
2274,Vitamin A,356.4,mcg
2274,Vitamin B1,0.2,mg
2274,Vitamin B2,0.1,mg
2274,Vitamin B3,1.1,mg
2274,Vitamin C,11.2,mg
2274,Folic Acid,29.4,mcg
2274,Calcium,45.4,mg
2274,Iron,1.8,mg
2274,Magnesium,0,mg
2274,Phosphorus,0,mg
2274,Sodium,10,mg
2274,Potassium,243,mg
2274,Zinc,0.6,mg
2275,Energy,326,cal
2275,Protein,10,g
2275,Carbohydrates,24.9,g
2275,Fiber,4.6,g
2275,Fat,20.7,g
2275,Cholesterol,0,mg
2275,Vitamin A,542.6,mcg
2275,Vitamin B1,0.2,mg
2275,Vitamin B2,0.1,mg
2275,Vitamin B3,1.3,mg
2275,Vitamin C,12.6,mg
2275,Folic Acid,40.1,mcg
2275,Calcium,58.8,mg
2275,Iron,2.3,mg
2275,Magnesium,0,mg
2275,Phosphorus,0,mg
2275,Sodium,16.1,mg
2275,Potassium,299.5,mg
2275,Zinc,0.8,mg
2276,Energy,240,cal
2276,Protein,8.7,g
2276,Carbohydrates,21.7,g
2276,Fiber,3.4,g
2276,Fat,13,g
2276,Cholesterol,0,mg
2276,Vitamin A,264.1,mcg
2276,Vitamin B1,0.2,mg
2276,Vitamin B2,0.1,mg
2276,Vitamin B3,1,mg
2276,Vitamin C,6.6,mg
2276,Folic Acid,36.9,mcg
2276,Calcium,59,mg
2276,Iron,1.8,mg
2276,Magnesium,0,mg
2276,Phosphorus,0,mg
2276,Sodium,12.5,mg
2276,Potassium,283.1,mg
2276,Zinc,0.9,mg
2277,Energy,115,cal
2277,Protein,7.5,g
2277,Carbohydrates,20,g
2277,Fiber,3.4,g
2277,Fat,0.5,g
2277,Cholesterol,0,mg
2277,Sodium,8.8,mg
2278,Energy,44,cal
2278,Protein,0.9,g
2278,Carbohydrates,9.7,g
2278,Fiber,0.3,g
2278,Fat,0.1,g
2278,Cholesterol,0,mg
2278,Sodium,8.6,mg
2279,Energy,16,cal
2279,Protein,0.4,g
2279,Carbohydrates,0.5,g
2279,Fiber,0,g
2279,Fat,1.5,g
2279,Cholesterol,0,mg
2279,Sodium,0,mg
2280,Energy,173,cal
2280,Protein,4.9,g
2280,Carbohydrates,23.8,g
2280,Fiber,4.4,g
2280,Fat,7,g
2280,Cholesterol,0,mg
2280,Sodium,11.2,mg
2281,Energy,230,cal
2281,Protein,4.1,g
2281,Carbohydrates,32.8,g
2281,Fiber,4,g
2281,Fat,9.6,g
2281,Cholesterol,0.6,mg
2281,Sodium,7.2,mg
2282,Energy,48,cal
2282,Protein,0.7,g
2282,Carbohydrates,5.4,g
2282,Fiber,1.3,g
2282,Fat,2.6,g
2282,Cholesterol,0,mg
2282,Sodium,0.4,mg
2283,Energy,48,cal
2283,Protein,0.7,g
2283,Carbohydrates,5.4,g
2283,Fiber,1.3,g
2283,Fat,2.6,g
2283,Cholesterol,0,mg
2283,Sodium,0.4,mg
2284,Energy,80,cal
2284,Protein,4.7,g
2284,Carbohydrates,14.5,g
2284,Fiber,1.4,g
2284,Fat,0.4,g
2284,Cholesterol,0,mg
2284,Sodium,68.7,mg
2285,Energy,119,cal
2285,Protein,7.3,g
2285,Carbohydrates,21.3,g
2285,Fiber,2.6,g
2285,Fat,0.5,g
2285,Cholesterol,0,mg
2285,Sodium,114.7,mg
2286,Energy,87,cal
2286,Protein,3.8,g
2286,Carbohydrates,17,g
2286,Fiber,2.8,g
2286,Fat,0.4,g
2286,Cholesterol,0,mg
2286,Sodium,66.2,mg
2287,Energy,221,cal
2287,Protein,6.4,g
2287,Carbohydrates,21.8,g
2287,Fiber,1.4,g
2287,Fat,8.8,g
2287,Cholesterol,21.3,mg
2287,Sodium,42.7,mg
2288,Energy,334,cal
2288,Protein,9.5,g
2288,Carbohydrates,33.4,g
2288,Fiber,3.6,g
2288,Fat,13.3,g
2288,Cholesterol,32,mg
2288,Sodium,52.6,mg
2289,Energy,89,cal
2289,Protein,1.4,g
2289,Carbohydrates,10.3,g
2289,Fiber,0.6,g
2289,Fat,4.8,g
2289,Cholesterol,14.4,mg
2289,Sodium,48.6,mg
2290,Energy,89,cal
2290,Protein,1.4,g
2290,Carbohydrates,10.3,g
2290,Fiber,0.6,g
2290,Fat,4.8,g
2290,Cholesterol,14.4,mg
2290,Sodium,48.6,mg
2291,Energy,69,cal
2291,Protein,1.5,g
2291,Carbohydrates,3.5,g
2291,Fiber,0.6,g
2291,Fat,5.4,g
2291,Cholesterol,0,mg
2291,Sodium,0.4,mg
2292,Energy,63,cal
2292,Protein,1.6,g
2292,Carbohydrates,5.6,g
2292,Fiber,0.8,g
2292,Fat,3.8,g
2292,Cholesterol,0.6,mg
2292,Sodium,4.3,mg
2297,Energy,42,cal
2297,Protein,0.7,g
2297,Carbohydrates,4.2,g
2297,Fiber,1,g
2297,Fat,2.5,g
2297,Cholesterol,0,mg
2297,Sodium,0,mg
2298,Energy,328,cal
2298,Protein,6.1,g
2298,Carbohydrates,34.7,g
2298,Fiber,2,g
2298,Fat,18.5,g
2298,Cholesterol,26.6,mg
2298,Sodium,278.3,mg
2299,Amt,235,gm
2299,Energy,297,kcal
2299,Protein,9.1,gm
2299,CHO,24.8,gm
2299,Fat,13.2,gm
2299,Vit A,332.6,mcg
2299,Vit C,10.1,mg
2299,Calcium,446,mg
2299,Iron,1.2,mg
2299,F Acid,11.2,mcg
2299,Fibre,0.7,gm
2300,Energy,389,cal
2300,Protein,9.5,g
2300,Carbohydrates,48.5,g
2300,Fiber,3.5,g
2300,Fat,13.3,g
2300,Cholesterol,32,mg
2300,Sodium,51.6,mg
2301,Energy,180,cal
2301,Protein,5.9,g
2301,Carbohydrates,12.3,g
2301,Fiber,1.3,g
2301,Fat,8.7,g
2301,Cholesterol,21.3,mg
2301,Sodium,25.3,mg
2302,Energy,228,cal
2302,Protein,4.3,g
2302,Carbohydrates,25.5,g
2302,Fiber,3.4,g
2302,Fat,12.4,g
2302,Cholesterol,20.3,mg
2302,Sodium,67.5,mg
2303,Energy,228,cal
2303,Protein,4.3,g
2303,Carbohydrates,25.5,g
2303,Fiber,3.4,g
2303,Fat,12.4,g
2303,Cholesterol,20.3,mg
2303,Sodium,67.5,mg
2304,Energy,228,cal
2304,Protein,4.3,g
2304,Carbohydrates,25.5,g
2304,Fiber,3.4,g
2304,Fat,12.4,g
2304,Cholesterol,20.3,mg
2304,Sodium,67.5,mg
2305,Energy,228,cal
2305,Protein,4.3,g
2305,Carbohydrates,25.5,g
2305,Fiber,3.4,g
2305,Fat,12.4,g
2305,Cholesterol,20.3,mg
2305,Sodium,67.5,mg
2306,Energy,228,cal
2306,Protein,4.3,g
2306,Carbohydrates,25.5,g
2306,Fiber,3.4,g
2306,Fat,12.4,g
2306,Cholesterol,20.3,mg
2306,Sodium,67.5,mg
2310,Energy,257,cal
2310,Protein,7.4,g
2310,Carbohydrates,45.5,g
2310,Fiber,3.2,g
2310,Fat,5,g
2310,Cholesterol,14.7,mg
2310,Sodium,203.8,mg
2311,Energy,33,cal
2311,Protein,0.1,g
2311,Carbohydrates,8.8,g
2311,Fiber,0.1,g
2311,Fat,0,g
2311,Cholesterol,0,mg
2311,Sodium,0.5,mg
2312,Energy,62,cal
2312,Protein,3.4,g
2312,Carbohydrates,1.6,g
2312,Fiber,0,g
2312,Fat,5,g
2312,Cholesterol,0,mg
2312,Sodium,34.7,mg
2313,Energy,783,cal
2313,Protein,38.7,g
2313,Carbohydrates,113.5,g
2313,Fiber,20.8,g
2313,Fat,19.3,g
2313,Cholesterol,0,mg
2313,Vitamin A,1179.4,mcg
2313,Vitamin B1,0.8,mg
2313,Vitamin B2,0.4,mg
2313,Vitamin B3,3.7,mg
2313,Vitamin C,65.2,mg
2313,Folic Acid,215.5,mcg
2313,Calcium,386.6,mg
2313,Iron,8.9,mg
2313,Magnesium,0,mg
2313,Phosphorus,0,mg
2313,Sodium,89.2,mg
2313,Potassium,1314,mg
2313,Zinc,5.2,mg
2316,Energy,240,cal
2316,Protein,7.9,g
2316,Carbohydrates,22.9,g
2316,Fiber,6.3,g
2316,Fat,13.1,g
2316,Cholesterol,0,mg
2316,Vitamin A,1872.4,mcg
2316,Vitamin B1,0.2,mg
2316,Vitamin B2,0.1,mg
2316,Vitamin B3,1,mg
2316,Vitamin C,34.1,mg
2316,Folic Acid,50.2,mcg
2316,Calcium,65,mg
2316,Iron,2.2,mg
2316,Magnesium,0,mg
2316,Phosphorus,0,mg
2316,Sodium,39.5,mg
2316,Potassium,308.8,mg
2316,Zinc,0.7,mg
2317,Energy,98,cal
2317,Protein,1.8,g
2317,Carbohydrates,11.7,g
2317,Fiber,1.7,g
2317,Fat,5.2,g
2317,Cholesterol,0,mg
2317,Sodium,3.6,mg
2318,Amt,88,gm
2318,Energy,127,kcal
2318,Protein,7.2,gm
2318,Cho,20.5,gm
2318,Fat,1.8,gm
2318,Vit-A,177.3,mcg
2318,Vit-C,9.4,mg
2318,Calcium,43.9,mg
2318,Iron,1.2,mg
2318,F.Acid,37.8,mcg
2318,Fibre,0.8,gm
2319,Amt,88,gm
2319,Energy,127,kcal
2319,Protein,7.2,gm
2319,Cho,20.5,gm
2319,Fat,1.8,gm
2319,Vit A,177.3,mcg
2319,Vit C,9.4,mg
2319,Calcium,43.9,mg
2319,Iron,1.2,mg
2319,F. Acid,37.8,mcg
2319,Fibre,0.8,gm
2320,Amt,88,gm
2320,Energy,127,kcal
2320,Protein,7.2,gm
2320,Cho,20.5,gm
2320,Fat,1.8,gm
2320,Vit A,177.3,mcg
2320,Vit C,9.4,mg
2320,Calcium,43.9,mg
2320,Iron,1.2,mg
2320,F. Acid,37.8,mcg
2320,Fibre,0.8,gm
2321,Amt,88,gm
2321,Energy,127,kcal
2321,Protein,7.2,gm
2321,Cho,20.5,gm
2321,Fat,1.8,gm
2321,Vit A,177.3,mcg
2321,Vit C,9.4,mg
2321,Calcium,43.9,mg
2321,Iron,1.2,mg
2321,F. Acid,37.8,mcg
2321,Fibre,0.8,gm
2322,Amt,88,gm
2322,Energy,127,kcal
2322,Protein,7.2,gm
2322,Cho,20.5,gm
2322,Fat,1.8,gm
2322,Vit A,177.3,mcg
2322,Vit C,9.4,mg
2322,Calcium,43.9,mg
2322,Iron,1.2,mg
2322,F. Acid,37.8,mcg
2322,Fibre,0.8,gm
2323,Amt,88,gm
2323,Energy,127,kcal
2323,Protein,7.2,gm
2323,Cho,20.5,gm
2323,Fat,1.8,gm
2323,Vit A,177.3,mcg
2323,Vit C,9.4,mg
2323,Calcium,43.9,mg
2323,Iron,1.2,mg
2323,F. Acid,37.8,mcg
2323,Fibre,0.8,gm
2324,Amt,88,gm
2324,Energy,127,kcal
2324,Protein,7.2,gm
2324,Cho,20.5,gm
2324,Fat,1.8,gm
2324,Vit A,177.3,mcg
2324,Vit C,9.4,mg
2324,Calcium,43.9,mg
2324,Iron,1.2,mg
2324,F. Acid,37.8,mcg
2324,Fibre,0.8,gm
2325,Energy,35,cal
2325,Protein,0.7,g
2325,Carbohydrates,1.8,g
2325,Fiber,0.4,g
2325,Fat,2.7,g
2325,Cholesterol,1.5,mg
2325,Vitamin A,34.7,mcg
2325,Vitamin B1,0,mg
2325,Vitamin B2,0,mg
2325,Vitamin B3,0.1,mg
2325,Vitamin C,5.2,mg
2325,Folic Acid,1.4,mcg
2325,Calcium,13.3,mg
2325,Iron,0.1,mg
2325,Magnesium,0,mg
2325,Phosphorus,0,mg
2325,Sodium,18.1,mg
2325,Potassium,9.4,mg
2325,Zinc,0.1,mg
2326,Energy,491,cal
2326,Protein,12.4,g
2326,Carbohydrates,33.7,g
2326,Fiber,6.7,g
2326,Fat,32.7,g
2326,Cholesterol,29.4,mg
2326,Vitamin A,964.3,mcg
2326,Vitamin B1,0.1,mg
2326,Vitamin B2,0.1,mg
2326,Vitamin B3,1.4,mg
2326,Vitamin C,2.1,mg
2326,Folic Acid,28.8,mcg
2326,Calcium,240.3,mg
2326,Iron,2,mg
2326,Magnesium,0,mg
2326,Phosphorus,0,mg
2326,Sodium,480.7,mg
2326,Potassium,195.8,mg
2326,Zinc,1.4,mg
2327,Energy,49,cal
2327,Protein,4.4,g
2327,Carbohydrates,7.5,g
2327,Fiber,0,g
2327,Fat,0.1,g
2327,Cholesterol,0,mg
2327,Sodium,62.5,mg
2328,Energy,984,cal
2328,Protein,23.7,g
2328,Carbohydrates,102.8,g
2328,Fiber,17.5,g
2328,Fat,55.3,g
2328,Cholesterol,151.3,mg
2328,Sodium,527.7,mg
2329,Energy,984,cal
2329,Protein,23.7,g
2329,Carbohydrates,102.8,g
2329,Fiber,17.5,g
2329,Fat,55.3,g
2329,Cholesterol,151.3,mg
2329,Sodium,527.7,mg
2330,Energy,984,cal
2330,Protein,23.7,g
2330,Carbohydrates,102.8,g
2330,Fiber,17.5,g
2330,Fat,55.3,g
2330,Cholesterol,151.3,mg
2330,Sodium,527.7,mg
2334,Energy,69,cal
2334,Protein,0.2,g
2334,Carbohydrates,17,g
2334,Fiber,0.3,g
2334,Fat,0.2,g
2334,Cholesterol,0,mg
2334,Sodium,7.8,mg
2335,Energy,69,cal
2335,Protein,0.2,g
2335,Carbohydrates,17,g
2335,Fiber,0.3,g
2335,Fat,0.2,g
2335,Cholesterol,0,mg
2335,Sodium,7.8,mg
2336,Energy,146,cal
2336,Protein,4.7,g
2336,Carbohydrates,6.2,g
2336,Fiber,0.7,g
2336,Fat,9.1,g
2336,Cholesterol,16,mg
2336,Sodium,20.7,mg
2337,Energy,226,cal
2337,Protein,4.4,g
2337,Carbohydrates,29.6,g
2337,Fiber,2,g
2337,Fat,8.7,g
2337,Cholesterol,0,mg
2337,Vitamin A,527.2,mcg
2337,Vitamin B1,0.1,mg
2337,Vitamin B2,0.1,mg
2337,Vitamin B3,1.4,mg
2337,Vitamin C,20.2,mg
2337,Folic Acid,22.9,mcg
2337,Calcium,138,mg
2337,Iron,1.2,mg
2337,Magnesium,0,mg
2337,Phosphorus,0,mg
2337,Sodium,73.2,mg
2337,Potassium,338.6,mg
2337,Zinc,0.6,mg
2338,Energy,226,cal
2338,Protein,4.4,g
2338,Carbohydrates,29.6,g
2338,Fiber,2,g
2338,Fat,8.7,g
2338,Cholesterol,0,mg
2338,Vitamin A,527.2,mcg
2338,Vitamin B1,0.1,mg
2338,Vitamin B2,0.1,mg
2338,Vitamin B3,1.4,mg
2338,Vitamin C,20.2,mg
2338,Folic Acid,22.9,mcg
2338,Calcium,138,mg
2338,Iron,1.2,mg
2338,Magnesium,0,mg
2338,Phosphorus,0,mg
2338,Sodium,73.2,mg
2338,Potassium,338.6,mg
2338,Zinc,0.6,mg
2339,Energy,36,cal
2339,Protein,0.4,g
2339,Carbohydrates,3,g
2339,Fiber,0.6,g
2339,Fat,2.5,g
2339,Cholesterol,0,mg
2339,Vitamin A,386.2,mcg
2339,Vitamin B1,0,mg
2339,Vitamin B2,0,mg
2339,Vitamin B3,0.2,mg
2339,Vitamin C,1.5,mg
2339,Folic Acid,4.6,mcg
2339,Calcium,28.7,mg
2339,Iron,0.8,mg
2339,Magnesium,0,mg
2339,Phosphorus,0,mg
2339,Sodium,28,mg
2339,Potassium,23.6,mg
2339,Zinc,0.1,mg
2340,Energy,3,cal
2340,Protein,0.2,g
2340,Carbohydrates,0.3,g
2340,Fiber,0.1,g
2340,Fat,0.1,g
2340,Cholesterol,0,mg
2340,Vitamin A,360.7,mcg
2340,Vitamin B1,0,mg
2340,Vitamin B2,0,mg
2340,Vitamin B3,0,mg
2340,Vitamin C,0,mg
2340,Folic Acid,0.1,mcg
2340,Calcium,11.6,mg
2340,Iron,0.9,mg
2340,Magnesium,0,mg
2340,Phosphorus,0,mg
2340,Sodium,0.2,mg
2340,Potassium,0.9,mg
2340,Zinc,0,mg
2341,Energy,304,cal
2341,Protein,2.8,g
2341,Carbohydrates,35.2,g
2341,Fiber,1.8,g
2341,Fat,19.8,g
2341,Cholesterol,0,mg
2341,Vitamin A,163.9,mcg
2341,Vitamin B1,0.3,mg
2341,Vitamin B2,0.2,mg
2341,Vitamin B3,1.3,mg
2341,Vitamin C,10.4,mg
2341,Folic Acid,13.5,mcg
2341,Calcium,32.4,mg
2341,Iron,1.2,mg
2341,Magnesium,0,mg
2341,Phosphorus,0,mg
2341,Sodium,431.3,mg
2341,Potassium,134.4,mg
2341,Zinc,0.4,mg
2342,Energy,150,cal
2342,Protein,0.8,g
2342,Carbohydrates,15.3,g
2342,Fiber,1.2,g
2342,Fat,11.2,g
2342,Cholesterol,0,mg
2342,Vitamin A,93.6,mcg
2342,Vitamin B1,0.1,mg
2342,Vitamin B2,0.1,mg
2342,Vitamin B3,0.3,mg
2342,Vitamin C,6.5,mg
2342,Folic Acid,7.8,mcg
2342,Calcium,18.1,mg
2342,Iron,0.5,mg
2342,Magnesium,0,mg
2342,Phosphorus,0,mg
2342,Sodium,246.8,mg
2342,Potassium,70,mg
2342,Zinc,0.2,mg
2343,Energy,192,cal
2343,Protein,1.3,g
2343,Carbohydrates,21.8,g
2343,Fiber,2.3,g
2343,Fat,13.2,g
2343,Cholesterol,0,mg
2343,Vitamin A,142.4,mcg
2343,Vitamin B1,0.1,mg
2343,Vitamin B2,0.1,mg
2343,Vitamin B3,0.6,mg
2343,Vitamin C,12.5,mg
2343,Folic Acid,13.5,mcg
2343,Calcium,29.6,mg
2343,Iron,0.9,mg
2343,Magnesium,0,mg
2343,Phosphorus,0,mg
2343,Sodium,293.9,mg
2343,Potassium,136.9,mg
2343,Zinc,0.3,mg
2344,Energy,262,cal
2344,Protein,1.3,g
2344,Carbohydrates,26.8,g
2344,Fiber,2.1,g
2344,Fat,19.7,g
2344,Cholesterol,0,mg
2344,Vitamin A,163.9,mcg
2344,Vitamin B1,0.2,mg
2344,Vitamin B2,0.1,mg
2344,Vitamin B3,0.5,mg
2344,Vitamin C,11.4,mg
2344,Folic Acid,13.6,mcg
2344,Calcium,31.7,mg
2344,Iron,0.9,mg
2344,Magnesium,0,mg
2344,Phosphorus,0,mg
2344,Sodium,431.9,mg
2344,Potassium,122.6,mg
2344,Zinc,0.3,mg
2345,Energy,34,cal
2345,Protein,0.9,g
2345,Carbohydrates,1.2,g
2345,Fiber,0,g
2345,Fat,2.5,g
2345,Cholesterol,2.9,mg
2345,Sodium,4.9,mg
2346,Energy,78,cal
2346,Protein,2.3,g
2346,Carbohydrates,12.6,g
2346,Fiber,1.3,g
2346,Fat,2,g
2346,Cholesterol,0,mg
2346,Sodium,3.6,mg
2347,Energy,78,cal
2347,Protein,2.3,g
2347,Carbohydrates,12.6,g
2347,Fiber,1.3,g
2347,Fat,2,g
2347,Cholesterol,0,mg
2347,Sodium,3.6,mg
2349,Energy,121,cal
2349,Protein,1.4,g
2349,Carbohydrates,18.7,g
2349,Fiber,2,g
2349,Fat,4.6,g
2349,Cholesterol,13.8,mg
2349,Sodium,59.5,mg
2350,Energy,89,cal
2350,Protein,2.1,g
2350,Carbohydrates,9.3,g
2350,Fiber,0.2,g
2350,Fat,4.8,g
2350,Cholesterol,0,mg
2350,Sodium,1.1,mg
2351,Energy,142,cal
2351,Protein,3,g
2351,Carbohydrates,22,g
2351,Fiber,0.1,g
2351,Fat,4.7,g
2351,Cholesterol,0,mg
2351,Vitamin A,182.9,mcg
2351,Vitamin B1,0,mg
2351,Vitamin B2,0,mg
2351,Vitamin B3,0.7,mg
2351,Vitamin C,0,mg
2351,Folic Acid,0,mcg
2351,Calcium,6.3,mg
2351,Iron,0.7,mg
2351,Magnesium,0,mg
2351,Phosphorus,0,mg
2351,Sodium,48,mg
2351,Potassium,37.2,mg
2351,Zinc,0.2,mg
2352,Energy,302,cal
2352,Protein,4.9,g
2352,Carbohydrates,47.3,g
2352,Fiber,4.5,g
2352,Fat,9.8,g
2352,Cholesterol,2.7,mg
2352,Sodium,10.4,mg
2353,Energy,172,cal
2353,Protein,5.2,g
2353,Carbohydrates,13.9,g
2353,Fiber,5.8,g
2353,Fat,9.9,g
2353,Cholesterol,5.3,mg
2353,Sodium,18.2,mg
2354,Energy,68,cal
2354,Protein,1.9,g
2354,Carbohydrates,4.1,g
2354,Fiber,1.1,g
2354,Fat,4.2,g
2354,Cholesterol,4,mg
2354,Sodium,6.2,mg
2355,Energy,429,cal
2355,Protein,11.1,g
2355,Carbohydrates,38.1,g
2355,Fiber,0.1,g
2355,Fat,19.8,g
2355,Cholesterol,40.6,mg
2355,Sodium,48.4,mg
2356,Energy,117,cal
2356,Protein,5.5,g
2356,Carbohydrates,17.5,g
2356,Fiber,5.6,g
2356,Fat,2.8,g
2356,Cholesterol,0,mg
2356,Sodium,22.1,mg
2357,Energy,317,cal
2357,Protein,4,g
2357,Carbohydrates,40.9,g
2357,Fiber,1,g
2357,Fat,14.9,g
2357,Cholesterol,1.2,mg
2357,Sodium,2.3,mg
2358,Energy,300,cal
2358,Protein,7.9,g
2358,Carbohydrates,33.8,g
2358,Fiber,1,g
2358,Fat,14.3,g
2358,Cholesterol,2.4,mg
2358,Sodium,3.7,mg
2359,Energy,346,cal
2359,Protein,7.5,g
2359,Carbohydrates,45.2,g
2359,Fiber,1,g
2359,Fat,15,g
2359,Cholesterol,0,mg
2359,Sodium,3.5,mg
2360,Energy,234,cal
2360,Protein,7.7,g
2360,Carbohydrates,21.7,g
2360,Fiber,0.7,g
2360,Fat,11.3,g
2360,Cholesterol,10.7,mg
2360,Sodium,13.3,mg
2361,Energy,398,cal
2361,Protein,11.5,g
2361,Carbohydrates,36.6,g
2361,Fiber,1,g
2361,Fat,20.4,g
2361,Cholesterol,16,mg
2361,Sodium,19.9,mg
2362,Energy,398,cal
2362,Protein,11.5,g
2362,Carbohydrates,36.6,g
2362,Fiber,1,g
2362,Fat,20.4,g
2362,Cholesterol,16,mg
2362,Sodium,19.9,mg
2363,Energy,398,cal
2363,Protein,11.5,g
2363,Carbohydrates,36.6,g
2363,Fiber,1,g
2363,Fat,20.4,g
2363,Cholesterol,16,mg
2363,Sodium,19.9,mg
2364,Energy,398,cal
2364,Protein,11.5,g
2364,Carbohydrates,36.6,g
2364,Fiber,1,g
2364,Fat,20.4,g
2364,Cholesterol,16,mg
2364,Sodium,19.9,mg
2366,Energy,60,cal
2366,Protein,1.2,g
2366,Carbohydrates,3,g
2366,Fiber,0.6,g
2366,Fat,4.2,g
2366,Cholesterol,4,mg
2366,Sodium,5.6,mg
2368,Energy,13,cal
2368,Protein,0.2,g
2368,Carbohydrates,2.7,g
2368,Fiber,2.1,g
2368,Fat,0.1,g
2368,Cholesterol,0.1,mg
2368,Sodium,1.9,mg
2369,Energy,72,cal
2369,Protein,0.4,g
2369,Carbohydrates,8.6,g
2369,Fiber,3.1,g
2369,Fat,4,g
2369,Cholesterol,0.1,mg
2369,Sodium,3.7,mg
2370,Energy,72,cal
2370,Protein,0.4,g
2370,Carbohydrates,8.6,g
2370,Fiber,3.1,g
2370,Fat,4,g
2370,Cholesterol,0.1,mg
2370,Sodium,3.7,mg
2371,Energy,364,cal
2371,Protein,9.9,g
2371,Carbohydrates,45.3,g
2371,Fiber,0.4,g
2371,Fat,12.3,g
2371,Cholesterol,24,mg
2371,Sodium,32.6,mg
2372,Energy,133,cal
2372,Protein,2.7,g
2372,Carbohydrates,18.8,g
2372,Fiber,1.1,g
2372,Fat,5.2,g
2372,Cholesterol,0,mg
2372,Sodium,3.3,mg
2373,Energy,384,cal
2373,Protein,5.4,g
2373,Carbohydrates,38.3,g
2373,Fiber,7.8,g
2373,Fat,23.8,g
2373,Cholesterol,0,mg
2373,Vitamin A,112.6,mcg
2373,Vitamin B1,0.2,mg
2373,Vitamin B2,0.1,mg
2373,Vitamin B3,1.8,mg
2373,Vitamin C,14.3,mg
2373,Folic Acid,46.5,mcg
2373,Calcium,60.2,mg
2373,Iron,3.9,mg
2373,Magnesium,0,mg
2373,Phosphorus,0,mg
2373,Sodium,9.4,mg
2373,Potassium,394,mg
2373,Zinc,1.3,mg
2374,Energy,384,cal
2374,Protein,5.4,g
2374,Carbohydrates,38.3,g
2374,Fiber,7.8,g
2374,Fat,23.8,g
2374,Cholesterol,0,mg
2374,Vitamin A,112.6,mcg
2374,Vitamin B1,0.2,mg
2374,Vitamin B2,0.1,mg
2374,Vitamin B3,1.8,mg
2374,Vitamin C,14.3,mg
2374,Folic Acid,46.5,mcg
2374,Calcium,60.2,mg
2374,Iron,3.9,mg
2374,Magnesium,0,mg
2374,Phosphorus,0,mg
2374,Sodium,9.4,mg
2374,Potassium,394,mg
2374,Zinc,1.3,mg
2375,Energy,384,cal
2375,Protein,5.4,g
2375,Carbohydrates,38.3,g
2375,Fiber,7.8,g
2375,Fat,23.8,g
2375,Cholesterol,0,mg
2375,Vitamin A,112.6,mcg
2375,Vitamin B1,0.2,mg
2375,Vitamin B2,0.1,mg
2375,Vitamin B3,1.8,mg
2375,Vitamin C,14.3,mg
2375,Folic Acid,46.5,mcg
2375,Calcium,60.2,mg
2375,Iron,3.9,mg
2375,Magnesium,0,mg
2375,Phosphorus,0,mg
2375,Sodium,9.4,mg
2375,Potassium,394,mg
2375,Zinc,1.3,mg
2376,Energy,384,cal
2376,Protein,5.4,g
2376,Carbohydrates,38.3,g
2376,Fiber,7.8,g
2376,Fat,23.8,g
2376,Cholesterol,0,mg
2376,Vitamin A,112.6,mcg
2376,Vitamin B1,0.2,mg
2376,Vitamin B2,0.1,mg
2376,Vitamin B3,1.8,mg
2376,Vitamin C,14.3,mg
2376,Folic Acid,46.5,mcg
2376,Calcium,60.2,mg
2376,Iron,3.9,mg
2376,Magnesium,0,mg
2376,Phosphorus,0,mg
2376,Sodium,9.4,mg
2376,Potassium,394,mg
2376,Zinc,1.3,mg
2377,Energy,384,cal
2377,Protein,5.4,g
2377,Carbohydrates,38.3,g
2377,Fiber,7.8,g
2377,Fat,23.8,g
2377,Cholesterol,0,mg
2377,Vitamin A,112.6,mcg
2377,Vitamin B1,0.2,mg
2377,Vitamin B2,0.1,mg
2377,Vitamin B3,1.8,mg
2377,Vitamin C,14.3,mg
2377,Folic Acid,46.5,mcg
2377,Calcium,60.2,mg
2377,Iron,3.9,mg
2377,Magnesium,0,mg
2377,Phosphorus,0,mg
2377,Sodium,9.4,mg
2377,Potassium,394,mg
2377,Zinc,1.3,mg
2378,Energy,407,cal
2378,Protein,10.4,g
2378,Carbohydrates,56.7,g
2378,Fiber,0.1,g
2378,Fat,13,g
2378,Cholesterol,16,mg
2378,Sodium,19,mg
2379,Energy,407,cal
2379,Protein,10.4,g
2379,Carbohydrates,56.7,g
2379,Fiber,0.1,g
2379,Fat,13,g
2379,Cholesterol,16,mg
2379,Sodium,19,mg
2380,Energy,407,cal
2380,Protein,10.4,g
2380,Carbohydrates,56.7,g
2380,Fiber,0.1,g
2380,Fat,13,g
2380,Cholesterol,16,mg
2380,Sodium,19,mg
2381,Energy,407,cal
2381,Protein,10.4,g
2381,Carbohydrates,56.7,g
2381,Fiber,0.1,g
2381,Fat,13,g
2381,Cholesterol,16,mg
2381,Sodium,19,mg
2382,Energy,92,cal
2382,Protein,2,g
2382,Carbohydrates,11.7,g
2382,Fiber,0,g
2382,Fat,4.1,g
2382,Cholesterol,5.2,mg
2382,Vitamin A,109.3,mcg
2382,Vitamin B1,0,mg
2382,Vitamin B2,0,mg
2382,Vitamin B3,0.3,mg
2382,Vitamin C,0.1,mg
2382,Folic Acid,0.1,mcg
2382,Calcium,21.6,mg
2382,Iron,0.4,mg
2382,Magnesium,0,mg
2382,Phosphorus,0,mg
2382,Sodium,18,mg
2382,Potassium,19.5,mg
2382,Zinc,0.1,mg
2383,Energy,92,cal
2383,Protein,2,g
2383,Carbohydrates,11.7,g
2383,Fiber,0,g
2383,Fat,4.1,g
2383,Cholesterol,5.2,mg
2383,Vitamin A,109.3,mcg
2383,Vitamin B1,0,mg
2383,Vitamin B2,0,mg
2383,Vitamin B3,0.3,mg
2383,Vitamin C,0.1,mg
2383,Folic Acid,0.1,mcg
2383,Calcium,21.6,mg
2383,Iron,0.4,mg
2383,Magnesium,0,mg
2383,Phosphorus,0,mg
2383,Sodium,18,mg
2383,Potassium,19.5,mg
2383,Zinc,0.1,mg
2384,Energy,92,cal
2384,Protein,2,g
2384,Carbohydrates,11.7,g
2384,Fiber,0,g
2384,Fat,4.1,g
2384,Cholesterol,5.2,mg
2384,Vitamin A,109.3,mcg
2384,Vitamin B1,0,mg
2384,Vitamin B2,0,mg
2384,Vitamin B3,0.3,mg
2384,Vitamin C,0.1,mg
2384,Folic Acid,0.1,mcg
2384,Calcium,21.6,mg
2384,Iron,0.4,mg
2384,Magnesium,0,mg
2384,Phosphorus,0,mg
2384,Sodium,18,mg
2384,Potassium,19.5,mg
2384,Zinc,0.1,mg
2386,Energy,81,cal
2386,Protein,3.1,g
2386,Carbohydrates,10.6,g
2386,Fiber,3.9,g
2386,Fat,2.3,g
2386,Cholesterol,0,mg
2386,Vitamin A,133.5,mcg
2386,Vitamin B1,0.1,mg
2386,Vitamin B2,0.1,mg
2386,Vitamin B3,0.5,mg
2386,Vitamin C,75.7,mg
2386,Folic Acid,6.4,mcg
2386,Calcium,80,mg
2386,Iron,0.4,mg
2386,Magnesium,0,mg
2386,Phosphorus,0,mg
2386,Sodium,14.2,mg
2386,Potassium,252.5,mg
2386,Zinc,0.3,mg
2387,Energy,81,cal
2387,Protein,3.1,g
2387,Carbohydrates,10.6,g
2387,Fiber,3.9,g
2387,Fat,2.3,g
2387,Cholesterol,0,mg
2387,Vitamin A,133.5,mcg
2387,Vitamin B1,0.1,mg
2387,Vitamin B2,0.1,mg
2387,Vitamin B3,0.5,mg
2387,Vitamin C,75.7,mg
2387,Folic Acid,6.4,mcg
2387,Calcium,80,mg
2387,Iron,0.4,mg
2387,Magnesium,0,mg
2387,Phosphorus,0,mg
2387,Sodium,14.2,mg
2387,Potassium,252.5,mg
2387,Zinc,0.3,mg
2388,Energy,113,cal
2388,Protein,2.1,g
2388,Carbohydrates,12.2,g
2388,Fiber,3.5,g
2388,Fat,6.2,g
2388,Cholesterol,0,mg
2388,Vitamin A,346.2,mcg
2388,Vitamin B1,0.1,mg
2388,Vitamin B2,0.1,mg
2388,Vitamin B3,0.7,mg
2388,Vitamin C,63.6,mg
2388,Folic Acid,20.3,mcg
2388,Calcium,50.3,mg
2388,Iron,0.7,mg
2388,Magnesium,0,mg
2388,Phosphorus,0,mg
2388,Sodium,10.8,mg
2388,Potassium,263.2,mg
2388,Zinc,0.3,mg
2389,Energy,173,cal
2389,Protein,1.7,g
2389,Carbohydrates,12.7,g
2389,Fiber,3,g
2389,Fat,12.8,g
2389,Cholesterol,0,mg
2389,Sodium,5.8,mg
2390,Energy,251,cal
2390,Protein,11,g
2390,Carbohydrates,29.9,g
2390,Fiber,7.7,g
2390,Fat,9.8,g
2390,Cholesterol,0,mg
2390,Vitamin A,222.4,mcg
2390,Vitamin B1,0.3,mg
2390,Vitamin B2,0.1,mg
2390,Vitamin B3,1.6,mg
2390,Vitamin C,45.3,mg
2390,Folic Acid,53.9,mcg
2390,Calcium,64.5,mg
2390,Iron,1.7,mg
2390,Magnesium,0,mg
2390,Phosphorus,0,mg
2390,Sodium,16.4,mg
2390,Potassium,599,mg
2390,Zinc,0.5,mg
2391,Energy,121,cal
2391,Protein,2.7,g
2391,Carbohydrates,7.3,g
2391,Fiber,1.5,g
2391,Fat,9,g
2391,Cholesterol,0,mg
2391,Vitamin A,2101.6,mcg
2391,Vitamin B1,0,mg
2391,Vitamin B2,0,mg
2391,Vitamin B3,0.4,mg
2391,Vitamin C,69.2,mg
2391,Folic Acid,2.4,mcg
2391,Calcium,144.6,mg
2391,Iron,0.5,mg
2391,Magnesium,0,mg
2391,Phosphorus,0,mg
2391,Sodium,0.9,mg
2391,Potassium,106.5,mg
2391,Zinc,0.1,mg
2392,Energy,53,cal
2392,Protein,0.3,g
2392,Carbohydrates,0.9,g
2392,Fiber,0.5,g
2392,Fat,5.4,g
2392,Cholesterol,0,mg
2392,Sodium,138.8,mg
2393,Energy,656,cal
2393,Protein,20.5,g
2393,Carbohydrates,64.6,g
2393,Fiber,18.3,g
2393,Fat,35.1,g
2393,Cholesterol,0,mg
2393,Vitamin A,1281.7,mcg
2393,Vitamin B1,0.7,mg
2393,Vitamin B2,0.3,mg
2393,Vitamin B3,3.1,mg
2393,Vitamin C,104.9,mg
2393,Folic Acid,181.3,mcg
2393,Calcium,183.1,mg
2393,Iron,6.1,mg
2393,Magnesium,0,mg
2393,Phosphorus,0,mg
2393,Sodium,88.7,mg
2393,Potassium,1047,mg
2393,Zinc,1.7,mg
2396,Energy,277,cal
2396,Protein,12.6,g
2396,Carbohydrates,37.9,g
2396,Fiber,9.4,g
2396,Fat,8.4,g
2396,Cholesterol,0,mg
2396,Sodium,46.3,mg
2397,Energy,170,cal
2397,Protein,7.3,g
2397,Carbohydrates,35.2,g
2397,Fiber,2.2,g
2397,Fat,0.4,g
2397,Cholesterol,0,mg
2397,Sodium,107.9,mg
2398,Energy,170,cal
2398,Protein,7.3,g
2398,Carbohydrates,35.2,g
2398,Fiber,2.2,g
2398,Fat,0.4,g
2398,Cholesterol,0,mg
2398,Sodium,107.9,mg
2399,Energy,80,cal
2399,Protein,1.5,g
2399,Carbohydrates,9.6,g
2399,Fiber,0.1,g
2399,Fat,3.9,g
2399,Cholesterol,0,mg
2399,Sodium,0.4,mg
2400,Energy,80,cal
2400,Protein,1.5,g
2400,Carbohydrates,9.6,g
2400,Fiber,0.1,g
2400,Fat,3.9,g
2400,Cholesterol,0,mg
2400,Sodium,0.4,mg
2401,Energy,242,cal
2401,Protein,6.8,g
2401,Carbohydrates,22.6,g
2401,Fiber,0.3,g
2401,Fat,10.5,g
2401,Cholesterol,22.7,mg
2401,Sodium,27,mg
2402,Energy,229,cal
2402,Protein,6.3,g
2402,Carbohydrates,18.1,g
2402,Fiber,1.6,g
2402,Fat,13,g
2402,Cholesterol,12.8,mg
2402,Sodium,16.3,mg
2403,Energy,33,cal
2403,Protein,1,g
2403,Carbohydrates,3.8,g
2403,Fiber,0.4,g
2403,Fat,1.5,g
2403,Cholesterol,0,mg
2403,Sodium,0,mg
2404,Energy,28,cal
2404,Protein,0.4,g
2404,Carbohydrates,1.1,g
2404,Fiber,0.3,g
2404,Fat,2.5,g
2404,Cholesterol,0,mg
2404,Sodium,0.3,mg
2405,Energy,166,cal
2405,Protein,2.8,g
2405,Carbohydrates,20.3,g
2405,Fiber,6,g
2405,Fat,8,g
2405,Cholesterol,0,mg
2405,Vitamin A,324.9,mcg
2405,Vitamin B1,0.1,mg
2405,Vitamin B2,0.1,mg
2405,Vitamin B3,0.8,mg
2405,Vitamin C,121,mg
2405,Folic Acid,9.4,mcg
2405,Calcium,68.2,mg
2405,Iron,1.4,mg
2405,Magnesium,0,mg
2405,Phosphorus,0,mg
2405,Sodium,8.2,mg
2405,Potassium,287,mg
2405,Zinc,0.6,mg
2408,Energy,55,cal
2408,Protein,0.4,g
2408,Carbohydrates,4.3,g
2408,Fiber,0.1,g
2408,Fat,4,g
2408,Cholesterol,0,mg
2408,Sodium,0,mg
2409,Energy,43,cal
2409,Protein,1.9,g
2409,Carbohydrates,1.2,g
2409,Fiber,0.6,g
2409,Fat,3.7,g
2409,Cholesterol,0,mg
2409,Sodium,1.4,mg
2410,Energy,43,cal
2410,Protein,1.9,g
2410,Carbohydrates,1.2,g
2410,Fiber,0.6,g
2410,Fat,3.7,g
2410,Cholesterol,0,mg
2410,Sodium,1.4,mg
2411,Energy,43,cal
2411,Protein,1.9,g
2411,Carbohydrates,1.2,g
2411,Fiber,0.6,g
2411,Fat,3.7,g
2411,Cholesterol,0,mg
2411,Sodium,1.4,mg
2412,Energy,43,cal
2412,Protein,1.9,g
2412,Carbohydrates,1.2,g
2412,Fiber,0.6,g
2412,Fat,3.7,g
2412,Cholesterol,0,mg
2412,Sodium,1.4,mg
2413,Energy,71,cal
2413,Protein,1.4,g
2413,Carbohydrates,17,g
2413,Fiber,1.2,g
2413,Fat,0.3,g
2413,Cholesterol,0,mg
2413,Vitamin A,536.5,mcg
2413,Vitamin B1,0,mg
2413,Vitamin B2,0.1,mg
2413,Vitamin B3,0.2,mg
2413,Vitamin C,14.4,mg
2413,Folic Acid,2.2,mcg
2413,Calcium,38.2,mg
2413,Iron,1.3,mg
2413,Magnesium,0,mg
2413,Phosphorus,0,mg
2413,Sodium,36.9,mg
2413,Potassium,136.7,mg
2413,Zinc,1.2,mg
2414,Energy,267,cal
2414,Protein,11.2,g
2414,Carbohydrates,37.2,g
2414,Fiber,2.6,g
2414,Fat,6.9,g
2414,Cholesterol,22.9,mg
2414,Sodium,211.2,mg
2415,Energy,764,cal
2415,Protein,9.4,g
2415,Carbohydrates,60.6,g
2415,Fiber,0,g
2415,Fat,65.9,g
2415,Cholesterol,1.2,mg
2415,Sodium,38.7,mg
2416,Energy,764,cal
2416,Protein,9.4,g
2416,Carbohydrates,60.6,g
2416,Fiber,0,g
2416,Fat,65.9,g
2416,Cholesterol,1.2,mg
2416,Sodium,38.7,mg
2417,Energy,764,cal
2417,Protein,9.4,g
2417,Carbohydrates,60.6,g
2417,Fiber,0,g
2417,Fat,65.9,g
2417,Cholesterol,1.2,mg
2417,Sodium,38.7,mg
2418,Energy,764,cal
2418,Protein,9.4,g
2418,Carbohydrates,60.6,g
2418,Fiber,0,g
2418,Fat,65.9,g
2418,Cholesterol,1.2,mg
2418,Sodium,38.7,mg
2419,Energy,235,cal
2419,Protein,11.9,g
2419,Carbohydrates,5.2,g
2419,Fiber,0.9,g
2419,Fat,18.5,g
2419,Cholesterol,0,mg
2419,Sodium,6.1,mg
2420,Energy,235,cal
2420,Protein,11.9,g
2420,Carbohydrates,5.2,g
2420,Fiber,0.9,g
2420,Fat,18.5,g
2420,Cholesterol,0,mg
2420,Sodium,6.1,mg
2421,Energy,156,cal
2421,Protein,7.1,g
2421,Carbohydrates,2.7,g
2421,Fiber,0.5,g
2421,Fat,13,g
2421,Cholesterol,0,mg
2421,Sodium,4.4,mg
2422,Energy,231,cal
2422,Protein,24.5,g
2422,Carbohydrates,12.1,g
2422,Fiber,2.4,g
2422,Fat,16.3,g
2422,Cholesterol,0,mg
2422,Sodium,1.8,mg
2423,Energy,207,cal
2423,Protein,7.3,g
2423,Carbohydrates,4,g
2423,Fiber,0.9,g
2423,Fat,18,g
2423,Cholesterol,0,mg
2423,Sodium,6.8,mg
2424,Energy,207,cal
2424,Protein,7.3,g
2424,Carbohydrates,4,g
2424,Fiber,0.9,g
2424,Fat,18,g
2424,Cholesterol,0,mg
2424,Sodium,6.8,mg
2425,Energy,207,cal
2425,Protein,7.3,g
2425,Carbohydrates,4,g
2425,Fiber,0.9,g
2425,Fat,18,g
2425,Cholesterol,0,mg
2425,Sodium,6.8,mg
2426,Energy,337,cal
2426,Protein,12.2,g
2426,Carbohydrates,29.5,g
2426,Fiber,0,g
2426,Fat,20.3,g
2426,Cholesterol,7.5,mg
2426,Sodium,209.6,mg
2427,Energy,176,cal
2427,Protein,2.7,g
2427,Carbohydrates,25.1,g
2427,Fiber,0.5,g
2427,Fat,6.9,g
2427,Cholesterol,19.9,mg
2427,Sodium,65.9,mg
2428,Energy,176,cal
2428,Protein,2.7,g
2428,Carbohydrates,25.1,g
2428,Fiber,0.5,g
2428,Fat,6.9,g
2428,Cholesterol,19.9,mg
2428,Sodium,65.9,mg
2429,Energy,150,cal
2429,Protein,3.6,g
2429,Carbohydrates,17.1,g
2429,Fiber,0,g
2429,Fat,5.4,g
2429,Cholesterol,13.3,mg
2429,Sodium,15.8,mg
2430,Energy,150,cal
2430,Protein,3.6,g
2430,Carbohydrates,17.1,g
2430,Fiber,0,g
2430,Fat,5.4,g
2430,Cholesterol,13.3,mg
2430,Sodium,15.8,mg
2431,Energy,150,cal
2431,Protein,3.6,g
2431,Carbohydrates,17.1,g
2431,Fiber,0,g
2431,Fat,5.4,g
2431,Cholesterol,13.3,mg
2431,Sodium,15.8,mg
2432,Energy,150,cal
2432,Protein,3.6,g
2432,Carbohydrates,17.1,g
2432,Fiber,0,g
2432,Fat,5.4,g
2432,Cholesterol,13.3,mg
2432,Sodium,15.8,mg
2433,Energy,1612,cal
2433,Protein,36.2,g
2433,Carbohydrates,240.9,g
2433,Fiber,3.7,g
2433,Fat,60.5,g
2433,Cholesterol,115,mg
2433,Sodium,122032.7,mg
2434,Energy,130,cal
2434,Protein,1.8,g
2434,Carbohydrates,17.2,g
2434,Fiber,0.6,g
2434,Fat,6.3,g
2434,Cholesterol,18.3,mg
2434,Sodium,105.7,mg
2435,Energy,1515,cal
2435,Protein,16.2,g
2435,Carbohydrates,202,g
2435,Fiber,7,g
2435,Fat,75.5,g
2435,Cholesterol,95,mg
2435,Sodium,328.3,mg
2436,Energy,1515,cal
2436,Protein,16.2,g
2436,Carbohydrates,202,g
2436,Fiber,7,g
2436,Fat,75.5,g
2436,Cholesterol,95,mg
2436,Sodium,328.3,mg
2437,Energy,425,cal
2437,Protein,5.8,g
2437,Carbohydrates,55,g
2437,Fiber,4.9,g
2437,Fat,24.2,g
2437,Cholesterol,0,mg
2437,Sodium,6.9,mg
2438,Energy,335,cal
2438,Protein,5.9,g
2438,Carbohydrates,22.9,g
2438,Fiber,0,g
2438,Fat,27.4,g
2438,Cholesterol,9.3,mg
2438,Sodium,23.5,mg
2439,Energy,310,cal
2439,Protein,5.5,g
2439,Carbohydrates,22.2,g
2439,Fiber,0.2,g
2439,Fat,23.6,g
2439,Cholesterol,10.7,mg
2439,Sodium,24.9,mg
2440,Energy,45,cal
2440,Protein,3.9,g
2440,Carbohydrates,7.3,g
2440,Fiber,0.6,g
2440,Fat,0.4,g
2440,Cholesterol,0,mg
2440,Sodium,50.4,mg
2441,Energy,1701,cal
2441,Protein,38.2,g
2441,Carbohydrates,251.1,g
2441,Fiber,3.8,g
2441,Fat,63.9,g
2441,Cholesterol,125,mg
2441,Sodium,734.4,mg
2442,Energy,1500,cal
2442,Protein,33.1,g
2442,Carbohydrates,220.2,g
2442,Fiber,3.7,g
2442,Fat,58.6,g
2442,Cholesterol,110,mg
2442,Sodium,1863.8,mg
2443,Energy,451,cal
2443,Protein,10.7,g
2443,Carbohydrates,78.4,g
2443,Fiber,0.7,g
2443,Fat,10.6,g
2443,Cholesterol,0,mg
2443,Vitamin A,342.9,mcg
2443,Vitamin B1,0.1,mg
2443,Vitamin B2,0.1,mg
2443,Vitamin B3,2.3,mg
2443,Vitamin C,0,mg
2443,Folic Acid,0.2,mcg
2443,Calcium,22.4,mg
2443,Iron,2.6,mg
2443,Magnesium,0,mg
2443,Phosphorus,0,mg
2443,Sodium,92.9,mg
2443,Potassium,138.7,mg
2443,Zinc,0.6,mg
2444,Energy,307,cal
2444,Protein,6.4,g
2444,Carbohydrates,42.9,g
2444,Fiber,0.1,g
2444,Fat,12.9,g
2444,Cholesterol,25,mg
2444,Sodium,332.3,mg
2445,Energy,307,cal
2445,Protein,6.4,g
2445,Carbohydrates,42.9,g
2445,Fiber,0.1,g
2445,Fat,12.9,g
2445,Cholesterol,25,mg
2445,Sodium,332.3,mg
2446,Energy,307,cal
2446,Protein,6.4,g
2446,Carbohydrates,42.9,g
2446,Fiber,0.1,g
2446,Fat,12.9,g
2446,Cholesterol,25,mg
2446,Sodium,332.3,mg
2447,Energy,307,cal
2447,Protein,6.4,g
2447,Carbohydrates,42.9,g
2447,Fiber,0.1,g
2447,Fat,12.9,g
2447,Cholesterol,25,mg
2447,Sodium,332.3,mg
2448,Energy,307,cal
2448,Protein,6.4,g
2448,Carbohydrates,42.9,g
2448,Fiber,0.1,g
2448,Fat,12.9,g
2448,Cholesterol,25,mg
2448,Sodium,332.3,mg
2449,Energy,192,cal
2449,Protein,2.1,g
2449,Carbohydrates,22.9,g
2449,Fiber,1.2,g
2449,Fat,9.9,g
2449,Cholesterol,19.2,mg
2449,Sodium,144.9,mg
2450,Energy,276,cal
2450,Protein,6.1,g
2450,Carbohydrates,42.2,g
2450,Fiber,0.1,g
2450,Fat,9.6,g
2450,Cholesterol,18.3,mg
2450,Sodium,311.1,mg
2451,Energy,269,cal
2451,Protein,3.6,g
2451,Carbohydrates,36.1,g
2451,Fiber,0.1,g
2451,Fat,12.2,g
2451,Cholesterol,13.8,mg
2451,Sodium,185.3,mg
2452,Energy,276,cal
2452,Protein,6.1,g
2452,Carbohydrates,42.2,g
2452,Fiber,0.1,g
2452,Fat,9.6,g
2452,Cholesterol,18.3,mg
2452,Sodium,311.1,mg
2453,Energy,288,cal
2453,Protein,2,g
2453,Carbohydrates,26.4,g
2453,Fiber,0,g
2453,Fat,19.3,g
2453,Cholesterol,2.7,mg
2453,Sodium,23.4,mg
2454,Energy,276,cal
2454,Protein,6.1,g
2454,Carbohydrates,42.2,g
2454,Fiber,0.1,g
2454,Fat,9.6,g
2454,Cholesterol,18.3,mg
2454,Sodium,311.1,mg
2455,Energy,258,cal
2455,Protein,5.5,g
2455,Carbohydrates,38,g
2455,Fiber,0.1,g
2455,Fat,9.6,g
2455,Cholesterol,18.3,mg
2455,Sodium,20300.2,mg
2456,Energy,1505,cal
2456,Protein,14.7,g
2456,Carbohydrates,193.6,g
2456,Fiber,0.3,g
2456,Fat,72.9,g
2456,Cholesterol,219.6,mg
2456,Sodium,715.5,mg
2457,Energy,481,cal
2457,Protein,6.6,g
2457,Carbohydrates,71.6,g
2457,Fiber,0.2,g
2457,Fat,18.5,g
2457,Cholesterol,54.9,mg
2457,Sodium,459.5,mg
2458,Energy,481,cal
2458,Protein,6.6,g
2458,Carbohydrates,71.6,g
2458,Fiber,0.2,g
2458,Fat,18.5,g
2458,Cholesterol,54.9,mg
2458,Sodium,459.5,mg
2459,Energy,224,cal
2459,Protein,4,g
2459,Carbohydrates,17.3,g
2459,Fiber,1.3,g
2459,Fat,15.3,g
2459,Cholesterol,2.8,mg
2459,Vitamin A,362.4,mcg
2459,Vitamin B1,0.1,mg
2459,Vitamin B2,0,mg
2459,Vitamin B3,0.7,mg
2459,Vitamin C,2.5,mg
2459,Folic Acid,7,mcg
2459,Calcium,43.8,mg
2459,Iron,0.6,mg
2459,Magnesium,0,mg
2459,Phosphorus,0,mg
2459,Sodium,150.4,mg
2459,Potassium,71.6,mg
2459,Zinc,0,mg
2460,Energy,237,cal
2460,Protein,6.4,g
2460,Carbohydrates,23.9,g
2460,Fiber,10.9,g
2460,Fat,12.9,g
2460,Cholesterol,0,mg
2460,Vitamin A,216.5,mcg
2460,Vitamin B1,0.2,mg
2460,Vitamin B2,0.2,mg
2460,Vitamin B3,1.8,mg
2460,Vitamin C,14.6,mg
2460,Folic Acid,71.4,mcg
2460,Calcium,33.9,mg
2460,Iron,1.6,mg
2460,Magnesium,0,mg
2460,Phosphorus,0,mg
2460,Sodium,18.6,mg
2460,Potassium,394.1,mg
2460,Zinc,0.7,mg
2461,Energy,303,cal
2461,Protein,8.8,g
2461,Carbohydrates,28,g
2461,Fiber,11,g
2461,Fat,16.1,g
2461,Cholesterol,8,mg
2461,Sodium,28.8,mg
2462,Energy,303,cal
2462,Protein,8.8,g
2462,Carbohydrates,28,g
2462,Fiber,11,g
2462,Fat,16.1,g
2462,Cholesterol,8,mg
2462,Sodium,28.8,mg
2463,Energy,303,cal
2463,Protein,8.8,g
2463,Carbohydrates,28,g
2463,Fiber,11,g
2463,Fat,16.1,g
2463,Cholesterol,8,mg
2463,Sodium,28.8,mg
2464,Energy,236,cal
2464,Protein,6.6,g
2464,Carbohydrates,30.5,g
2464,Fiber,5.9,g
2464,Fat,9.8,g
2464,Cholesterol,0,mg
2464,Vitamin A,529.4,mcg
2464,Vitamin B1,0.1,mg
2464,Vitamin B2,0.1,mg
2464,Vitamin B3,0.8,mg
2464,Vitamin C,17.8,mg
2464,Folic Acid,48,mcg
2464,Calcium,74.7,mg
2464,Iron,2.8,mg
2464,Magnesium,0,mg
2464,Phosphorus,0,mg
2464,Sodium,62.8,mg
2464,Potassium,302.8,mg
2464,Zinc,1,mg
2465,Energy,430,cal
2465,Protein,8.5,g
2465,Carbohydrates,58.1,g
2465,Fiber,8.6,g
2465,Fat,18.1,g
2465,Cholesterol,0,mg
2465,Sodium,17.4,mg
2466,Energy,497,cal
2466,Protein,11.8,g
2466,Carbohydrates,84.5,g
2466,Fiber,10.4,g
2466,Fat,12.5,g
2466,Cholesterol,0,mg
2466,Vitamin A,350.8,mcg
2466,Vitamin B1,0.3,mg
2466,Vitamin B2,0.1,mg
2466,Vitamin B3,3.4,mg
2466,Vitamin C,33.5,mg
2466,Folic Acid,59,mcg
2466,Calcium,66.1,mg
2466,Iron,2.2,mg
2466,Magnesium,0,mg
2466,Phosphorus,0,mg
2466,Sodium,24.1,mg
2466,Potassium,646.5,mg
2466,Zinc,1.6,mg
2467,Energy,497,cal
2467,Protein,11.8,g
2467,Carbohydrates,84.5,g
2467,Fiber,10.4,g
2467,Fat,12.5,g
2467,Cholesterol,0,mg
2467,Vitamin A,350.8,mcg
2467,Vitamin B1,0.3,mg
2467,Vitamin B2,0.1,mg
2467,Vitamin B3,3.4,mg
2467,Vitamin C,33.5,mg
2467,Folic Acid,59,mcg
2467,Calcium,66.1,mg
2467,Iron,2.2,mg
2467,Magnesium,0,mg
2467,Phosphorus,0,mg
2467,Sodium,24.1,mg
2467,Potassium,646.5,mg
2467,Zinc,1.6,mg
2468,Energy,497,cal
2468,Protein,11.8,g
2468,Carbohydrates,84.5,g
2468,Fiber,10.4,g
2468,Fat,12.5,g
2468,Cholesterol,0,mg
2468,Vitamin A,350.8,mcg
2468,Vitamin B1,0.3,mg
2468,Vitamin B2,0.1,mg
2468,Vitamin B3,3.4,mg
2468,Vitamin C,33.5,mg
2468,Folic Acid,59,mcg
2468,Calcium,66.1,mg
2468,Iron,2.2,mg
2468,Magnesium,0,mg
2468,Phosphorus,0,mg
2468,Sodium,24.1,mg
2468,Potassium,646.5,mg
2468,Zinc,1.6,mg
2469,Energy,353,cal
2469,Protein,11.1,g
2469,Carbohydrates,17.6,g
2469,Fiber,0,g
2469,Fat,25.7,g
2469,Cholesterol,32,mg
2469,Sodium,38.8,mg
2470,Energy,197,cal
2470,Protein,4.3,g
2470,Carbohydrates,24.9,g
2470,Fiber,0,g
2470,Fat,6.5,g
2470,Cholesterol,16,mg
2470,Sodium,19,mg
2471,Energy,42,cal
2471,Protein,0.9,g
2471,Carbohydrates,1.4,g
2471,Fiber,0.8,g
2471,Fat,3.7,g
2471,Cholesterol,0,mg
2471,Vitamin A,9,mcg
2471,Vitamin B1,0,mg
2471,Vitamin B2,0,mg
2471,Vitamin B3,0.2,mg
2471,Vitamin C,0.1,mg
2471,Folic Acid,0.3,mcg
2471,Calcium,69.3,mg
2471,Iron,0.5,mg
2471,Magnesium,0,mg
2471,Phosphorus,0,mg
2471,Sodium,0,mg
2471,Potassium,0,mg
2471,Zinc,0.5,mg
2472,Energy,42,cal
2472,Protein,0.9,g
2472,Carbohydrates,1.4,g
2472,Fiber,0.8,g
2472,Fat,3.7,g
2472,Cholesterol,0,mg
2472,Vitamin A,9,mcg
2472,Vitamin B1,0,mg
2472,Vitamin B2,0,mg
2472,Vitamin B3,0.2,mg
2472,Vitamin C,0.1,mg
2472,Folic Acid,0.3,mcg
2472,Calcium,69.3,mg
2472,Iron,0.5,mg
2472,Magnesium,0,mg
2472,Phosphorus,0,mg
2472,Sodium,0,mg
2472,Potassium,0,mg
2472,Zinc,0.5,mg
2475,Energy,90,cal
2475,Protein,2.6,g
2475,Carbohydrates,9.9,g
2475,Fiber,4.7,g
2475,Fat,3.9,g
2475,Cholesterol,0,mg
2475,Sodium,0.6,mg
2476,Energy,86,cal
2476,Protein,1.5,g
2476,Carbohydrates,9.2,g
2476,Fiber,1.6,g
2476,Fat,5.2,g
2476,Cholesterol,0,mg
2476,Sodium,5.1,mg
2477,Energy,201,cal
2477,Protein,5,g
2477,Carbohydrates,18.9,g
2477,Fiber,2.2,g
2477,Fat,12.5,g
2477,Cholesterol,0,mg
2477,Vitamin A,289.1,mcg
2477,Vitamin B1,0.1,mg
2477,Vitamin B2,0.1,mg
2477,Vitamin B3,0.9,mg
2477,Vitamin C,12.8,mg
2477,Folic Acid,18.6,mcg
2477,Calcium,51.4,mg
2477,Iron,1.6,mg
2477,Magnesium,0,mg
2477,Phosphorus,0,mg
2477,Sodium,14.4,mg
2477,Potassium,136.6,mg
2477,Zinc,0.6,mg
2478,Energy,42,cal
2478,Protein,0.3,g
2478,Carbohydrates,9.7,g
2478,Fiber,1.9,g
2478,Fat,0.2,g
2478,Cholesterol,0,mg
2478,Vitamin A,12.6,mcg
2478,Vitamin B1,0.1,mg
2478,Vitamin B2,0,mg
2478,Vitamin B3,0.1,mg
2478,Vitamin C,12.4,mg
2478,Folic Acid,0,mcg
2478,Calcium,11.3,mg
2478,Iron,0.9,mg
2478,Magnesium,0,mg
2478,Phosphorus,0,mg
2478,Sodium,21.4,mg
2478,Potassium,45.1,mg
2478,Zinc,0,mg
2479,Energy,42,cal
2479,Protein,0.3,g
2479,Carbohydrates,9.7,g
2479,Fiber,1.9,g
2479,Fat,0.2,g
2479,Cholesterol,0,mg
2479,Vitamin A,12.6,mcg
2479,Vitamin B1,0.1,mg
2479,Vitamin B2,0,mg
2479,Vitamin B3,0.1,mg
2479,Vitamin C,12.4,mg
2479,Folic Acid,0,mcg
2479,Calcium,11.3,mg
2479,Iron,0.9,mg
2479,Magnesium,0,mg
2479,Phosphorus,0,mg
2479,Sodium,21.4,mg
2479,Potassium,45.1,mg
2479,Zinc,0,mg
2480,Protein,2.1,g
2480,Cho,24.9,g
2480,Fat,5,g
2481,Energy,154,cal
2481,Protein,0.9,g
2481,Carbohydrates,26.5,g
2481,Fiber,2,g
2481,Fat,4.9,g
2481,Cholesterol,0,mg
2481,Sodium,20.7,mg
2483,Energy,232,cal
2483,Protein,4.6,g
2483,Carbohydrates,35,g
2483,Fiber,2.8,g
2483,Fat,8.2,g
2483,Cholesterol,0,mg
2483,Sodium,15.1,mg
2484,Energy,396,cal
2484,Protein,15.4,g
2484,Carbohydrates,59.4,g
2484,Fiber,7.9,g
2484,Fat,10.8,g
2484,Cholesterol,0,mg
2484,Sodium,28,mg
2485,Energy,239,cal
2485,Protein,11.5,g
2485,Carbohydrates,41.9,g
2485,Fiber,5.5,g
2485,Fat,2.8,g
2485,Cholesterol,0,mg
2485,Sodium,17.6,mg
2486,Energy,225,cal
2486,Protein,10.2,g
2486,Carbohydrates,39.6,g
2486,Fiber,5.2,g
2486,Fat,2.9,g
2486,Cholesterol,0,mg
2486,Sodium,18.6,mg
2487,Energy,117,cal
2487,Protein,4.8,g
2487,Carbohydrates,23.2,g
2487,Fiber,2.4,g
2487,Fat,0.5,g
2487,Cholesterol,0,mg
2487,Sodium,8.2,mg
2488,Energy,22,cal
2488,Protein,0.7,g
2488,Carbohydrates,2.6,g
2488,Fiber,0.6,g
2488,Fat,0.9,g
2488,Cholesterol,0,mg
2488,Sodium,2.6,mg
2489,Energy,280,cal
2489,Protein,6.8,g
2489,Carbohydrates,19.6,g
2489,Fiber,5,g
2489,Fat,19.4,g
2489,Cholesterol,0,mg
2489,Sodium,24,mg
2490,Energy,134,cal
2490,Protein,3,g
2490,Carbohydrates,11.3,g
2490,Fiber,0.7,g
2490,Fat,7.3,g
2490,Cholesterol,8,mg
2490,Sodium,15.8,mg
2491,Energy,134,cal
2491,Protein,3,g
2491,Carbohydrates,11.3,g
2491,Fiber,0.7,g
2491,Fat,7.3,g
2491,Cholesterol,8,mg
2491,Sodium,15.8,mg
2492,Energy,134,cal
2492,Protein,3,g
2492,Carbohydrates,11.3,g
2492,Fiber,0.7,g
2492,Fat,7.3,g
2492,Cholesterol,8,mg
2492,Sodium,15.8,mg
2493,Energy,134,cal
2493,Protein,3,g
2493,Carbohydrates,11.3,g
2493,Fiber,0.7,g
2493,Fat,7.3,g
2493,Cholesterol,8,mg
2493,Sodium,15.8,mg
2494,Energy,134,cal
2494,Protein,3,g
2494,Carbohydrates,11.3,g
2494,Fiber,0.7,g
2494,Fat,7.3,g
2494,Cholesterol,8,mg
2494,Sodium,15.8,mg
2495,Energy,407,cal
2495,Protein,10.6,g
2495,Carbohydrates,47.6,g
2495,Fiber,0,g
2495,Fat,15.8,g
2495,Cholesterol,24,mg
2495,Sodium,33.5,mg
2496,Energy,407,cal
2496,Protein,10.6,g
2496,Carbohydrates,47.6,g
2496,Fiber,0,g
2496,Fat,15.8,g
2496,Cholesterol,24,mg
2496,Sodium,33.5,mg
2497,Energy,403,cal
2497,Protein,7.3,g
2497,Carbohydrates,59.2,g
2497,Fiber,0,g
2497,Fat,14.3,g
2497,Cholesterol,8,mg
2497,Sodium,9.5,mg
2503,Energy,423,cal
2503,Protein,13.8,g
2503,Carbohydrates,36.8,g
2503,Fiber,4.4,g
2503,Fat,23.4,g
2503,Cholesterol,0,mg
2503,Vitamin A,1020.3,mcg
2503,Vitamin B1,-0.6,mg
2503,Vitamin B2,-0.6,mg
2503,Vitamin B3,0.3,mg
2503,Vitamin C,30.8,mg
2503,Folic Acid,28.1,mcg
2503,Calcium,507.8,mg
2503,Iron,2.6,mg
2503,Magnesium,0,mg
2503,Phosphorus,0,mg
2503,Sodium,23.7,mg
2503,Potassium,383.3,mg
2503,Zinc,0.5,mg
2504,Energy,139,cal
2504,Protein,2,g
2504,Carbohydrates,12.1,g
2504,Fiber,1.5,g
2504,Fat,9.5,g
2504,Cholesterol,0,mg
2504,Sodium,4.8,mg
2505,Energy,118,cal
2505,Protein,1.9,g
2505,Carbohydrates,13.4,g
2505,Fiber,1.9,g
2505,Fat,6,g
2505,Cholesterol,2,mg
2505,Sodium,3.2,mg
2506,Energy,232,cal
2506,Protein,5.6,g
2506,Carbohydrates,12.3,g
2506,Fiber,3.9,g
2506,Fat,18.6,g
2506,Cholesterol,0,mg
2506,Sodium,11.1,mg
2507,Energy,232,cal
2507,Protein,5.6,g
2507,Carbohydrates,12.3,g
2507,Fiber,3.9,g
2507,Fat,18.6,g
2507,Cholesterol,0,mg
2507,Sodium,11.1,mg
2508,Energy,232,cal
2508,Protein,5.6,g
2508,Carbohydrates,12.3,g
2508,Fiber,3.9,g
2508,Fat,18.6,g
2508,Cholesterol,0,mg
2508,Sodium,11.1,mg
2510,Energy,39,cal
2510,Protein,0.7,g
2510,Carbohydrates,0.9,g
2510,Fiber,0.1,g
2510,Fat,3.6,g
2510,Cholesterol,0,mg
2510,Vitamin A,201.4,mcg
2510,Vitamin B1,0,mg
2510,Vitamin B2,0,mg
2510,Vitamin B3,0,mg
2510,Vitamin C,3.2,mg
2510,Folic Acid,0,mcg
2510,Calcium,28.1,mg
2510,Iron,0,mg
2510,Magnesium,0,mg
2510,Phosphorus,0,mg
2510,Sodium,1.5,mg
2510,Potassium,11.1,mg
2510,Zinc,0,mg
2511,Energy,52,cal
2511,Protein,0.6,g
2511,Carbohydrates,4.1,g
2511,Fiber,0,g
2511,Fat,3.6,g
2511,Cholesterol,0,mg
2511,Vitamin A,33.4,mcg
2511,Vitamin B1,0,mg
2511,Vitamin B2,0,mg
2511,Vitamin B3,0.1,mg
2511,Vitamin C,0,mg
2511,Folic Acid,0,mcg
2511,Calcium,1.2,mg
2511,Iron,0.1,mg
2511,Magnesium,0,mg
2511,Phosphorus,0,mg
2511,Sodium,0.6,mg
2511,Potassium,6.8,mg
2511,Zinc,0,mg
2512,Energy,52,cal
2512,Protein,0.6,g
2512,Carbohydrates,4.1,g
2512,Fiber,0,g
2512,Fat,3.6,g
2512,Cholesterol,0,mg
2512,Vitamin A,33.4,mcg
2512,Vitamin B1,0,mg
2512,Vitamin B2,0,mg
2512,Vitamin B3,0.1,mg
2512,Vitamin C,0,mg
2512,Folic Acid,0,mcg
2512,Calcium,1.2,mg
2512,Iron,0.1,mg
2512,Magnesium,0,mg
2512,Phosphorus,0,mg
2512,Sodium,0.6,mg
2512,Potassium,6.8,mg
2512,Zinc,0,mg
2513,Energy,148,cal
2513,Protein,5.4,g
2513,Carbohydrates,24.6,g
2513,Fiber,1.4,g
2513,Fat,4,g
2513,Cholesterol,0,mg
2513,Sodium,1.9,mg
2514,Energy,139,cal
2514,Protein,9,g
2514,Carbohydrates,24.3,g
2514,Fiber,4.6,g
2514,Fat,0.6,g
2514,Cholesterol,0,mg
2514,Sodium,39.3,mg
2515,Energy,157,cal
2515,Protein,5.1,g
2515,Carbohydrates,26.3,g
2515,Fiber,0,g
2515,Fat,3.5,g
2515,Cholesterol,0,mg
2515,Sodium,1.5,mg
2516,Energy,157,cal
2516,Protein,5.1,g
2516,Carbohydrates,26.3,g
2516,Fiber,0,g
2516,Fat,3.5,g
2516,Cholesterol,0,mg
2516,Sodium,1.5,mg
2517,Energy,157,cal
2517,Protein,5.1,g
2517,Carbohydrates,26.3,g
2517,Fiber,0,g
2517,Fat,3.5,g
2517,Cholesterol,0,mg
2517,Sodium,1.5,mg
2518,Energy,0,cal
2518,Protein,0,g
2518,Carbohydrates,0,g
2518,Fiber,0,g
2518,Fat,0,g
2518,Cholesterol,0,mg
2518,Sodium,0,mg
2519,Energy,151,cal
2519,Protein,3.9,g
2519,Carbohydrates,27.6,g
2519,Fiber,3.3,g
2519,Fat,2.8,g
2519,Cholesterol,0,mg
2519,Sodium,19.9,mg
2522,Energy,81,cal
2522,Protein,0.4,g
2522,Carbohydrates,0.5,g
2522,Fiber,0.1,g
2522,Fat,7.1,g
2522,Cholesterol,0,mg
2522,Sodium,0.4,mg
2523,Energy,81,cal
2523,Protein,0.4,g
2523,Carbohydrates,0.5,g
2523,Fiber,0.1,g
2523,Fat,7.1,g
2523,Cholesterol,0,mg
2523,Sodium,0.4,mg
2524,Energy,341,cal
2524,Protein,8.1,g
2524,Carbohydrates,13.5,g
2524,Fiber,1.7,g
2524,Fat,25.2,g
2524,Cholesterol,0,mg
2524,Vitamin A,4549.6,mcg
2524,Vitamin B1,0.1,mg
2524,Vitamin B2,0.3,mg
2524,Vitamin B3,0.6,mg
2524,Vitamin C,20.5,mg
2524,Folic Acid,91.7,mcg
2524,Calcium,341.5,mg
2524,Iron,1.2,mg
2524,Magnesium,0,mg
2524,Phosphorus,0,mg
2524,Sodium,186.8,mg
2524,Potassium,286.1,mg
2524,Zinc,0.3,mg
2525,Energy,154,cal
2525,Protein,3.2,g
2525,Carbohydrates,12.6,g
2525,Fiber,1.5,g
2525,Fat,10.1,g
2525,Cholesterol,7.8,mg
2525,Vitamin A,477.9,mcg
2525,Vitamin B1,0.1,mg
2525,Vitamin B2,0.1,mg
2525,Vitamin B3,0.3,mg
2525,Vitamin C,17.2,mg
2525,Folic Acid,23.3,mcg
2525,Calcium,92,mg
2525,Iron,0.5,mg
2525,Magnesium,0,mg
2525,Phosphorus,0,mg
2525,Sodium,29.4,mg
2525,Potassium,172.1,mg
2525,Zinc,0.2,mg
2529,Energy,181,cal
2529,Protein,3.4,g
2529,Carbohydrates,31.5,g
2529,Fiber,6.9,g
2529,Fat,4.6,g
2529,Cholesterol,0,mg
2529,Sodium,46.5,mg
2530,Amt,238,gm
2530,Energy,286,kcal
2530,Protein,9,gm
2530,CHO,22.1,gm
2530,Fat,13.2,gm
2530,Vit A,334.8,mcg
2530,Vit C,10.3,mg
2530,Calcium,446.2,mg
2530,Iron,0.8,mg
2530,F Acid,11.2,mcg
2530,Fibre,0.7,gm
2531,Energy,240,cal
2531,Protein,6,g
2531,Carbohydrates,29.8,g
2531,Fiber,1.9,g
2531,Fat,8.3,g
2531,Cholesterol,20,mg
2531,Sodium,26.1,mg
2532,Energy,240,cal
2532,Protein,6,g
2532,Carbohydrates,29.8,g
2532,Fiber,1.9,g
2532,Fat,8.3,g
2532,Cholesterol,20,mg
2532,Sodium,26.1,mg
2533,Energy,63,cal
2533,Protein,3.2,g
2533,Carbohydrates,12.8,g
2533,Fiber,0.9,g
2533,Fat,0.2,g
2533,Cholesterol,0,mg
2533,Sodium,42.6,mg
2534,Energy,414,cal
2534,Protein,11.5,g
2534,Carbohydrates,57.8,g
2534,Fiber,3.3,g
2534,Fat,13.7,g
2534,Cholesterol,18.7,mg
2534,Sodium,93.2,mg
2535,Energy,36,cal
2535,Protein,0.5,g
2535,Carbohydrates,8.1,g
2535,Fiber,1.2,g
2535,Fat,0.1,g
2535,Cholesterol,0,mg
2535,Sodium,7.4,mg
2536,Energy,114,cal
2536,Protein,0.2,g
2536,Carbohydrates,9.8,g
2536,Fiber,1.1,g
2536,Fat,7.3,g
2536,Cholesterol,22.5,mg
2536,Sodium,88.3,mg
2537,Energy,93,cal
2537,Protein,0.8,g
2537,Carbohydrates,8.8,g
2537,Fiber,0.5,g
2537,Fat,6.1,g
2537,Cholesterol,17.7,mg
2537,Sodium,58.5,mg
2538,Energy,93,cal
2538,Protein,0.8,g
2538,Carbohydrates,8.8,g
2538,Fiber,0.5,g
2538,Fat,6.1,g
2538,Cholesterol,17.7,mg
2538,Sodium,58.5,mg
2539,Energy,93,cal
2539,Protein,0.8,g
2539,Carbohydrates,8.8,g
2539,Fiber,0.5,g
2539,Fat,6.1,g
2539,Cholesterol,17.7,mg
2539,Sodium,58.5,mg
2540,Energy,163,cal
2540,Protein,4.8,g
2540,Carbohydrates,21.4,g
2540,Fiber,5.6,g
2540,Fat,7.2,g
2540,Cholesterol,0,mg
2540,Sodium,7.8,mg
2541,Energy,242,cal
2541,Protein,6.2,g
2541,Carbohydrates,41.1,g
2541,Fiber,6.6,g
2541,Fat,6.1,g
2541,Cholesterol,0,mg
2541,Sodium,21.3,mg
2542,Energy,291,cal
2542,Protein,9.5,g
2542,Carbohydrates,19.7,g
2542,Fiber,1.4,g
2542,Fat,15.1,g
2542,Cholesterol,32,mg
2542,Sodium,39.9,mg
2543,Energy,261,cal
2543,Protein,9.5,g
2543,Carbohydrates,11.4,g
2543,Fiber,1.4,g
2543,Fat,15.1,g
2543,Cholesterol,32,mg
2543,Sodium,39.5,mg
2544,Energy,67,cal
2544,Protein,2.3,g
2544,Carbohydrates,3.6,g
2544,Fiber,3.4,g
2544,Fat,5.3,g
2544,Cholesterol,0,mg
2544,Sodium,3.8,mg
2547,Energy,295,cal
2547,Protein,6.4,g
2547,Carbohydrates,14.5,g
2547,Fiber,3.3,g
2547,Fat,23.6,g
2547,Cholesterol,3.8,mg
2547,Sodium,30.2,mg
2548,Energy,295,cal
2548,Protein,6.4,g
2548,Carbohydrates,14.5,g
2548,Fiber,3.3,g
2548,Fat,23.6,g
2548,Cholesterol,3.8,mg
2548,Sodium,30.2,mg
2551,Energy,180,cal
2551,Protein,3,g
2551,Carbohydrates,20.9,g
2551,Fiber,0.2,g
2551,Fat,9.3,g
2551,Cholesterol,0,mg
2551,Sodium,2.6,mg
2552,Energy,699,cal
2552,Protein,31.6,g
2552,Carbohydrates,59.8,g
2552,Fiber,0.7,g
2552,Fat,36.8,g
2552,Cholesterol,102.2,mg
2552,Sodium,2076.3,mg
2553,Energy,699,cal
2553,Protein,31.6,g
2553,Carbohydrates,59.8,g
2553,Fiber,0.7,g
2553,Fat,36.8,g
2553,Cholesterol,102.2,mg
2553,Sodium,2076.3,mg
2554,Energy,70,cal
2554,Protein,2.8,g
2554,Carbohydrates,8.3,g
2554,Fiber,2.5,g
2554,Fat,2.9,g
2554,Cholesterol,0,mg
2554,Sodium,8.2,mg
2556,Energy,182,cal
2556,Protein,1.9,g
2556,Carbohydrates,9.1,g
2556,Fiber,3.8,g
2556,Fat,15.3,g
2556,Cholesterol,0,mg
2556,Sodium,18.2,mg
2557,Energy,79,cal
2557,Protein,2.3,g
2557,Carbohydrates,6.4,g
2557,Fiber,2.7,g
2557,Fat,4.9,g
2557,Cholesterol,0,mg
2557,Vitamin A,212.6,mcg
2557,Vitamin B1,0.1,mg
2557,Vitamin B2,0.1,mg
2557,Vitamin B3,0.4,mg
2557,Vitamin C,17.7,mg
2557,Folic Acid,36.5,mcg
2557,Calcium,38.8,mg
2557,Iron,0.7,mg
2557,Magnesium,0,mg
2557,Phosphorus,0,mg
2557,Sodium,6.6,mg
2557,Potassium,112.8,mg
2557,Zinc,0.3,mg
2558,Energy,138,cal
2558,Protein,5.6,g
2558,Carbohydrates,15.9,g
2558,Fiber,5,g
2558,Fat,5.8,g
2558,Cholesterol,0,mg
2558,Vitamin A,110.8,mcg
2558,Vitamin B1,0.1,mg
2558,Vitamin B2,0.1,mg
2558,Vitamin B3,0.7,mg
2558,Vitamin C,12.3,mg
2558,Folic Acid,55.1,mcg
2558,Calcium,38.6,mg
2558,Iron,1.5,mg
2558,Magnesium,0,mg
2558,Phosphorus,0,mg
2558,Sodium,17.6,mg
2558,Potassium,215.6,mg
2558,Zinc,0.6,mg
2559,Energy,312,cal
2559,Protein,4.7,g
2559,Carbohydrates,11,g
2559,Fiber,7.7,g
2559,Fat,27.7,g
2559,Cholesterol,0,mg
2559,Vitamin A,155.6,mcg
2559,Vitamin B1,0.1,mg
2559,Vitamin B2,0.1,mg
2559,Vitamin B3,1.9,mg
2559,Vitamin C,16,mg
2559,Folic Acid,39,mcg
2559,Calcium,43.9,mg
2559,Iron,1.4,mg
2559,Magnesium,0,mg
2559,Phosphorus,0,mg
2559,Sodium,2.9,mg
2559,Potassium,81.7,mg
2559,Zinc,0.5,mg
2560,Energy,86,cal
2560,Protein,1.8,g
2560,Carbohydrates,5,g
2560,Fiber,2.3,g
2560,Fat,6.5,g
2560,Cholesterol,0,mg
2560,Vitamin A,118.2,mcg
2560,Vitamin B1,0.1,mg
2560,Vitamin B2,0,mg
2560,Vitamin B3,0.3,mg
2560,Vitamin C,15.1,mg
2560,Folic Acid,32.4,mcg
2560,Calcium,34.1,mg
2560,Iron,0.6,mg
2560,Magnesium,0,mg
2560,Phosphorus,0,mg
2560,Sodium,4,mg
2560,Potassium,92,mg
2560,Zinc,0.3,mg
2562,Energy,138,cal
2562,Protein,2.9,g
2562,Carbohydrates,13.9,g
2562,Fiber,2.9,g
2562,Fat,7.9,g
2562,Cholesterol,0,mg
2562,Vitamin A,226.1,mcg
2562,Vitamin B1,0.2,mg
2562,Vitamin B2,0.1,mg
2562,Vitamin B3,1.1,mg
2562,Vitamin C,28.8,mg
2562,Folic Acid,72.5,mcg
2562,Calcium,71.1,mg
2562,Iron,1.3,mg
2562,Magnesium,0,mg
2562,Phosphorus,0,mg
2562,Sodium,177,mg
2562,Potassium,171.8,mg
2562,Zinc,0.6,mg
2563,Energy,13,cal
2563,Protein,0.8,g
2563,Carbohydrates,2.2,g
2563,Fiber,0.9,g
2563,Fat,0.1,g
2563,Cholesterol,0,mg
2563,Vitamin A,90.6,mcg
2563,Vitamin B1,0,mg
2563,Vitamin B2,0,mg
2563,Vitamin B3,0.2,mg
2563,Vitamin C,11.2,mg
2563,Folic Acid,20.5,mcg
2563,Calcium,36.3,mg
2563,Iron,0.6,mg
2563,Magnesium,0,mg
2563,Phosphorus,0,mg
2563,Sodium,2,mg
2563,Potassium,54.1,mg
2563,Zinc,0.2,mg
2564,Energy,13,cal
2564,Protein,0.8,g
2564,Carbohydrates,2.2,g
2564,Fiber,0.9,g
2564,Fat,0.1,g
2564,Cholesterol,0,mg
2564,Vitamin A,90.6,mcg
2564,Vitamin B1,0,mg
2564,Vitamin B2,0,mg
2564,Vitamin B3,0.2,mg
2564,Vitamin C,11.2,mg
2564,Folic Acid,20.5,mcg
2564,Calcium,36.3,mg
2564,Iron,0.6,mg
2564,Magnesium,0,mg
2564,Phosphorus,0,mg
2564,Sodium,2,mg
2564,Potassium,54.1,mg
2564,Zinc,0.2,mg
2565,Energy,478,cal
2565,Protein,3.3,g
2565,Carbohydrates,28.5,g
2565,Fiber,0.5,g
2565,Fat,40.1,g
2565,Cholesterol,0,mg
2565,Vitamin A,444.2,mcg
2565,Vitamin B1,0,mg
2565,Vitamin B2,0,mg
2565,Vitamin B3,0.2,mg
2565,Vitamin C,8.6,mg
2565,Folic Acid,8.4,mcg
2565,Calcium,20.5,mg
2565,Iron,0.3,mg
2565,Magnesium,0,mg
2565,Phosphorus,0,mg
2565,Sodium,250.1,mg
2565,Potassium,63.7,mg
2565,Zinc,0.1,mg
2566,Energy,582,cal
2566,Protein,7.1,g
2566,Carbohydrates,36.1,g
2566,Fiber,0.2,g
2566,Fat,46.6,g
2566,Cholesterol,0,mg
2566,Vitamin A,567.1,mcg
2566,Vitamin B1,0,mg
2566,Vitamin B2,0,mg
2566,Vitamin B3,0.1,mg
2566,Vitamin C,10.2,mg
2566,Folic Acid,0.7,mcg
2566,Calcium,7.4,mg
2566,Iron,0.1,mg
2566,Magnesium,0,mg
2566,Phosphorus,0,mg
2566,Sodium,332.2,mg
2566,Potassium,26,mg
2566,Zinc,0.1,mg
2567,Energy,582,cal
2567,Protein,7.1,g
2567,Carbohydrates,36.1,g
2567,Fiber,0.2,g
2567,Fat,46.6,g
2567,Cholesterol,0,mg
2567,Vitamin A,567.1,mcg
2567,Vitamin B1,0,mg
2567,Vitamin B2,0,mg
2567,Vitamin B3,0.1,mg
2567,Vitamin C,10.2,mg
2567,Folic Acid,0.7,mcg
2567,Calcium,7.4,mg
2567,Iron,0.1,mg
2567,Magnesium,0,mg
2567,Phosphorus,0,mg
2567,Sodium,332.2,mg
2567,Potassium,26,mg
2567,Zinc,0.1,mg
2568,Energy,582,cal
2568,Protein,7.1,g
2568,Carbohydrates,36.1,g
2568,Fiber,0.2,g
2568,Fat,46.6,g
2568,Cholesterol,0,mg
2568,Vitamin A,567.1,mcg
2568,Vitamin B1,0,mg
2568,Vitamin B2,0,mg
2568,Vitamin B3,0.1,mg
2568,Vitamin C,10.2,mg
2568,Folic Acid,0.7,mcg
2568,Calcium,7.4,mg
2568,Iron,0.1,mg
2568,Magnesium,0,mg
2568,Phosphorus,0,mg
2568,Sodium,332.2,mg
2568,Potassium,26,mg
2568,Zinc,0.1,mg
2569,Energy,366,cal
2569,Protein,0.4,g
2569,Carbohydrates,1.6,g
2569,Fiber,0,g
2569,Fat,0,g
2569,Cholesterol,0,mg
2569,Sodium,0,mg
2570,Energy,81,cal
2570,Protein,0.2,g
2570,Carbohydrates,1.7,g
2570,Fiber,0.3,g
2570,Fat,0.1,g
2570,Cholesterol,0,mg
2570,Sodium,0.3,mg
2571,Energy,325,cal
2571,Protein,20,g
2571,Carbohydrates,0,g
2571,Fiber,0,g
2571,Fat,27.2,g
2571,Cholesterol,22.5,mg
2571,Sodium,74.3,mg
2572,Energy,325,cal
2572,Protein,20,g
2572,Carbohydrates,0,g
2572,Fiber,0,g
2572,Fat,27.2,g
2572,Cholesterol,22.5,mg
2572,Sodium,74.3,mg
2573,Energy,77,cal
2573,Protein,2.4,g
2573,Carbohydrates,5,g
2573,Fiber,0.1,g
2573,Fat,5.2,g
2573,Cholesterol,0,mg
2573,Vitamin A,148.5,mcg
2573,Vitamin B1,0,mg
2573,Vitamin B2,0,mg
2573,Vitamin B3,0.1,mg
2573,Vitamin C,1.1,mg
2573,Folic Acid,0.6,mcg
2573,Calcium,64.7,mg
2573,Iron,0.3,mg
2573,Magnesium,0,mg
2573,Phosphorus,0,mg
2573,Sodium,33.4,mg
2573,Potassium,13.7,mg
2573,Zinc,0,mg
2574,Energy,77,cal
2574,Protein,2.4,g
2574,Carbohydrates,5,g
2574,Fiber,0.1,g
2574,Fat,5.2,g
2574,Cholesterol,0,mg
2574,Vitamin A,148.5,mcg
2574,Vitamin B1,0,mg
2574,Vitamin B2,0,mg
2574,Vitamin B3,0.1,mg
2574,Vitamin C,1.1,mg
2574,Folic Acid,0.6,mcg
2574,Calcium,64.7,mg
2574,Iron,0.3,mg
2574,Magnesium,0,mg
2574,Phosphorus,0,mg
2574,Sodium,33.4,mg
2574,Potassium,13.7,mg
2574,Zinc,0,mg
2575,Energy,77,cal
2575,Protein,2.4,g
2575,Carbohydrates,5,g
2575,Fiber,0.1,g
2575,Fat,5.2,g
2575,Cholesterol,0,mg
2575,Vitamin A,148.5,mcg
2575,Vitamin B1,0,mg
2575,Vitamin B2,0,mg
2575,Vitamin B3,0.1,mg
2575,Vitamin C,1.1,mg
2575,Folic Acid,0.6,mcg
2575,Calcium,64.7,mg
2575,Iron,0.3,mg
2575,Magnesium,0,mg
2575,Phosphorus,0,mg
2575,Sodium,33.4,mg
2575,Potassium,13.7,mg
2575,Zinc,0,mg
2576,Energy,77,cal
2576,Protein,2.4,g
2576,Carbohydrates,5,g
2576,Fiber,0.1,g
2576,Fat,5.2,g
2576,Cholesterol,0,mg
2576,Vitamin A,148.5,mcg
2576,Vitamin B1,0,mg
2576,Vitamin B2,0,mg
2576,Vitamin B3,0.1,mg
2576,Vitamin C,1.1,mg
2576,Folic Acid,0.6,mcg
2576,Calcium,64.7,mg
2576,Iron,0.3,mg
2576,Magnesium,0,mg
2576,Phosphorus,0,mg
2576,Sodium,33.4,mg
2576,Potassium,13.7,mg
2576,Zinc,0,mg
2577,Energy,141,cal
2577,Protein,2.4,g
2577,Carbohydrates,18.8,g
2577,Fiber,0,g
2577,Fat,6.1,g
2577,Cholesterol,5.8,mg
2577,Sodium,19.1,mg
2578,Energy,91,cal
2578,Protein,0.2,g
2578,Carbohydrates,21.6,g
2578,Fiber,2.3,g
2578,Fat,0.4,g
2578,Cholesterol,0,mg
2578,Sodium,20,mg
2579,Energy,109,cal
2579,Protein,2.3,g
2579,Carbohydrates,9.5,g
2579,Fiber,0.9,g
2579,Fat,6.5,g
2579,Cholesterol,11.5,mg
2579,Sodium,35.8,mg
2580,Energy,38,cal
2580,Protein,0.4,g
2580,Carbohydrates,1.3,g
2580,Fiber,1,g
2580,Fat,3.5,g
2580,Cholesterol,0,mg
2580,Sodium,1.6,mg
2581,Energy,38,cal
2581,Protein,0.4,g
2581,Carbohydrates,1.3,g
2581,Fiber,1,g
2581,Fat,3.5,g
2581,Cholesterol,0,mg
2581,Sodium,1.6,mg
2582,Energy,38,cal
2582,Protein,0.4,g
2582,Carbohydrates,1.3,g
2582,Fiber,1,g
2582,Fat,3.5,g
2582,Cholesterol,0,mg
2582,Sodium,1.6,mg
2583,Energy,38,cal
2583,Protein,0.4,g
2583,Carbohydrates,1.3,g
2583,Fiber,1,g
2583,Fat,3.5,g
2583,Cholesterol,0,mg
2583,Sodium,1.6,mg
2584,Energy,173,cal
2584,Protein,3.6,g
2584,Carbohydrates,21.3,g
2584,Fiber,1.5,g
2584,Fat,4.2,g
2584,Cholesterol,10,mg
2584,Sodium,20.6,mg
2589,Energy,106,cal
2589,Protein,1.1,g
2589,Carbohydrates,22.8,g
2589,Fiber,2.9,g
2589,Fat,0.4,g
2589,Cholesterol,0,mg
2589,Sodium,15.6,mg
2590,Energy,106,cal
2590,Protein,1.1,g
2590,Carbohydrates,22.8,g
2590,Fiber,2.9,g
2590,Fat,0.4,g
2590,Cholesterol,0,mg
2590,Sodium,15.6,mg
2591,Energy,106,cal
2591,Protein,1.1,g
2591,Carbohydrates,22.8,g
2591,Fiber,2.9,g
2591,Fat,0.4,g
2591,Cholesterol,0,mg
2591,Sodium,15.6,mg
2592,Energy,154,cal
2592,Protein,0.5,g
2592,Carbohydrates,19.9,g
2592,Fiber,1.9,g
2592,Fat,8,g
2592,Cholesterol,0,mg
2592,Sodium,26.6,mg
2593,Energy,154,cal
2593,Protein,0.5,g
2593,Carbohydrates,19.9,g
2593,Fiber,1.9,g
2593,Fat,8,g
2593,Cholesterol,0,mg
2593,Sodium,26.6,mg
2594,Energy,454,cal
2594,Protein,11,g
2594,Carbohydrates,52.1,g
2594,Fiber,0.8,g
2594,Fat,16.4,g
2594,Cholesterol,40,mg
2594,Sodium,52.4,mg
2595,Energy,454,cal
2595,Protein,11,g
2595,Carbohydrates,52.1,g
2595,Fiber,0.8,g
2595,Fat,16.4,g
2595,Cholesterol,40,mg
2595,Sodium,52.4,mg
2596,Energy,15,cal
2596,Protein,0.7,g
2596,Carbohydrates,2.7,g
2596,Fiber,0.6,g
2596,Fat,0,g
2596,Cholesterol,0,mg
2596,Sodium,1.1,mg
2597,Energy,13,cal
2597,Protein,0.7,g
2597,Carbohydrates,2.3,g
2597,Fiber,0.5,g
2597,Fat,0,g
2597,Cholesterol,0,mg
2597,Sodium,0.9,mg
2598,Energy,15,cal
2598,Protein,0.7,g
2598,Carbohydrates,2.7,g
2598,Fiber,0.6,g
2598,Fat,0,g
2598,Cholesterol,0,mg
2598,Sodium,1.1,mg
2599,Energy,14,cal
2599,Protein,0.7,g
2599,Carbohydrates,2.5,g
2599,Fiber,0.6,g
2599,Fat,0,g
2599,Cholesterol,0,mg
2599,Sodium,1,mg
2600,Energy,4,cal
2600,Protein,0.1,g
2600,Carbohydrates,0.7,g
2600,Fiber,0.1,g
2600,Fat,0.1,g
2600,Cholesterol,0,mg
2600,Sodium,181,mg
2601,Energy,62,cal
2601,Protein,0.8,g
2601,Carbohydrates,9,g
2601,Fiber,0.5,g
2601,Fat,2.6,g
2601,Cholesterol,0,mg
2601,Vitamin A,50.2,mcg
2601,Vitamin B1,0,mg
2601,Vitamin B2,0,mg
2601,Vitamin B3,0.2,mg
2601,Vitamin C,0.5,mg
2601,Folic Acid,0.9,mcg
2601,Calcium,1.9,mg
2601,Iron,0.1,mg
2601,Magnesium,0,mg
2601,Phosphorus,0,mg
2601,Sodium,0.2,mg
2601,Potassium,1.6,mg
2601,Zinc,0.1,mg
2602,Energy,90,cal
2602,Protein,0,g
2602,Carbohydrates,0,g
2602,Fiber,0,g
2602,Fat,10,g
2602,Cholesterol,0,mg
2602,Sodium,775.2,mg
2603,Energy,84,cal
2603,Protein,4.5,g
2603,Carbohydrates,13.1,g
2603,Fiber,4.4,g
2603,Fat,1.2,g
2603,Cholesterol,2.7,mg
2603,Sodium,9,mg
2604,Energy,61,cal
2604,Protein,0.1,g
2604,Carbohydrates,16.5,g
2604,Fiber,0.1,g
2604,Fat,0,g
2604,Cholesterol,0,mg
2604,Sodium,0.8,mg
2605,Energy,252,cal
2605,Protein,5.2,g
2605,Carbohydrates,39.3,g
2605,Fiber,0.3,g
2605,Fat,6.8,g
2605,Cholesterol,10.7,mg
2605,Sodium,55.7,mg
2606,Energy,2,cal
2606,Protein,0.1,g
2606,Carbohydrates,0.4,g
2606,Fiber,0.2,g
2606,Fat,0,g
2606,Cholesterol,0,mg
2606,Sodium,0.1,mg
2607,Energy,2,cal
2607,Protein,0.1,g
2607,Carbohydrates,0.4,g
2607,Fiber,0.2,g
2607,Fat,0,g
2607,Cholesterol,0,mg
2607,Sodium,0.1,mg
2608,Energy,738,cal
2608,Protein,9.7,g
2608,Carbohydrates,65,g
2608,Fiber,0.3,g
2608,Fat,48.8,g
2608,Cholesterol,0,mg
2608,Vitamin A,454,mcg
2608,Vitamin B1,0.1,mg
2608,Vitamin B2,0.1,mg
2608,Vitamin B3,2.1,mg
2608,Vitamin C,0,mg
2608,Folic Acid,0,mcg
2608,Calcium,20.2,mg
2608,Iron,2.4,mg
2608,Magnesium,0,mg
2608,Phosphorus,0,mg
2608,Sodium,8.2,mg
2608,Potassium,114.4,mg
2608,Zinc,0.5,mg
2609,Energy,172,cal
2609,Protein,2.5,g
2609,Carbohydrates,36.7,g
2609,Fiber,3.5,g
2609,Fat,1.6,g
2609,Cholesterol,0,mg
2609,Sodium,4.6,mg
2610,Energy,79,cal
2610,Protein,0.8,g
2610,Carbohydrates,18.5,g
2610,Fiber,0.8,g
2610,Fat,0.2,g
2610,Cholesterol,0,mg
2610,Sodium,1.3,mg
2611,Energy,147,cal
2611,Protein,2.8,g
2611,Carbohydrates,19.1,g
2611,Fiber,0.9,g
2611,Fat,6.5,g
2611,Cholesterol,0,mg
2611,Sodium,9.7,mg
2612,Energy,51,cal
2612,Protein,0.5,g
2612,Carbohydrates,11.9,g
2612,Fiber,1,g
2612,Fat,0.2,g
2612,Cholesterol,0,mg
2612,Vitamin A,5.5,mcg
2612,Vitamin B1,0.1,mg
2612,Vitamin B2,0,mg
2612,Vitamin B3,0.4,mg
2612,Vitamin C,16.8,mg
2612,Folic Acid,7,mcg
2612,Calcium,15.3,mg
2612,Iron,0.8,mg
2612,Magnesium,0,mg
2612,Phosphorus,0,mg
2612,Sodium,0.2,mg
2612,Potassium,17,mg
2612,Zinc,0.1,mg
2613,Energy,201,cal
2613,Protein,2.2,g
2613,Carbohydrates,24,g
2613,Fiber,0.8,g
2613,Fat,10,g
2613,Cholesterol,5.3,mg
2613,Sodium,15.3,mg
2614,Energy,204,cal
2614,Protein,2.3,g
2614,Carbohydrates,24.5,g
2614,Fiber,0.9,g
2614,Fat,10.1,g
2614,Cholesterol,5.3,mg
2614,Sodium,15.4,mg
2615,Energy,210,cal
2615,Protein,2.3,g
2615,Carbohydrates,20.5,g
2615,Fiber,0.6,g
2615,Fat,12.6,g
2615,Cholesterol,5.3,mg
2615,Sodium,18.1,mg
2616,Energy,22,cal
2616,Protein,0.1,g
2616,Carbohydrates,5.3,g
2616,Fiber,0.3,g
2616,Fat,0,g
2616,Cholesterol,0,mg
2616,Sodium,0.1,mg
2617,Energy,164,cal
2617,Protein,2.5,g
2617,Carbohydrates,33.2,g
2617,Fiber,4.2,g
2617,Fat,2.2,g
2617,Cholesterol,0,mg
2617,Sodium,4.9,mg
2618,Energy,164,cal
2618,Protein,2.5,g
2618,Carbohydrates,33.2,g
2618,Fiber,4.2,g
2618,Fat,2.2,g
2618,Cholesterol,0,mg
2618,Sodium,4.9,mg
2619,Energy,164,cal
2619,Protein,2.5,g
2619,Carbohydrates,33.2,g
2619,Fiber,4.2,g
2619,Fat,2.2,g
2619,Cholesterol,0,mg
2619,Sodium,4.9,mg
2620,Energy,3,cal
2620,Protein,0.1,g
2620,Carbohydrates,0.6,g
2620,Fiber,0.3,g
2620,Fat,0,g
2620,Cholesterol,0,mg
2620,Vitamin A,56.2,mcg
2620,Vitamin B1,0,mg
2620,Vitamin B2,0,mg
2620,Vitamin B3,0.1,mg
2620,Vitamin C,4.3,mg
2620,Folic Acid,4.8,mcg
2620,Calcium,7.7,mg
2620,Iron,0.1,mg
2620,Magnesium,0,mg
2620,Phosphorus,0,mg
2620,Sodium,2.1,mg
2620,Potassium,23.4,mg
2620,Zinc,0,mg
2621,Energy,34,cal
2621,Protein,0.6,g
2621,Carbohydrates,6.7,g
2621,Fiber,1,g
2621,Fat,0.5,g
2621,Cholesterol,0,mg
2621,Sodium,2714.3,mg
2622,Energy,191,cal
2622,Protein,3.6,g
2622,Carbohydrates,33.1,g
2622,Fiber,1.3,g
2622,Fat,5.1,g
2622,Cholesterol,0,mg
2622,Sodium,1,mg
2623,Energy,366,cal
2623,Protein,2.5,g
2623,Carbohydrates,31.4,g
2623,Fiber,1.6,g
2623,Fat,25.5,g
2623,Cholesterol,0,mg
2623,Sodium,20.8,mg
2624,Energy,366,cal
2624,Protein,2.5,g
2624,Carbohydrates,31.4,g
2624,Fiber,1.6,g
2624,Fat,25.5,g
2624,Cholesterol,0,mg
2624,Sodium,20.8,mg
2625,Energy,362,cal
2625,Protein,7.9,g
2625,Carbohydrates,57,g
2625,Fiber,5.6,g
2625,Fat,12.1,g
2625,Cholesterol,0,mg
2625,Vitamin A,296.9,mcg
2625,Vitamin B1,0.9,mg
2625,Vitamin B2,0.4,mg
2625,Vitamin B3,5.1,mg
2625,Vitamin C,56.1,mg
2625,Folic Acid,106.9,mcg
2625,Calcium,82.4,mg
2625,Iron,4.5,mg
2625,Magnesium,0,mg
2625,Phosphorus,0,mg
2625,Sodium,5.4,mg
2625,Potassium,208.2,mg
2625,Zinc,1.1,mg
2626,Energy,796,cal
2626,Protein,27.7,g
2626,Carbohydrates,79.7,g
2626,Fiber,20.4,g
2626,Fat,40.8,g
2626,Cholesterol,0,mg
2626,Sodium,1131.1,mg
2627,Energy,81,cal
2627,Protein,1.8,g
2627,Carbohydrates,5.1,g
2627,Fiber,2.3,g
2627,Fat,5.9,g
2627,Cholesterol,0,mg
2627,Sodium,4,mg
2628,Energy,81,cal
2628,Protein,1.8,g
2628,Carbohydrates,5.1,g
2628,Fiber,2.3,g
2628,Fat,5.9,g
2628,Cholesterol,0,mg
2628,Sodium,4,mg
2629,Energy,278,cal
2629,Protein,3.1,g
2629,Carbohydrates,20.8,g
2629,Fiber,0,g
2629,Fat,20.3,g
2629,Cholesterol,0,mg
2629,Vitamin A,180,mcg
2629,Vitamin B1,0,mg
2629,Vitamin B2,0,mg
2629,Vitamin B3,0.3,mg
2629,Vitamin C,0,mg
2629,Folic Acid,0,mcg
2629,Calcium,4.4,mg
2629,Iron,0.4,mg
2629,Magnesium,0,mg
2629,Phosphorus,0,mg
2629,Sodium,0,mg
2629,Potassium,0,mg
2629,Zinc,0,mg
2630,Energy,262,cal
2630,Protein,3.2,g
2630,Carbohydrates,44.3,g
2630,Fiber,1.5,g
2630,Fat,9.5,g
2630,Cholesterol,0,mg
2630,Vitamin A,86.2,mcg
2630,Vitamin B1,0,mg
2630,Vitamin B2,0,mg
2630,Vitamin B3,0.3,mg
2630,Vitamin C,1.8,mg
2630,Folic Acid,8.4,mcg
2630,Calcium,30.2,mg
2630,Iron,0.5,mg
2630,Magnesium,0,mg
2630,Phosphorus,0,mg
2630,Sodium,3.8,mg
2630,Potassium,241.9,mg
2630,Zinc,4.1,mg
2631,Energy,109,cal
2631,Protein,6.7,g
2631,Carbohydrates,0,g
2631,Fiber,0,g
2631,Fat,9.1,g
2631,Cholesterol,0,mg
2631,Sodium,0,mg
2632,Energy,9,cal
2632,Protein,0,g
2632,Carbohydrates,0,g
2632,Fiber,0,g
2632,Fat,1,g
2632,Cholesterol,0,mg
2632,Vitamin A,9,mcg
2632,Vitamin B1,0,mg
2632,Vitamin B2,0,mg
2632,Vitamin B3,0,mg
2632,Vitamin C,0,mg
2632,Folic Acid,0,mcg
2632,Calcium,0,mg
2632,Iron,0,mg
2632,Magnesium,0,mg
2632,Phosphorus,0,mg
2632,Sodium,0,mg
2632,Potassium,0,mg
2632,Zinc,0,mg
2633,Energy,9,cal
2633,Protein,0,g
2633,Carbohydrates,0,g
2633,Fiber,0,g
2633,Fat,1,g
2633,Cholesterol,0,mg
2633,Vitamin A,9,mcg
2633,Vitamin B1,0,mg
2633,Vitamin B2,0,mg
2633,Vitamin B3,0,mg
2633,Vitamin C,0,mg
2633,Folic Acid,0,mcg
2633,Calcium,0,mg
2633,Iron,0,mg
2633,Magnesium,0,mg
2633,Phosphorus,0,mg
2633,Sodium,0,mg
2633,Potassium,0,mg
2633,Zinc,0,mg
2634,Energy,9,cal
2634,Protein,0,g
2634,Carbohydrates,0,g
2634,Fiber,0,g
2634,Fat,1,g
2634,Cholesterol,0,mg
2634,Vitamin A,9,mcg
2634,Vitamin B1,0,mg
2634,Vitamin B2,0,mg
2634,Vitamin B3,0,mg
2634,Vitamin C,0,mg
2634,Folic Acid,0,mcg
2634,Calcium,0,mg
2634,Iron,0,mg
2634,Magnesium,0,mg
2634,Phosphorus,0,mg
2634,Sodium,0,mg
2634,Potassium,0,mg
2634,Zinc,0,mg
2638,Energy,653,cal
2638,Protein,24.8,g
2638,Carbohydrates,60.7,g
2638,Fiber,8.3,g
2638,Fat,34.5,g
2638,Cholesterol,0,mg
2638,Sodium,27.6,mg
2639,Energy,149,cal
2639,Protein,8.2,g
2639,Carbohydrates,11.4,g
2639,Fiber,0.4,g
2639,Fat,7.9,g
2639,Cholesterol,13.8,mg
2639,Vitamin A,24,mcg
2639,Vitamin B1,0.1,mg
2639,Vitamin B2,0,mg
2639,Vitamin B3,0.6,mg
2639,Vitamin C,0,mg
2639,Folic Acid,10.5,mcg
2639,Calcium,155.9,mg
2639,Iron,0.5,mg
2639,Magnesium,0,mg
2639,Phosphorus,0,mg
2639,Sodium,381.1,mg
2639,Potassium,20.6,mg
2639,Zinc,0.1,mg
2640,Energy,149,cal
2640,Protein,8.2,g
2640,Carbohydrates,11.4,g
2640,Fiber,0.4,g
2640,Fat,7.9,g
2640,Cholesterol,13.8,mg
2640,Vitamin A,24,mcg
2640,Vitamin B1,0.1,mg
2640,Vitamin B2,0,mg
2640,Vitamin B3,0.6,mg
2640,Vitamin C,0,mg
2640,Folic Acid,10.5,mcg
2640,Calcium,155.9,mg
2640,Iron,0.5,mg
2640,Magnesium,0,mg
2640,Phosphorus,0,mg
2640,Sodium,381.1,mg
2640,Potassium,20.6,mg
2640,Zinc,0.1,mg
2643,Energy,0,cal
2643,Protein,0,g
2643,Carbohydrates,0,g
2643,Fiber,0,g
2643,Fat,0,g
2643,Cholesterol,0,mg
2643,Vitamin A,0,mcg
2643,Vitamin B1,0,mg
2643,Vitamin B2,0,mg
2643,Vitamin B3,0,mg
2643,Vitamin C,0,mg
2643,Folic Acid,0,mcg
2643,Calcium,0,mg
2643,Iron,0,mg
2643,Magnesium,0,mg
2643,Phosphorus,0,mg
2643,Sodium,0,mg
2643,Potassium,0,mg
2643,Zinc,0,mg
2644,Energy,0,cal
2644,Protein,0,g
2644,Carbohydrates,0,g
2644,Fiber,0,g
2644,Fat,0,g
2644,Cholesterol,0,mg
2644,Vitamin A,0,mcg
2644,Vitamin B1,0,mg
2644,Vitamin B2,0,mg
2644,Vitamin B3,0,mg
2644,Vitamin C,0,mg
2644,Folic Acid,0,mcg
2644,Calcium,0,mg
2644,Iron,0,mg
2644,Magnesium,0,mg
2644,Phosphorus,0,mg
2644,Sodium,0,mg
2644,Potassium,0,mg
2644,Zinc,0,mg
2646,Energy,208,cal
2646,Protein,2.5,g
2646,Carbohydrates,14.7,g
2646,Fiber,3.6,g
2646,Fat,15.8,g
2646,Cholesterol,0,mg
2646,Sodium,358,mg
2647,Energy,58,cal
2647,Protein,0.9,g
2647,Carbohydrates,5.8,g
2647,Fiber,0.6,g
2647,Fat,3.5,g
2647,Cholesterol,0,mg
2647,Vitamin A,49.1,mcg
2647,Vitamin B1,0,mg
2647,Vitamin B2,0,mg
2647,Vitamin B3,0.2,mg
2647,Vitamin C,5.5,mg
2647,Folic Acid,3.7,mcg
2647,Calcium,4.3,mg
2647,Iron,0.2,mg
2647,Magnesium,0,mg
2647,Phosphorus,0,mg
2647,Sodium,23.4,mg
2647,Potassium,39.6,mg
2647,Zinc,0.1,mg
2648,Energy,58,cal
2648,Protein,0.9,g
2648,Carbohydrates,5.8,g
2648,Fiber,0.6,g
2648,Fat,3.5,g
2648,Cholesterol,0,mg
2648,Vitamin A,49.1,mcg
2648,Vitamin B1,0,mg
2648,Vitamin B2,0,mg
2648,Vitamin B3,0.2,mg
2648,Vitamin C,5.5,mg
2648,Folic Acid,3.7,mcg
2648,Calcium,4.3,mg
2648,Iron,0.2,mg
2648,Magnesium,0,mg
2648,Phosphorus,0,mg
2648,Sodium,23.4,mg
2648,Potassium,39.6,mg
2648,Zinc,0.1,mg
2649,Energy,58,cal
2649,Protein,0.9,g
2649,Carbohydrates,5.8,g
2649,Fiber,0.6,g
2649,Fat,3.5,g
2649,Cholesterol,0,mg
2649,Vitamin A,49.1,mcg
2649,Vitamin B1,0,mg
2649,Vitamin B2,0,mg
2649,Vitamin B3,0.2,mg
2649,Vitamin C,5.5,mg
2649,Folic Acid,3.7,mcg
2649,Calcium,4.3,mg
2649,Iron,0.2,mg
2649,Magnesium,0,mg
2649,Phosphorus,0,mg
2649,Sodium,23.4,mg
2649,Potassium,39.6,mg
2649,Zinc,0.1,mg
2650,Energy,182,cal
2650,Protein,3.7,g
2650,Carbohydrates,10.9,g
2650,Fiber,0.8,g
2650,Fat,12.3,g
2650,Cholesterol,10.7,mg
2650,Sodium,120.4,mg
2651,Energy,182,cal
2651,Protein,3.7,g
2651,Carbohydrates,10.9,g
2651,Fiber,0.8,g
2651,Fat,12.3,g
2651,Cholesterol,10.7,mg
2651,Sodium,120.4,mg
2652,Energy,182,cal
2652,Protein,3.7,g
2652,Carbohydrates,10.9,g
2652,Fiber,0.8,g
2652,Fat,12.3,g
2652,Cholesterol,10.7,mg
2652,Sodium,120.4,mg
2653,Energy,182,cal
2653,Protein,3.7,g
2653,Carbohydrates,10.9,g
2653,Fiber,0.8,g
2653,Fat,12.3,g
2653,Cholesterol,10.7,mg
2653,Sodium,120.4,mg
2654,Energy,92,cal
2654,Protein,1.3,g
2654,Carbohydrates,21.5,g
2654,Fiber,3,g
2654,Fat,0.4,g
2654,Cholesterol,0,mg
2654,Sodium,20.8,mg
2655,Energy,208,cal
2655,Protein,1.5,g
2655,Carbohydrates,46.9,g
2655,Fiber,2.9,g
2655,Fat,1.5,g
2655,Cholesterol,0,mg
2655,Sodium,1958.2,mg
2656,Energy,302,cal
2656,Protein,7.7,g
2656,Carbohydrates,27,g
2656,Fiber,1.4,g
2656,Fat,15.7,g
2656,Cholesterol,16,mg
2656,Sodium,40.8,mg
2657,Energy,302,cal
2657,Protein,7.7,g
2657,Carbohydrates,27,g
2657,Fiber,1.4,g
2657,Fat,15.7,g
2657,Cholesterol,16,mg
2657,Sodium,40.8,mg
2658,Energy,67,cal
2658,Protein,1.7,g
2658,Carbohydrates,12.6,g
2658,Fiber,1.3,g
2658,Fat,1,g
2658,Cholesterol,0.1,mg
2658,Sodium,31.1,mg
2659,Energy,160,cal
2659,Protein,3.8,g
2659,Carbohydrates,15.6,g
2659,Fiber,1.6,g
2659,Fat,7.4,g
2659,Cholesterol,0,mg
2659,Vitamin A,183.7,mcg
2659,Vitamin B1,0,mg
2659,Vitamin B2,0.1,mg
2659,Vitamin B3,0.2,mg
2659,Vitamin C,4.2,mg
2659,Folic Acid,7.9,mcg
2659,Calcium,172.1,mg
2659,Iron,0.5,mg
2659,Magnesium,0,mg
2659,Phosphorus,0,mg
2659,Sodium,31.5,mg
2659,Potassium,117.1,mg
2659,Zinc,0.1,mg
2660,Energy,219,cal
2660,Protein,3.4,g
2660,Carbohydrates,28.1,g
2660,Fiber,5.3,g
2660,Fat,10.4,g
2660,Cholesterol,0,mg
2660,Vitamin A,676.2,mcg
2660,Vitamin B1,0.1,mg
2660,Vitamin B2,0.1,mg
2660,Vitamin B3,1.6,mg
2660,Vitamin C,40.2,mg
2660,Folic Acid,1.2,mcg
2660,Calcium,49.8,mg
2660,Iron,2,mg
2660,Magnesium,0,mg
2660,Phosphorus,0,mg
2660,Sodium,56.9,mg
2660,Potassium,188.7,mg
2660,Zinc,0.7,mg
2661,Energy,42,cal
2661,Protein,1.3,g
2661,Carbohydrates,8.6,g
2661,Fiber,2.6,g
2661,Fat,0.4,g
2661,Cholesterol,0,mg
2661,Sodium,28.2,mg
2662,Energy,97,cal
2662,Protein,2.9,g
2662,Carbohydrates,20.9,g
2662,Fiber,3.1,g
2662,Fat,0.5,g
2662,Cholesterol,0,mg
2662,Sodium,135.9,mg
2663,Energy,97,cal
2663,Protein,2.9,g
2663,Carbohydrates,20.9,g
2663,Fiber,3.1,g
2663,Fat,0.5,g
2663,Cholesterol,0,mg
2663,Sodium,135.9,mg
2666,Energy,101,cal
2666,Protein,1.3,g
2666,Carbohydrates,23.1,g
2666,Fiber,3.4,g
2666,Fat,0.4,g
2666,Cholesterol,0,mg
2666,Sodium,2939.3,mg
2667,Energy,121,cal
2667,Protein,1.2,g
2667,Carbohydrates,27.5,g
2667,Fiber,4,g
2667,Fat,0.7,g
2667,Cholesterol,0,mg
2667,Sodium,40.3,mg
2668,Energy,16,cal
2668,Protein,0,g
2668,Carbohydrates,3.9,g
2668,Fiber,0.3,g
2668,Fat,0,g
2668,Cholesterol,0,mg
2668,Sodium,1.4,mg
2669,Energy,187,cal
2669,Protein,0.8,g
2669,Carbohydrates,35.5,g
2669,Fiber,4.4,g
2669,Fat,0.5,g
2669,Cholesterol,0,mg
2669,Sodium,27.6,mg
2670,Energy,237,cal
2670,Protein,5.5,g
2670,Carbohydrates,30.6,g
2670,Fiber,2.7,g
2670,Fat,7.7,g
2670,Cholesterol,18,mg
2670,Sodium,31.3,mg
2671,Energy,250,cal
2671,Protein,1.2,g
2671,Carbohydrates,25.7,g
2671,Fiber,4.3,g
2671,Fat,0.6,g
2671,Cholesterol,0,mg
2671,Vitamin A,40.5,mcg
2671,Vitamin B1,0,mg
2671,Vitamin B2,0,mg
2671,Vitamin B3,0.3,mg
2671,Vitamin C,40.3,mg
2671,Folic Acid,8.1,mcg
2671,Calcium,36.1,mg
2671,Iron,0.7,mg
2671,Magnesium,0,mg
2671,Phosphorus,0,mg
2671,Sodium,23.3,mg
2671,Potassium,237.6,mg
2671,Zinc,0.1,mg
2672,Energy,111,cal
2672,Protein,1.2,g
2672,Carbohydrates,25.7,g
2672,Fiber,4.3,g
2672,Fat,0.6,g
2672,Cholesterol,0,mg
2672,Sodium,23.7,mg
2673,Energy,111,cal
2673,Protein,1.2,g
2673,Carbohydrates,25.7,g
2673,Fiber,4.3,g
2673,Fat,0.6,g
2673,Cholesterol,0,mg
2673,Sodium,23.7,mg
2674,Energy,216,cal
2674,Protein,3,g
2674,Carbohydrates,27.2,g
2674,Fiber,0.1,g
2674,Fat,13.2,g
2674,Cholesterol,0,mg
2674,Sodium,13.9,mg
2675,Energy,86,cal
2675,Protein,0.8,g
2675,Carbohydrates,20.1,g
2675,Fiber,2.6,g
2675,Fat,0.3,g
2675,Cholesterol,0,mg
2675,Sodium,30.8,mg
2676,Energy,276,cal
2676,Protein,8.5,g
2676,Carbohydrates,31.2,g
2676,Fiber,0.7,g
2676,Fat,10.9,g
2676,Cholesterol,16,mg
2676,Sodium,69.8,mg
2677,Energy,85,cal
2677,Protein,1,g
2677,Carbohydrates,19.5,g
2677,Fiber,3.5,g
2677,Fat,0.3,g
2677,Cholesterol,0,mg
2677,Sodium,33.1,mg
2678,Energy,244,cal
2678,Protein,2.6,g
2678,Carbohydrates,52.9,g
2678,Fiber,7.2,g
2678,Fat,2.5,g
2678,Cholesterol,0,mg
2678,Sodium,91.8,mg
2679,Energy,36,cal
2679,Protein,0.5,g
2679,Carbohydrates,8.2,g
2679,Fiber,1.3,g
2679,Fat,0.2,g
2679,Cholesterol,0,mg
2679,Sodium,5.9,mg
2680,Energy,36,cal
2680,Protein,0.5,g
2680,Carbohydrates,8.2,g
2680,Fiber,1.3,g
2680,Fat,0.2,g
2680,Cholesterol,0,mg
2680,Sodium,5.9,mg
2681,Energy,160,cal
2681,Protein,2.1,g
2681,Carbohydrates,14.2,g
2681,Fiber,0.1,g
2681,Fat,10.5,g
2681,Cholesterol,32,mg
2681,Sodium,107.5,mg
2682,Energy,160,cal
2682,Protein,2.1,g
2682,Carbohydrates,14.2,g
2682,Fiber,0.1,g
2682,Fat,10.5,g
2682,Cholesterol,32,mg
2682,Sodium,107.5,mg
2683,Energy,160,cal
2683,Protein,2.1,g
2683,Carbohydrates,14.2,g
2683,Fiber,0.1,g
2683,Fat,10.5,g
2683,Cholesterol,32,mg
2683,Sodium,107.5,mg
2684,Energy,160,cal
2684,Protein,2.1,g
2684,Carbohydrates,14.2,g
2684,Fiber,0.1,g
2684,Fat,10.5,g
2684,Cholesterol,32,mg
2684,Sodium,107.5,mg
2685,Energy,137,cal
2685,Protein,1.3,g
2685,Carbohydrates,32.2,g
2685,Fiber,7.2,g
2685,Fat,0.5,g
2685,Cholesterol,0,mg
2685,Sodium,73.6,mg
2686,Amt,139,gm
2686,Energy,194,kcal
2686,Protein,5.1,gm
2686,Cho,19,gm
2686,Fat,8.5,gm
2686,Vit-A,413.9,mcg
2686,Vit-C,7.9,mg
2686,Calcium,222.5,mg
2686,Iron,0.6,mg
2686,F.Acid,5.6,mcg
2686,Fibre,0.1,gm
2687,Amt,139,gm
2687,Energy,194,kcal
2687,Protein,5.1,gm
2687,Cho,19,gm
2687,Fat,8.5,gm
2687,Vit-A,413.9,mcg
2687,Vit-C,7.9,mg
2687,Calcium,222.5,mg
2687,Iron,0.6,mg
2687,F.Acid,5.6,mcg
2687,Fibre,0.1,gm
2688,Energy,170,cal
2688,Protein,7.7,g
2688,Carbohydrates,25.3,g
2688,Fiber,5.5,g
2688,Fat,3.4,g
2688,Cholesterol,6,mg
2688,Sodium,33,mg
2689,Energy,77,cal
2689,Protein,1.2,g
2689,Carbohydrates,15.8,g
2689,Fiber,2.9,g
2689,Fat,1,g
2689,Cholesterol,0,mg
2689,Sodium,63.4,mg
2690,Energy,167,cal
2690,Protein,6.4,g
2690,Carbohydrates,31.1,g
2690,Fiber,11.2,g
2690,Fat,2,g
2690,Cholesterol,0,mg
2690,Sodium,16.2,mg
2691,Energy,390,cal
2691,Protein,16.8,g
2691,Carbohydrates,69.3,g
2691,Fiber,27.4,g
2691,Fat,5,g
2691,Cholesterol,0,mg
2691,Sodium,63.4,mg
2692,Energy,97,cal
2692,Protein,4.2,g
2692,Carbohydrates,17.3,g
2692,Fiber,6.9,g
2692,Fat,1.2,g
2692,Cholesterol,0,mg
2692,Sodium,15.8,mg
2693,Energy,97,cal
2693,Protein,4.2,g
2693,Carbohydrates,17.3,g
2693,Fiber,6.9,g
2693,Fat,1.2,g
2693,Cholesterol,0,mg
2693,Sodium,15.8,mg
2694,Energy,97,cal
2694,Protein,4.2,g
2694,Carbohydrates,17.3,g
2694,Fiber,6.9,g
2694,Fat,1.2,g
2694,Cholesterol,0,mg
2694,Sodium,15.8,mg
2695,Energy,97,cal
2695,Protein,4.2,g
2695,Carbohydrates,17.3,g
2695,Fiber,6.9,g
2695,Fat,1.2,g
2695,Cholesterol,0,mg
2695,Sodium,15.8,mg
2696,Amt,241,gm
2696,Energy,272,kcal
2696,Protein,8.9,gm
2696,Cho,18.8,gm
2696,Fat,13.2,gm
2696,Vit-A,322.9,mcg
2696,Vit-C,18.1,mg
2696,Calcium,438.8,mg
2696,Iron,0.7,mg
2696,F.Acid,11.2,mcg
2696,Fibre,0.5,gm
2697,Amt,241,gm
2697,Energy,272,kcal
2697,Protein,8.9,gm
2697,Cho,18.8,gm
2697,Fat,13.2,gm
2697,Vit-A,322.9,mcg
2697,Vit-C,18.1,mg
2697,Calcium,438.8,mg
2697,Iron,0.7,mg
2697,F.Acid,11.2,mcg
2697,Fibre,0.5,gm
2698,Energy,148,cal
2698,Protein,1.2,g
2698,Carbohydrates,35.1,g
2698,Fiber,1.9,g
2698,Fat,0.4,g
2698,Cholesterol,0,mg
2698,Sodium,7.9,mg
2699,Energy,292,cal
2699,Protein,3.3,g
2699,Carbohydrates,34.2,g
2699,Fiber,6.1,g
2699,Fat,16.1,g
2699,Cholesterol,0,mg
2699,Vitamin A,1102.2,mcg
2699,Vitamin B1,0.1,mg
2699,Vitamin B2,0.1,mg
2699,Vitamin B3,0.8,mg
2699,Vitamin C,63.3,mg
2699,Folic Acid,10.8,mcg
2699,Calcium,88,mg
2699,Iron,2.8,mg
2699,Magnesium,0,mg
2699,Phosphorus,0,mg
2699,Sodium,77.9,mg
2699,Potassium,332.1,mg
2699,Zinc,0.1,mg
2700,Energy,39,cal
2700,Protein,0.3,g
2700,Carbohydrates,8.9,g
2700,Fiber,0.4,g
2700,Fat,0.2,g
2700,Cholesterol,0,mg
2700,Sodium,10.8,mg
2701,Energy,138,cal
2701,Protein,1.7,g
2701,Carbohydrates,29.7,g
2701,Fiber,3.3,g
2701,Fat,1.5,g
2701,Cholesterol,0,mg
2701,Sodium,7,mg
2702,Energy,221,cal
2702,Protein,2.2,g
2702,Carbohydrates,29.7,g
2702,Fiber,3.5,g
2702,Fat,10.5,g
2702,Cholesterol,0,mg
2702,Sodium,21.1,mg
2703,Energy,128,cal
2703,Protein,6.6,g
2703,Carbohydrates,24.5,g
2703,Fiber,1.4,g
2703,Fat,0.5,g
2703,Cholesterol,0,mg
2703,Sodium,82.3,mg
2704,Energy,257,cal
2704,Protein,5.6,g
2704,Carbohydrates,37.9,g
2704,Fiber,1.4,g
2704,Fat,6.9,g
2704,Cholesterol,16,mg
2704,Sodium,26.3,mg
2705,Energy,297,cal
2705,Protein,7.8,g
2705,Carbohydrates,35.9,g
2705,Fiber,1.4,g
2705,Fat,10.1,g
2705,Cholesterol,24,mg
2705,Sodium,35.8,mg
2706,Energy,297,cal
2706,Protein,7.8,g
2706,Carbohydrates,35.9,g
2706,Fiber,1.4,g
2706,Fat,10.1,g
2706,Cholesterol,24,mg
2706,Sodium,35.8,mg
2707,Energy,65,cal
2707,Protein,2.3,g
2707,Carbohydrates,13.2,g
2707,Fiber,2.3,g
2707,Fat,0.3,g
2707,Cholesterol,0,mg
2707,Sodium,17.7,mg
2708,Energy,65,cal
2708,Protein,2.3,g
2708,Carbohydrates,13.2,g
2708,Fiber,2.3,g
2708,Fat,0.3,g
2708,Cholesterol,0,mg
2708,Sodium,17.7,mg
2709,Energy,65,cal
2709,Protein,2.3,g
2709,Carbohydrates,13.2,g
2709,Fiber,2.3,g
2709,Fat,0.3,g
2709,Cholesterol,0,mg
2709,Sodium,17.7,mg
2710,Energy,208,cal
2710,Protein,4.1,g
2710,Carbohydrates,33.9,g
2710,Fiber,3.5,g
2710,Fat,4.8,g
2710,Cholesterol,10.7,mg
2710,Sodium,73.2,mg
2713,Energy,172,cal
2713,Protein,3.3,g
2713,Carbohydrates,14.4,g
2713,Fiber,0.3,g
2713,Fat,13.1,g
2713,Cholesterol,0,mg
2713,Sodium,17.5,mg
2714,Energy,74,cal
2714,Protein,1.1,g
2714,Carbohydrates,4.7,g
2714,Fiber,0,g
2714,Fat,7.4,g
2714,Cholesterol,6.4,mg
2714,Sodium,21.6,mg
2716,Energy,281,cal
2716,Protein,7.4,g
2716,Carbohydrates,23.7,g
2716,Fiber,0.5,g
2716,Fat,16.5,g
2716,Cholesterol,0,mg
2716,Vitamin A,511.6,mcg
2716,Vitamin B1,0.3,mg
2716,Vitamin B2,0.2,mg
2716,Vitamin B3,1.8,mg
2716,Vitamin C,6.9,mg
2716,Folic Acid,14.3,mcg
2716,Calcium,174.9,mg
2716,Iron,1.2,mg
2716,Magnesium,0,mg
2716,Phosphorus,0,mg
2716,Sodium,22.3,mg
2716,Potassium,143.4,mg
2716,Zinc,0.4,mg
2718,Energy,218,cal
2718,Protein,5.7,g
2718,Carbohydrates,27.7,g
2718,Fiber,0.1,g
2718,Fat,9.2,g
2718,Cholesterol,0,mg
2718,Vitamin A,81.9,mcg
2718,Vitamin B1,0.4,mg
2718,Vitamin B2,0.2,mg
2718,Vitamin B3,2.6,mg
2718,Vitamin C,2.3,mg
2718,Folic Acid,7,mcg
2718,Calcium,48.9,mg
2718,Iron,1.5,mg
2718,Magnesium,0,mg
2718,Phosphorus,0,mg
2718,Sodium,3.2,mg
2718,Potassium,74.9,mg
2718,Zinc,0.5,mg
2719,Energy,218,cal
2719,Protein,5.7,g
2719,Carbohydrates,27.7,g
2719,Fiber,0.1,g
2719,Fat,9.2,g
2719,Cholesterol,0,mg
2719,Vitamin A,81.9,mcg
2719,Vitamin B1,0.4,mg
2719,Vitamin B2,0.2,mg
2719,Vitamin B3,2.6,mg
2719,Vitamin C,2.3,mg
2719,Folic Acid,7,mcg
2719,Calcium,48.9,mg
2719,Iron,1.5,mg
2719,Magnesium,0,mg
2719,Phosphorus,0,mg
2719,Sodium,3.2,mg
2719,Potassium,74.9,mg
2719,Zinc,0.5,mg
2720,Energy,218,cal
2720,Protein,5.7,g
2720,Carbohydrates,27.7,g
2720,Fiber,0.1,g
2720,Fat,9.2,g
2720,Cholesterol,0,mg
2720,Vitamin A,81.9,mcg
2720,Vitamin B1,0.4,mg
2720,Vitamin B2,0.2,mg
2720,Vitamin B3,2.6,mg
2720,Vitamin C,2.3,mg
2720,Folic Acid,7,mcg
2720,Calcium,48.9,mg
2720,Iron,1.5,mg
2720,Magnesium,0,mg
2720,Phosphorus,0,mg
2720,Sodium,3.2,mg
2720,Potassium,74.9,mg
2720,Zinc,0.5,mg
2721,Energy,109,cal
2721,Protein,5.1,g
2721,Carbohydrates,16.1,g
2721,Fiber,3,g
2721,Fat,2.8,g
2721,Cholesterol,0,mg
2721,Sodium,83.5,mg
2722,Energy,17,cal
2722,Protein,0.1,g
2722,Carbohydrates,0.7,g
2722,Fiber,0.3,g
2722,Fat,1.6,g
2722,Cholesterol,0,mg
2722,Sodium,196,mg
2723,Energy,74,cal
2723,Protein,2.9,g
2723,Carbohydrates,9.1,g
2723,Fiber,3.2,g
2723,Fat,3.1,g
2723,Cholesterol,0,mg
2723,Sodium,17.6,mg
2724,Energy,79,cal
2724,Protein,0.2,g
2724,Carbohydrates,1,g
2724,Fiber,0.4,g
2724,Fat,8.2,g
2724,Cholesterol,0,mg
2724,Sodium,294.4,mg
2725,Energy,220,cal
2725,Protein,4.7,g
2725,Carbohydrates,26.8,g
2725,Fiber,2,g
2725,Fat,10.2,g
2725,Cholesterol,1.2,mg
2725,Sodium,17.3,mg
2726,Energy,386,cal
2726,Protein,5.6,g
2726,Carbohydrates,41.8,g
2726,Fiber,3.9,g
2726,Fat,21.7,g
2726,Cholesterol,0,mg
2726,Sodium,31.3,mg
2727,Energy,517,cal
2727,Protein,8.6,g
2727,Carbohydrates,64.6,g
2727,Fiber,2.9,g
2727,Fat,23.9,g
2727,Cholesterol,6,mg
2727,Sodium,30.6,mg
2728,Energy,517,cal
2728,Protein,8.6,g
2728,Carbohydrates,64.6,g
2728,Fiber,2.9,g
2728,Fat,23.9,g
2728,Cholesterol,6,mg
2728,Sodium,30.6,mg
2729,Energy,336,cal
2729,Protein,7.5,g
2729,Carbohydrates,56.2,g
2729,Fiber,8.4,g
2729,Fat,11.8,g
2729,Cholesterol,0,mg
2729,Sodium,19,mg
2730,Energy,336,cal
2730,Protein,7.5,g
2730,Carbohydrates,56.2,g
2730,Fiber,8.4,g
2730,Fat,11.8,g
2730,Cholesterol,0,mg
2730,Sodium,19,mg
2731,Energy,328,cal
2731,Protein,8.3,g
2731,Carbohydrates,22.8,g
2731,Fiber,5.7,g
2731,Fat,22.3,g
2731,Cholesterol,0,mg
2731,Vitamin A,244.8,mcg
2731,Vitamin B1,0.2,mg
2731,Vitamin B2,0.1,mg
2731,Vitamin B3,0.9,mg
2731,Vitamin C,0.5,mg
2731,Folic Acid,55.3,mcg
2731,Calcium,52.2,mg
2731,Iron,2,mg
2731,Magnesium,0,mg
2731,Phosphorus,0,mg
2731,Sodium,29.9,mg
2731,Potassium,279.2,mg
2731,Zinc,0.6,mg
2732,Energy,328,cal
2732,Protein,8.3,g
2732,Carbohydrates,22.8,g
2732,Fiber,5.7,g
2732,Fat,22.3,g
2732,Cholesterol,0,mg
2732,Vitamin A,244.8,mcg
2732,Vitamin B1,0.2,mg
2732,Vitamin B2,0.1,mg
2732,Vitamin B3,0.9,mg
2732,Vitamin C,0.5,mg
2732,Folic Acid,55.3,mcg
2732,Calcium,52.2,mg
2732,Iron,2,mg
2732,Magnesium,0,mg
2732,Phosphorus,0,mg
2732,Sodium,29.9,mg
2732,Potassium,279.2,mg
2732,Zinc,0.6,mg
2733,Energy,708,cal
2733,Protein,20.5,g
2733,Carbohydrates,58.8,g
2733,Fiber,15.1,g
2733,Fat,43.5,g
2733,Cholesterol,0,mg
2733,Sodium,1157.3,mg
2734,Energy,405,cal
2734,Protein,4.5,g
2734,Carbohydrates,42,g
2734,Fiber,4,g
2734,Fat,24.6,g
2734,Cholesterol,1.8,mg
2734,Sodium,8.6,mg
2735,Energy,0,cal
2735,Protein,0,g
2735,Carbohydrates,0,g
2735,Fiber,0,g
2735,Fat,0,g
2735,Cholesterol,0,mg
2735,Sodium,0,mg
2739,Energy,55,cal
2739,Protein,1.1,g
2739,Carbohydrates,9.6,g
2739,Fiber,1.9,g
2739,Fat,1.3,g
2739,Cholesterol,0,mg
2739,Vitamin A,215.6,mcg
2739,Vitamin B1,0.1,mg
2739,Vitamin B2,0,mg
2739,Vitamin B3,0.1,mg
2739,Vitamin C,31.6,mg
2739,Folic Acid,2.3,mcg
2739,Calcium,30.1,mg
2739,Iron,2,mg
2739,Magnesium,0,mg
2739,Phosphorus,0,mg
2739,Sodium,38.6,mg
2739,Potassium,55.9,mg
2739,Zinc,0.1,mg
2740,Energy,89,cal
2740,Protein,0,g
2740,Carbohydrates,0.1,g
2740,Fiber,0,g
2740,Fat,9.8,g
2740,Cholesterol,30.4,mg
2740,Sodium,100.7,mg
2741,Energy,89,cal
2741,Protein,0,g
2741,Carbohydrates,0.1,g
2741,Fiber,0,g
2741,Fat,9.8,g
2741,Cholesterol,30.4,mg
2741,Sodium,100.7,mg
2742,Energy,7,cal
2742,Protein,0.1,g
2742,Carbohydrates,0.2,g
2742,Fiber,0.1,g
2742,Fat,0.7,g
2742,Cholesterol,0,mg
2742,Sodium,1.7,mg
2743,Energy,7,cal
2743,Protein,0.1,g
2743,Carbohydrates,0.2,g
2743,Fiber,0.1,g
2743,Fat,0.7,g
2743,Cholesterol,0,mg
2743,Sodium,1.7,mg
2744,Energy,7,cal
2744,Protein,0.1,g
2744,Carbohydrates,0.2,g
2744,Fiber,0.1,g
2744,Fat,0.7,g
2744,Cholesterol,0,mg
2744,Sodium,1.7,mg
2746,Energy,90,cal
2746,Protein,1.9,g
2746,Carbohydrates,3,g
2746,Fiber,2.7,g
2746,Fat,7.8,g
2746,Cholesterol,0,mg
2746,Vitamin A,89.7,mcg
2746,Vitamin B1,0,mg
2746,Vitamin B2,0.1,mg
2746,Vitamin B3,0.7,mg
2746,Vitamin C,41.4,mg
2746,Folic Acid,0,mcg
2746,Calcium,24.4,mg
2746,Iron,0.9,mg
2746,Magnesium,0,mg
2746,Phosphorus,0,mg
2746,Sodium,39.2,mg
2746,Potassium,102.1,mg
2746,Zinc,0.3,mg
2747,Energy,165,cal
2747,Protein,6.2,g
2747,Carbohydrates,19.4,g
2747,Fiber,1.6,g
2747,Fat,7.1,g
2747,Cholesterol,23.7,mg
2747,Sodium,204.5,mg
2748,Energy,13,cal
2748,Protein,0.7,g
2748,Carbohydrates,2.4,g
2748,Fiber,0.5,g
2748,Fat,0,g
2748,Cholesterol,0,mg
2748,Sodium,1,mg
2749,Energy,6,cal
2749,Protein,0.3,g
2749,Carbohydrates,1.1,g
2749,Fiber,0.3,g
2749,Fat,0,g
2749,Cholesterol,0,mg
2749,Sodium,0.5,mg
2750,Energy,322,cal
2750,Protein,3.1,g
2750,Carbohydrates,20.8,g
2750,Fiber,0,g
2750,Fat,25.1,g
2750,Cholesterol,0,mg
2750,Vitamin A,372,mcg
2750,Vitamin B1,0,mg
2750,Vitamin B2,0,mg
2750,Vitamin B3,0.3,mg
2750,Vitamin C,0,mg
2750,Folic Acid,0,mcg
2750,Calcium,4.4,mg
2750,Iron,0.4,mg
2750,Magnesium,0,mg
2750,Phosphorus,0,mg
2750,Sodium,49.6,mg
2750,Potassium,1.6,mg
2750,Zinc,0,mg
2751,Energy,121,cal
2751,Protein,0.2,g
2751,Carbohydrates,0.8,g
2751,Fiber,0,g
2751,Fat,13,g
2751,Cholesterol,0,mg
2751,Sodium,3.7,mg
2752,Energy,131,cal
2752,Protein,2.1,g
2752,Carbohydrates,15.3,g
2752,Fiber,0.1,g
2752,Fat,6.8,g
2752,Cholesterol,0,mg
2752,Vitamin A,113.6,mcg
2752,Vitamin B1,0,mg
2752,Vitamin B2,0,mg
2752,Vitamin B3,0.4,mg
2752,Vitamin C,2,mg
2752,Folic Acid,0,mcg
2752,Calcium,7.7,mg
2752,Iron,0.5,mg
2752,Magnesium,0,mg
2752,Phosphorus,0,mg
2752,Sodium,18.2,mg
2752,Potassium,37.9,mg
2752,Zinc,0.1,mg
2753,Energy,504,cal
2753,Protein,12.9,g
2753,Carbohydrates,78.5,g
2753,Fiber,0.1,g
2753,Fat,15.3,g
2753,Cholesterol,0,mg
2753,Vitamin A,232.8,mcg
2753,Vitamin B1,0,mg
2753,Vitamin B2,0,mg
2753,Vitamin B3,0,mg
2753,Vitamin C,2,mg
2753,Folic Acid,0.5,mcg
2753,Calcium,3.3,mg
2753,Iron,0.1,mg
2753,Magnesium,0,mg
2753,Phosphorus,0,mg
2753,Sodium,654.4,mg
2753,Potassium,9.2,mg
2753,Zinc,0,mg
2754,Energy,504,cal
2754,Protein,12.9,g
2754,Carbohydrates,78.5,g
2754,Fiber,0.1,g
2754,Fat,15.3,g
2754,Cholesterol,0,mg
2754,Vitamin A,232.8,mcg
2754,Vitamin B1,0,mg
2754,Vitamin B2,0,mg
2754,Vitamin B3,0,mg
2754,Vitamin C,2,mg
2754,Folic Acid,0.5,mcg
2754,Calcium,3.3,mg
2754,Iron,0.1,mg
2754,Magnesium,0,mg
2754,Phosphorus,0,mg
2754,Sodium,654.4,mg
2754,Potassium,9.2,mg
2754,Zinc,0,mg
2755,Energy,66,cal
2755,Protein,0.1,g
2755,Carbohydrates,1.8,g
2755,Fiber,0.1,g
2755,Fat,6.5,g
2755,Cholesterol,0,mg
2755,Sodium,221.6,mg
2756,Energy,66,cal
2756,Protein,0.1,g
2756,Carbohydrates,1.8,g
2756,Fiber,0.1,g
2756,Fat,6.5,g
2756,Cholesterol,0,mg
2756,Sodium,221.6,mg
2757,Energy,85,cal
2757,Protein,1.9,g
2757,Carbohydrates,11.5,g
2757,Fiber,1.8,g
2757,Fat,3.4,g
2757,Cholesterol,0,mg
2757,Sodium,1.6,mg
2758,Energy,99,cal
2758,Protein,3,g
2758,Carbohydrates,17.2,g
2758,Fiber,2.7,g
2758,Fat,2.1,g
2758,Cholesterol,0,mg
2758,Sodium,2.7,mg
2759,Energy,67,cal
2759,Protein,1.9,g
2759,Carbohydrates,11.4,g
2759,Fiber,1.8,g
2759,Fat,1.7,g
2759,Cholesterol,0,mg
2759,Sodium,80,mg
2760,Energy,67,cal
2760,Protein,1.9,g
2760,Carbohydrates,11.4,g
2760,Fiber,1.8,g
2760,Fat,1.7,g
2760,Cholesterol,0,mg
2760,Sodium,80,mg
2761,Energy,262,cal
2761,Protein,8,g
2761,Carbohydrates,28.8,g
2761,Fiber,2.1,g
2761,Fat,11.3,g
2761,Cholesterol,0,mg
2761,Vitamin A,645.2,mcg
2761,Vitamin B1,0.4,mg
2761,Vitamin B2,0.2,mg
2761,Vitamin B3,2.4,mg
2761,Vitamin C,33.8,mg
2761,Folic Acid,43.4,mcg
2761,Calcium,211.1,mg
2761,Iron,2,mg
2761,Magnesium,0,mg
2761,Phosphorus,0,mg
2761,Sodium,52.1,mg
2761,Potassium,272.5,mg
2761,Zinc,0.3,mg
2762,Energy,9,cal
2762,Protein,0.3,g
2762,Carbohydrates,0.9,g
2762,Fiber,0.4,g
2762,Fat,0.5,g
2762,Cholesterol,0,mg
2762,Sodium,2.3,mg
2763,Energy,16,cal
2763,Protein,0.6,g
2763,Carbohydrates,1.9,g
2763,Fiber,0.5,g
2763,Fat,0.8,g
2763,Cholesterol,0,mg
2763,Sodium,25.3,mg
2764,Energy,8,cal
2764,Protein,0.2,g
2764,Carbohydrates,0.7,g
2764,Fiber,0.3,g
2764,Fat,0.5,g
2764,Cholesterol,0,mg
2764,Sodium,2.1,mg
2765,Energy,43,cal
2765,Protein,1.7,g
2765,Carbohydrates,5.8,g
2765,Fiber,1.9,g
2765,Fat,1.5,g
2765,Cholesterol,0,mg
2765,Sodium,8.8,mg
2766,Energy,93,cal
2766,Protein,5.2,g
2766,Carbohydrates,15.6,g
2766,Fiber,1.1,g
2766,Fat,1.6,g
2766,Cholesterol,0,mg
2766,Sodium,52.2,mg
2767,Energy,80,cal
2767,Protein,4.2,g
2767,Carbohydrates,9.4,g
2767,Fiber,1.8,g
2767,Fat,2.8,g
2767,Cholesterol,0,mg
2767,Sodium,45.4,mg
2768,Energy,47,cal
2768,Protein,1.8,g
2768,Carbohydrates,4.2,g
2768,Fiber,2.3,g
2768,Fat,2.7,g
2768,Cholesterol,0,mg
2768,Sodium,224.3,mg
2769,Energy,9,cal
2769,Protein,0.3,g
2769,Carbohydrates,1.1,g
2769,Fiber,0.3,g
2769,Fat,0.5,g
2769,Cholesterol,0,mg
2769,Sodium,16,mg
2770,Energy,45,cal
2770,Protein,2.3,g
2770,Carbohydrates,7.2,g
2770,Fiber,1.8,g
2770,Fat,0.7,g
2770,Cholesterol,1.9,mg
2770,Sodium,50.8,mg
2771,Energy,90,cal
2771,Protein,2.5,g
2771,Carbohydrates,4.9,g
2771,Fiber,2,g
2771,Fat,6.6,g
2771,Cholesterol,0,mg
2771,Sodium,16.2,mg
2772,Energy,80,cal
2772,Protein,2.2,g
2772,Carbohydrates,11.1,g
2772,Fiber,2.5,g
2772,Fat,3,g
2772,Cholesterol,0,mg
2772,Vitamin A,54,mcg
2772,Vitamin B1,0,mg
2772,Vitamin B2,0,mg
2772,Vitamin B3,0.5,mg
2772,Vitamin C,2.4,mg
2772,Folic Acid,17.5,mcg
2772,Calcium,22.4,mg
2772,Iron,0.7,mg
2772,Magnesium,0,mg
2772,Phosphorus,0,mg
2772,Sodium,1.4,mg
2772,Potassium,31.1,mg
2772,Zinc,0.3,mg
2774,Energy,45,cal
2774,Protein,2.3,g
2774,Carbohydrates,7.6,g
2774,Fiber,3.3,g
2774,Fat,0.6,g
2774,Cholesterol,0,mg
2774,Sodium,7.1,mg
2775,Energy,67,cal
2775,Protein,3.4,g
2775,Carbohydrates,9.1,g
2775,Fiber,1.7,g
2775,Fat,1.8,g
2775,Cholesterol,0,mg
2775,Sodium,3.7,mg
2776,Energy,27,cal
2776,Protein,1.5,g
2776,Carbohydrates,3.6,g
2776,Fiber,0.6,g
2776,Fat,0.8,g
2776,Cholesterol,0,mg
2776,Sodium,0.4,mg
2777,Energy,102,cal
2777,Protein,1.1,g
2777,Carbohydrates,12.1,g
2777,Fiber,1.2,g
2777,Fat,5.6,g
2777,Cholesterol,0,mg
2777,Sodium,1.7,mg
2778,Energy,166,cal
2778,Protein,8.8,g
2778,Carbohydrates,24.8,g
2778,Fiber,6.7,g
2778,Fat,3.6,g
2778,Cholesterol,0,mg
2778,Sodium,34,mg
2779,Energy,109,cal
2779,Protein,7.9,g
2779,Carbohydrates,18.3,g
2779,Fiber,5.6,g
2779,Fat,0.5,g
2779,Cholesterol,0,mg
2779,Sodium,17.7,mg
2780,Energy,43,cal
2780,Protein,1.7,g
2780,Carbohydrates,5.8,g
2780,Fiber,1.9,g
2780,Fat,1.5,g
2780,Cholesterol,0,mg
2780,Sodium,8.8,mg
2781,Energy,43,cal
2781,Protein,1.7,g
2781,Carbohydrates,5.8,g
2781,Fiber,1.9,g
2781,Fat,1.5,g
2781,Cholesterol,0,mg
2781,Sodium,8.8,mg
2782,Energy,43,cal
2782,Protein,1.7,g
2782,Carbohydrates,5.8,g
2782,Fiber,1.9,g
2782,Fat,1.5,g
2782,Cholesterol,0,mg
2782,Sodium,8.8,mg
2783,Energy,90,cal
2783,Protein,3.6,g
2783,Carbohydrates,16.6,g
2783,Fiber,2.9,g
2783,Fat,1.1,g
2783,Cholesterol,0,mg
2783,Vitamin A,21.4,mcg
2783,Vitamin B1,0.1,mg
2783,Vitamin B2,0,mg
2783,Vitamin B3,0.5,mg
2783,Vitamin C,13.5,mg
2783,Folic Acid,23.1,mcg
2783,Calcium,33.1,mg
2783,Iron,1,mg
2783,Magnesium,0,mg
2783,Phosphorus,0,mg
2783,Sodium,12.8,mg
2783,Potassium,233.9,mg
2783,Zinc,0.3,mg
2784,Energy,156,cal
2784,Protein,6.9,g
2784,Carbohydrates,10,g
2784,Fiber,8.5,g
2784,Fat,9.9,g
2784,Cholesterol,0,mg
2784,Vitamin A,19039.5,mcg
2784,Vitamin B1,0.1,mg
2784,Vitamin B2,0.9,mg
2784,Vitamin B3,1.7,mg
2784,Vitamin C,95.2,mg
2784,Folic Acid,418.4,mcg
2784,Calcium,248.4,mg
2784,Iron,3.9,mg
2784,Magnesium,0,mg
2784,Phosphorus,0,mg
2784,Sodium,268.9,mg
2784,Potassium,702.6,mg
2784,Zinc,1,mg
2785,Energy,278,cal
2785,Protein,5.9,g
2785,Carbohydrates,41.6,g
2785,Fiber,3.5,g
2785,Fat,9.6,g
2785,Cholesterol,0,mg
2785,Vitamin A,268.1,mcg
2785,Vitamin B1,0.2,mg
2785,Vitamin B2,0.1,mg
2785,Vitamin B3,1.1,mg
2785,Vitamin C,28.9,mg
2785,Folic Acid,13.3,mcg
2785,Calcium,81.2,mg
2785,Iron,0.9,mg
2785,Magnesium,0,mg
2785,Phosphorus,0,mg
2785,Sodium,6.6,mg
2785,Potassium,86.5,mg
2785,Zinc,0.7,mg
2786,Energy,278,cal
2786,Protein,5.9,g
2786,Carbohydrates,41.6,g
2786,Fiber,3.5,g
2786,Fat,9.6,g
2786,Cholesterol,0,mg
2786,Vitamin A,268.1,mcg
2786,Vitamin B1,0.2,mg
2786,Vitamin B2,0.1,mg
2786,Vitamin B3,1.1,mg
2786,Vitamin C,28.9,mg
2786,Folic Acid,13.3,mcg
2786,Calcium,81.2,mg
2786,Iron,0.9,mg
2786,Magnesium,0,mg
2786,Phosphorus,0,mg
2786,Sodium,6.6,mg
2786,Potassium,86.5,mg
2786,Zinc,0.7,mg
2787,Energy,377,cal
2787,Protein,9.3,g
2787,Carbohydrates,23.9,g
2787,Fiber,5.7,g
2787,Fat,26.2,g
2787,Cholesterol,6,mg
2787,Sodium,34.1,mg
2788,Energy,377,cal
2788,Protein,9.3,g
2788,Carbohydrates,23.9,g
2788,Fiber,5.7,g
2788,Fat,26.2,g
2788,Cholesterol,6,mg
2788,Sodium,34.1,mg
2789,Energy,377,cal
2789,Protein,9.3,g
2789,Carbohydrates,23.9,g
2789,Fiber,5.7,g
2789,Fat,26.2,g
2789,Cholesterol,6,mg
2789,Sodium,34.1,mg
2790,Energy,377,cal
2790,Protein,9.3,g
2790,Carbohydrates,23.9,g
2790,Fiber,5.7,g
2790,Fat,26.2,g
2790,Cholesterol,6,mg
2790,Sodium,34.1,mg
2791,Energy,377,cal
2791,Protein,9.3,g
2791,Carbohydrates,23.9,g
2791,Fiber,5.7,g
2791,Fat,26.2,g
2791,Cholesterol,6,mg
2791,Sodium,34.1,mg
2792,Energy,1572,cal
2792,Protein,9.2,g
2792,Carbohydrates,236.4,g
2792,Fiber,0,g
2792,Fat,61.4,g
2792,Cholesterol,32,mg
2792,Sodium,73,mg
2793,Energy,142,cal
2793,Protein,1.3,g
2793,Carbohydrates,14.3,g
2793,Fiber,1.3,g
2793,Fat,9.1,g
2793,Cholesterol,0,mg
2793,Sodium,2.8,mg
2794,Energy,129,cal
2794,Protein,7.9,g
2794,Carbohydrates,20.1,g
2794,Fiber,4.2,g
2794,Fat,2.8,g
2794,Cholesterol,0,mg
2794,Sodium,3.6,mg
2795,Energy,36,cal
2795,Protein,2.6,g
2795,Carbohydrates,8.6,g
2795,Fiber,3.5,g
2795,Fat,1.5,g
2795,Cholesterol,0,mg
2795,Sodium,4,mg
2796,Energy,41,cal
2796,Protein,2.9,g
2796,Carbohydrates,9.6,g
2796,Fiber,3.6,g
2796,Fat,1.5,g
2796,Cholesterol,0,mg
2796,Sodium,4.8,mg
2797,Energy,41,cal
2797,Protein,2.9,g
2797,Carbohydrates,9.6,g
2797,Fiber,3.6,g
2797,Fat,1.5,g
2797,Cholesterol,0,mg
2797,Sodium,4.8,mg
2798,Energy,91,cal
2798,Protein,2.6,g
2798,Carbohydrates,5.6,g
2798,Fiber,2,g
2798,Fat,7.3,g
2798,Cholesterol,5.3,mg
2798,Sodium,6.6,mg
2799,Energy,143,cal
2799,Protein,4.3,g
2799,Carbohydrates,9.4,g
2799,Fiber,3.2,g
2799,Fat,11.1,g
2799,Cholesterol,8,mg
2799,Sodium,11.3,mg
2800,Energy,62,cal
2800,Protein,4.2,g
2800,Carbohydrates,10.4,g
2800,Fiber,3.6,g
2800,Fat,3,g
2800,Cholesterol,0,mg
2800,Sodium,27.7,mg
2801,Energy,52,cal
2801,Protein,2.5,g
2801,Carbohydrates,10,g
2801,Fiber,4.1,g
2801,Fat,3.6,g
2801,Cholesterol,0,mg
2801,Sodium,0.9,mg
2802,Energy,110,cal
2802,Protein,1.9,g
2802,Carbohydrates,8,g
2802,Fiber,3,g
2802,Fat,10.2,g
2802,Cholesterol,0,mg
2802,Sodium,0.9,mg
2803,Energy,110,cal
2803,Protein,1.9,g
2803,Carbohydrates,8,g
2803,Fiber,3,g
2803,Fat,10.2,g
2803,Cholesterol,0,mg
2803,Sodium,0.9,mg
2805,Energy,43,cal
2805,Protein,1.8,g
2805,Carbohydrates,8,g
2805,Fiber,4.1,g
2805,Fat,0.4,g
2805,Cholesterol,0,mg
2805,Sodium,21.6,mg
2806,Energy,43,cal
2806,Protein,1.8,g
2806,Carbohydrates,8,g
2806,Fiber,4.1,g
2806,Fat,0.4,g
2806,Cholesterol,0,mg
2806,Sodium,21.6,mg
2807,Energy,8,cal
2807,Protein,0.5,g
2807,Carbohydrates,1.5,g
2807,Fiber,0.4,g
2807,Fat,0,g
2807,Cholesterol,0,mg
2807,Sodium,0.6,mg
2808,Energy,165,cal
2808,Protein,5.1,g
2808,Carbohydrates,25.2,g
2808,Fiber,0.9,g
2808,Fat,4.9,g
2808,Cholesterol,0,mg
2808,Sodium,6.9,mg
2809,Energy,141,cal
2809,Protein,5.1,g
2809,Carbohydrates,25.2,g
2809,Fiber,0.9,g
2809,Fat,2.2,g
2809,Cholesterol,0,mg
2809,Sodium,6.9,mg
2810,Energy,106,cal
2810,Protein,3.2,g
2810,Carbohydrates,21.9,g
2810,Fiber,0.1,g
2810,Fat,0.5,g
2810,Cholesterol,0,mg
2810,Vitamin A,13.7,mcg
2810,Vitamin B1,0,mg
2810,Vitamin B2,0,mg
2810,Vitamin B3,0.7,mg
2810,Vitamin C,0,mg
2810,Folic Acid,0.2,mcg
2810,Calcium,15.3,mg
2810,Iron,0.7,mg
2810,Magnesium,0,mg
2810,Phosphorus,0,mg
2810,Sodium,3.4,mg
2810,Potassium,39.5,mg
2810,Zinc,0.2,mg
2812,Energy,225,cal
2812,Protein,3.1,g
2812,Carbohydrates,35.3,g
2812,Fiber,1.9,g
2812,Fat,7.9,g
2812,Cholesterol,0,mg
2812,Vitamin A,69,mcg
2812,Vitamin B1,0,mg
2812,Vitamin B2,0,mg
2812,Vitamin B3,0.9,mg
2812,Vitamin C,1.6,mg
2812,Folic Acid,4.3,mcg
2812,Calcium,11.3,mg
2812,Iron,0.4,mg
2812,Magnesium,0,mg
2812,Phosphorus,0,mg
2812,Sodium,0.6,mg
2812,Potassium,19,mg
2812,Zinc,0.6,mg
2813,Energy,83,cal
2813,Protein,13,g
2813,Carbohydrates,8,g
2813,Fiber,0.7,g
2813,Fat,5.1,g
2813,Cholesterol,0,mg
2813,Sodium,1.3,mg
2814,Energy,83,cal
2814,Protein,13,g
2814,Carbohydrates,8,g
2814,Fiber,0.7,g
2814,Fat,5.1,g
2814,Cholesterol,0,mg
2814,Sodium,1.3,mg
2815,Energy,83,cal
2815,Protein,13,g
2815,Carbohydrates,8,g
2815,Fiber,0.7,g
2815,Fat,5.1,g
2815,Cholesterol,0,mg
2815,Sodium,1.3,mg
2816,Energy,83,cal
2816,Protein,13,g
2816,Carbohydrates,8,g
2816,Fiber,0.7,g
2816,Fat,5.1,g
2816,Cholesterol,0,mg
2816,Sodium,1.3,mg
2817,Energy,83,cal
2817,Protein,13,g
2817,Carbohydrates,8,g
2817,Fiber,0.7,g
2817,Fat,5.1,g
2817,Cholesterol,0,mg
2817,Sodium,1.3,mg
2818,Energy,83,cal
2818,Protein,13,g
2818,Carbohydrates,8,g
2818,Fiber,0.7,g
2818,Fat,5.1,g
2818,Cholesterol,0,mg
2818,Sodium,1.3,mg
2819,Energy,145,cal
2819,Protein,8.2,g
2819,Carbohydrates,24.7,g
2819,Fiber,2.2,g
2819,Fat,1.5,g
2819,Cholesterol,0,mg
2819,Sodium,11.4,mg
2820,Energy,369,cal
2820,Protein,9.8,g
2820,Carbohydrates,41.8,g
2820,Fiber,1,g
2820,Fat,16.5,g
2820,Cholesterol,12.1,mg
2820,Sodium,66.8,mg
2821,Energy,369,cal
2821,Protein,9.8,g
2821,Carbohydrates,41.8,g
2821,Fiber,1,g
2821,Fat,16.5,g
2821,Cholesterol,12.1,mg
2821,Sodium,66.8,mg
2822,Energy,369,cal
2822,Protein,9.8,g
2822,Carbohydrates,41.8,g
2822,Fiber,1,g
2822,Fat,16.5,g
2822,Cholesterol,12.1,mg
2822,Sodium,66.8,mg
2823,Energy,20,cal
2823,Protein,0.3,g
2823,Carbohydrates,4.1,g
2823,Fiber,0.5,g
2823,Fat,0.3,g
2823,Cholesterol,0,mg
2823,Sodium,0.6,mg
2824,Energy,102,cal
2824,Protein,0.2,g
2824,Carbohydrates,24.8,g
2824,Fiber,0.3,g
2824,Fat,0.1,g
2824,Cholesterol,0,mg
2824,Sodium,0.3,mg
2825,Energy,41,cal
2825,Protein,0.2,g
2825,Carbohydrates,5.2,g
2825,Fiber,0.1,g
2825,Fat,2.2,g
2825,Cholesterol,0,mg
2825,Sodium,0.8,mg
2826,Energy,5,cal
2826,Protein,0,g
2826,Carbohydrates,1.4,g
2826,Fiber,0,g
2826,Fat,0,g
2826,Cholesterol,0,mg
2826,Sodium,0.1,mg
2827,Energy,5,cal
2827,Protein,0,g
2827,Carbohydrates,1.4,g
2827,Fiber,0,g
2827,Fat,0,g
2827,Cholesterol,0,mg
2827,Sodium,0.1,mg
2828,Energy,5,cal
2828,Protein,0,g
2828,Carbohydrates,1.4,g
2828,Fiber,0,g
2828,Fat,0,g
2828,Cholesterol,0,mg
2828,Sodium,0.1,mg
2829,Energy,5,cal
2829,Protein,0,g
2829,Carbohydrates,1.4,g
2829,Fiber,0,g
2829,Fat,0,g
2829,Cholesterol,0,mg
2829,Sodium,0.1,mg
2830,Energy,5,cal
2830,Protein,0,g
2830,Carbohydrates,1.4,g
2830,Fiber,0,g
2830,Fat,0,g
2830,Cholesterol,0,mg
2830,Sodium,0.1,mg
2831,Energy,141,cal
2831,Protein,4.3,g
2831,Carbohydrates,11,g
2831,Fiber,0,g
2831,Fat,6.5,g
2831,Cholesterol,16,mg
2831,Sodium,19,mg
2832,Energy,60,cal
2832,Protein,0.1,g
2832,Carbohydrates,6.9,g
2832,Fiber,0,g
2832,Fat,3.6,g
2832,Cholesterol,0,mg
2832,Sodium,0.8,mg
2833,Energy,113,cal
2833,Protein,3.4,g
2833,Carbohydrates,16.9,g
2833,Fiber,0.9,g
2833,Fat,3.5,g
2833,Cholesterol,0.7,mg
2833,Sodium,7.9,mg
2834,Energy,113,cal
2834,Protein,3.4,g
2834,Carbohydrates,16.9,g
2834,Fiber,0.9,g
2834,Fat,3.5,g
2834,Cholesterol,0.7,mg
2834,Sodium,7.9,mg
2836,Energy,0,cal
2836,Protein,0,g
2836,Carbohydrates,0,g
2836,Fiber,0,g
2836,Fat,0,g
2836,Cholesterol,0,mg
2836,Vitamin A,0,mcg
2836,Vitamin B1,0,mg
2836,Vitamin B2,0,mg
2836,Vitamin B3,0,mg
2836,Vitamin C,0,mg
2836,Folic Acid,0,mcg
2836,Calcium,0,mg
2836,Iron,0,mg
2836,Magnesium,0,mg
2836,Phosphorus,0,mg
2836,Sodium,0,mg
2836,Potassium,0,mg
2836,Zinc,0,mg
2837,Energy,92,cal
2837,Protein,1.9,g
2837,Carbohydrates,11.8,g
2837,Fiber,0,g
2837,Fat,4.1,g
2837,Cholesterol,0,mg
2837,Sodium,0,mg
2838,Energy,92,cal
2838,Protein,1.9,g
2838,Carbohydrates,11.8,g
2838,Fiber,0,g
2838,Fat,4.1,g
2838,Cholesterol,0,mg
2838,Sodium,0,mg
2839,Energy,92,cal
2839,Protein,1.9,g
2839,Carbohydrates,11.8,g
2839,Fiber,0,g
2839,Fat,4.1,g
2839,Cholesterol,0,mg
2839,Sodium,0,mg
2840,Energy,0,cal
2840,Protein,0,g
2840,Carbohydrates,0,g
2840,Fiber,0,g
2840,Fat,0,g
2840,Cholesterol,0,mg
2840,Sodium,0,mg
2849,Energy,314,cal
2849,Protein,4.1,g
2849,Carbohydrates,22.1,g
2849,Fiber,3.3,g
2849,Fat,23.3,g
2849,Cholesterol,0,mg
2849,Vitamin A,274.8,mcg
2849,Vitamin B1,0.2,mg
2849,Vitamin B2,0.2,mg
2849,Vitamin B3,2,mg
2849,Vitamin C,33.9,mg
2849,Folic Acid,26.7,mcg
2849,Calcium,44,mg
2849,Iron,1.9,mg
2849,Magnesium,0,mg
2849,Phosphorus,0,mg
2849,Sodium,32,mg
2849,Potassium,146.2,mg
2849,Zinc,0.5,mg
2850,Energy,118,cal
2850,Protein,4.6,g
2850,Carbohydrates,24.6,g
2850,Fiber,4.8,g
2850,Fat,0.7,g
2850,Cholesterol,0,mg
2850,Sodium,19,mg
2851,Energy,185,cal
2851,Protein,6.7,g
2851,Carbohydrates,12.5,g
2851,Fiber,5.5,g
2851,Fat,10.9,g
2851,Cholesterol,8,mg
2851,Sodium,28.3,mg
2852,Energy,185,cal
2852,Protein,6.7,g
2852,Carbohydrates,12.5,g
2852,Fiber,5.5,g
2852,Fat,10.9,g
2852,Cholesterol,8,mg
2852,Sodium,28.3,mg
2853,Energy,136,cal
2853,Protein,2.8,g
2853,Carbohydrates,7.8,g
2853,Fiber,4.5,g
2853,Fat,10.5,g
2853,Cholesterol,0,mg
2853,Sodium,48.3,mg
2854,Energy,377,cal
2854,Protein,12.7,g
2854,Carbohydrates,36.8,g
2854,Fiber,10,g
2854,Fat,19.9,g
2854,Cholesterol,0,mg
2854,Sodium,63,mg
2855,Energy,377,cal
2855,Protein,12.7,g
2855,Carbohydrates,36.8,g
2855,Fiber,10,g
2855,Fat,19.9,g
2855,Cholesterol,0,mg
2855,Sodium,63,mg
2856,Energy,337,cal
2856,Protein,4,g
2856,Carbohydrates,11.5,g
2856,Fiber,5.7,g
2856,Fat,30.7,g
2856,Cholesterol,0,mg
2856,Sodium,57.1,mg
2857,Energy,156,cal
2857,Protein,5.3,g
2857,Carbohydrates,10.5,g
2857,Fiber,6.8,g
2857,Fat,10.4,g
2857,Cholesterol,0,mg
2857,Sodium,44,mg
2858,Energy,156,cal
2858,Protein,5.3,g
2858,Carbohydrates,10.5,g
2858,Fiber,6.8,g
2858,Fat,10.4,g
2858,Cholesterol,0,mg
2858,Sodium,44,mg
2859,Energy,156,cal
2859,Protein,5.3,g
2859,Carbohydrates,10.5,g
2859,Fiber,6.8,g
2859,Fat,10.4,g
2859,Cholesterol,0,mg
2859,Sodium,44,mg
2860,Energy,156,cal
2860,Protein,5.3,g
2860,Carbohydrates,10.5,g
2860,Fiber,6.8,g
2860,Fat,10.4,g
2860,Cholesterol,0,mg
2860,Sodium,44,mg
2861,Energy,156,cal
2861,Protein,5.3,g
2861,Carbohydrates,10.5,g
2861,Fiber,6.8,g
2861,Fat,10.4,g
2861,Cholesterol,0,mg
2861,Sodium,44,mg
2864,Energy,106,cal
2864,Protein,1.3,g
2864,Carbohydrates,24.2,g
2864,Fiber,2.4,g
2864,Fat,0.4,g
2864,Cholesterol,0,mg
2864,Sodium,18.3,mg
2865,Energy,53,cal
2865,Protein,0.5,g
2865,Carbohydrates,13.3,g
2865,Fiber,0.6,g
2865,Fat,0.1,g
2865,Cholesterol,0,mg
2865,Sodium,4.6,mg
2866,Energy,117,cal
2866,Protein,4.6,g
2866,Carbohydrates,11.5,g
2866,Fiber,2.1,g
2866,Fat,5.5,g
2866,Cholesterol,9.5,mg
2866,Sodium,37.1,mg
2873,Energy,67,cal
2873,Protein,0.7,g
2873,Carbohydrates,9.9,g
2873,Fiber,0.7,g
2873,Fat,2.9,g
2873,Cholesterol,0,mg
2873,Sodium,1.1,mg
2874,Energy,310,cal
2874,Protein,3.3,g
2874,Carbohydrates,35,g
2874,Fiber,1.8,g
2874,Fat,17.5,g
2874,Cholesterol,0,mg
2874,Sodium,1.4,mg
2875,Energy,112,cal
2875,Protein,1.4,g
2875,Carbohydrates,11.8,g
2875,Fiber,0.6,g
2875,Fat,6.6,g
2875,Cholesterol,0,mg
2875,Sodium,0.5,mg
2876,Energy,112,cal
2876,Protein,1.4,g
2876,Carbohydrates,11.8,g
2876,Fiber,0.6,g
2876,Fat,6.6,g
2876,Cholesterol,0,mg
2876,Sodium,0.5,mg
2877,Energy,86,cal
2877,Protein,0.7,g
2877,Carbohydrates,11.1,g
2877,Fiber,0.7,g
2877,Fat,4.4,g
2877,Cholesterol,0,mg
2877,Sodium,1.1,mg
2878,Energy,86,cal
2878,Protein,0.7,g
2878,Carbohydrates,11.1,g
2878,Fiber,0.7,g
2878,Fat,4.4,g
2878,Cholesterol,0,mg
2878,Sodium,1.1,mg
2879,Energy,99,cal
2879,Protein,1.5,g
2879,Carbohydrates,5.7,g
2879,Fiber,0.8,g
2879,Fat,7.9,g
2879,Cholesterol,0,mg
2879,Sodium,4.5,mg
2881,Energy,294,cal
2881,Protein,6.4,g
2881,Carbohydrates,29,g
2881,Fiber,3.1,g
2881,Fat,16.9,g
2881,Cholesterol,0,mg
2881,Vitamin A,112.8,mcg
2881,Vitamin B1,0.1,mg
2881,Vitamin B2,0.1,mg
2881,Vitamin B3,2.4,mg
2881,Vitamin C,0,mg
2881,Folic Acid,13.4,mcg
2881,Calcium,19.2,mg
2881,Iron,1,mg
2881,Magnesium,0,mg
2881,Phosphorus,0,mg
2881,Sodium,3.9,mg
2881,Potassium,51,mg
2881,Zinc,1.1,mg
2882,Energy,269,cal
2882,Protein,5.3,g
2882,Carbohydrates,22.1,g
2882,Fiber,0.6,g
2882,Fat,23.7,g
2882,Cholesterol,13.4,mg
2882,Sodium,42.8,mg
2883,Energy,269,cal
2883,Protein,5.3,g
2883,Carbohydrates,22.1,g
2883,Fiber,0.6,g
2883,Fat,23.7,g
2883,Cholesterol,13.4,mg
2883,Sodium,42.8,mg
2884,Energy,54,cal
2884,Protein,0.3,g
2884,Carbohydrates,13,g
2884,Fiber,1.2,g
2884,Fat,0.2,g
2884,Cholesterol,0,mg
2884,Sodium,0.3,mg
2885,Energy,296,cal
2885,Protein,2.7,g
2885,Carbohydrates,41.8,g
2885,Fiber,1.9,g
2885,Fat,13.1,g
2885,Cholesterol,0,mg
2885,Vitamin A,171,mcg
2885,Vitamin B1,0.1,mg
2885,Vitamin B2,0.1,mg
2885,Vitamin B3,1.2,mg
2885,Vitamin C,5,mg
2885,Folic Acid,9.1,mcg
2885,Calcium,20.5,mg
2885,Iron,0.8,mg
2885,Magnesium,0,mg
2885,Phosphorus,0,mg
2885,Sodium,27.4,mg
2885,Potassium,93.1,mg
2885,Zinc,0.2,mg
2888,Energy,233,cal
2888,Protein,3,g
2888,Carbohydrates,43.5,g
2888,Fiber,1.1,g
2888,Fat,4.7,g
2888,Cholesterol,4.1,mg
2888,Sodium,10.4,mg
2889,Energy,105,cal
2889,Protein,3.8,g
2889,Carbohydrates,21.5,g
2889,Fiber,0.8,g
2889,Fat,0.3,g
2889,Cholesterol,0.1,mg
2889,Sodium,50,mg
2890,Energy,105,cal
2890,Protein,3.8,g
2890,Carbohydrates,21.5,g
2890,Fiber,0.8,g
2890,Fat,0.3,g
2890,Cholesterol,0.1,mg
2890,Sodium,50,mg
2891,Energy,105,cal
2891,Protein,3.8,g
2891,Carbohydrates,21.5,g
2891,Fiber,0.8,g
2891,Fat,0.3,g
2891,Cholesterol,0.1,mg
2891,Sodium,50,mg
2892,Energy,105,cal
2892,Protein,3.8,g
2892,Carbohydrates,21.5,g
2892,Fiber,0.8,g
2892,Fat,0.3,g
2892,Cholesterol,0.1,mg
2892,Sodium,50,mg
2893,Energy,86,cal
2893,Protein,0.8,g
2893,Carbohydrates,20.5,g
2893,Fiber,2.6,g
2893,Fat,0.3,g
2893,Cholesterol,0,mg
2893,Vitamin A,371.5,mcg
2893,Vitamin B1,0,mg
2893,Vitamin B2,0,mg
2893,Vitamin B3,0.1,mg
2893,Vitamin C,11.9,mg
2893,Folic Acid,0.2,mcg
2893,Calcium,24.5,mg
2893,Iron,0.6,mg
2893,Magnesium,0,mg
2893,Phosphorus,0,mg
2893,Sodium,9.5,mg
2893,Potassium,92.2,mg
2893,Zinc,0.8,mg
2897,Energy,190,cal
2897,Protein,5.6,g
2897,Carbohydrates,13.3,g
2897,Fiber,4.1,g
2897,Fat,13.6,g
2897,Cholesterol,0,mg
2897,Sodium,6,mg
2898,Energy,200,cal
2898,Protein,1.8,g
2898,Carbohydrates,43,g
2898,Fiber,3.5,g
2898,Fat,0.5,g
2898,Cholesterol,0,mg
2898,Vitamin A,1968.3,mcg
2898,Vitamin B1,-1.4,mg
2898,Vitamin B2,-1.5,mg
2898,Vitamin B3,-1.3,mg
2898,Vitamin C,73,mg
2898,Folic Acid,0,mcg
2898,Calcium,61.6,mg
2898,Iron,1.6,mg
2898,Magnesium,0,mg
2898,Phosphorus,0,mg
2898,Sodium,23.6,mg
2898,Potassium,44.3,mg
2898,Zinc,0,mg
2899,Energy,200,cal
2899,Protein,1.8,g
2899,Carbohydrates,43,g
2899,Fiber,3.5,g
2899,Fat,0.5,g
2899,Cholesterol,0,mg
2899,Vitamin A,1968.3,mcg
2899,Vitamin B1,-1.4,mg
2899,Vitamin B2,-1.5,mg
2899,Vitamin B3,-1.3,mg
2899,Vitamin C,73,mg
2899,Folic Acid,0,mcg
2899,Calcium,61.6,mg
2899,Iron,1.6,mg
2899,Magnesium,0,mg
2899,Phosphorus,0,mg
2899,Sodium,23.6,mg
2899,Potassium,44.3,mg
2899,Zinc,0,mg
2900,Energy,200,cal
2900,Protein,1.8,g
2900,Carbohydrates,43,g
2900,Fiber,3.5,g
2900,Fat,0.5,g
2900,Cholesterol,0,mg
2900,Vitamin A,1968.3,mcg
2900,Vitamin B1,-1.4,mg
2900,Vitamin B2,-1.5,mg
2900,Vitamin B3,-1.3,mg
2900,Vitamin C,73,mg
2900,Folic Acid,0,mcg
2900,Calcium,61.6,mg
2900,Iron,1.6,mg
2900,Magnesium,0,mg
2900,Phosphorus,0,mg
2900,Sodium,23.6,mg
2900,Potassium,44.3,mg
2900,Zinc,0,mg
2901,Energy,65,cal
2901,Protein,0.1,g
2901,Carbohydrates,15.9,g
2901,Fiber,0.7,g
2901,Fat,0,g
2901,Cholesterol,0,mg
2901,Sodium,1,mg
2902,Energy,57,cal
2902,Protein,4.3,g
2902,Carbohydrates,9.4,g
2902,Fiber,5,g
2902,Fat,0.3,g
2902,Cholesterol,0,mg
2902,Sodium,32.7,mg
2903,Energy,57,cal
2903,Protein,4.3,g
2903,Carbohydrates,9.4,g
2903,Fiber,5,g
2903,Fat,0.3,g
2903,Cholesterol,0,mg
2903,Sodium,32.7,mg
2904,Energy,592,cal
2904,Protein,6,g
2904,Carbohydrates,17.3,g
2904,Fiber,18.1,g
2904,Fat,55.5,g
2904,Cholesterol,0,mg
2904,Vitamin A,0,mcg
2904,Vitamin B1,0.1,mg
2904,Vitamin B2,0.1,mg
2904,Vitamin B3,1.1,mg
2904,Vitamin C,1.3,mg
2904,Folic Acid,16.7,mcg
2904,Calcium,13.3,mg
2904,Iron,2.3,mg
2904,Magnesium,0,mg
2904,Phosphorus,0,mg
2904,Sodium,0,mg
2904,Potassium,0,mg
2904,Zinc,0,mg
2905,Energy,130,cal
2905,Protein,2.5,g
2905,Carbohydrates,18.5,g
2905,Fiber,1.9,g
2905,Fat,6.1,g
2905,Cholesterol,0,mg
2905,Vitamin A,121.1,mcg
2905,Vitamin B1,0.1,mg
2905,Vitamin B2,0.1,mg
2905,Vitamin B3,0.3,mg
2905,Vitamin C,9.5,mg
2905,Folic Acid,21.1,mcg
2905,Calcium,18,mg
2905,Iron,0.5,mg
2905,Magnesium,0,mg
2905,Phosphorus,0,mg
2905,Sodium,7,mg
2905,Potassium,161.3,mg
2905,Zinc,0.3,mg
2906,Energy,179,cal
2906,Protein,3.5,g
2906,Carbohydrates,27.6,g
2906,Fiber,5,g
2906,Fat,6,g
2906,Cholesterol,0,mg
2906,Vitamin A,101.7,mcg
2906,Vitamin B1,0.1,mg
2906,Vitamin B2,0,mg
2906,Vitamin B3,1.7,mg
2906,Vitamin C,0,mg
2906,Folic Acid,18.8,mcg
2906,Calcium,41.8,mg
2906,Iron,1.4,mg
2906,Magnesium,0,mg
2906,Phosphorus,0,mg
2906,Sodium,8.8,mg
2906,Potassium,231.1,mg
2906,Zinc,0.8,mg
2907,Energy,158,cal
2907,Protein,4.1,g
2907,Carbohydrates,2,g
2907,Fiber,0,g
2907,Fat,15.1,g
2907,Cholesterol,0,mg
2907,Vitamin A,267.7,mcg
2907,Vitamin B1,0,mg
2907,Vitamin B2,0,mg
2907,Vitamin B3,0,mg
2907,Vitamin C,0.2,mg
2907,Folic Acid,1.4,mcg
2907,Calcium,132.9,mg
2907,Iron,0.3,mg
2907,Magnesium,0,mg
2907,Phosphorus,0,mg
2907,Sodium,13,mg
2907,Potassium,36.6,mg
2907,Zinc,0.1,mg
2908,Energy,148,cal
2908,Protein,2.1,g
2908,Carbohydrates,5.2,g
2908,Fiber,1.9,g
2908,Fat,8.7,g
2908,Cholesterol,0,mg
2908,Vitamin A,111.9,mcg
2908,Vitamin B1,0,mg
2908,Vitamin B2,0,mg
2908,Vitamin B3,0.2,mg
2908,Vitamin C,10.4,mg
2908,Folic Acid,9.8,mcg
2908,Calcium,22.3,mg
2908,Iron,0.4,mg
2908,Magnesium,0,mg
2908,Phosphorus,0,mg
2908,Sodium,6.1,mg
2908,Potassium,76.3,mg
2908,Zinc,0.1,mg
2909,Energy,499,cal
2909,Protein,3.4,g
2909,Carbohydrates,48,g
2909,Fiber,3.7,g
2909,Fat,32.8,g
2909,Cholesterol,0,mg
2909,Vitamin A,342.3,mcg
2909,Vitamin B1,0.2,mg
2909,Vitamin B2,0,mg
2909,Vitamin B3,2.5,mg
2909,Vitamin C,39.2,mg
2909,Folic Acid,35.3,mcg
2909,Calcium,27.8,mg
2909,Iron,1,mg
2909,Magnesium,0,mg
2909,Phosphorus,0,mg
2909,Sodium,22.8,mg
2909,Potassium,539.5,mg
2909,Zinc,1.1,mg
2910,Energy,12,cal
2910,Protein,0.2,g
2910,Carbohydrates,3,g
2910,Fiber,0,g
2910,Fat,0.1,g
2910,Cholesterol,0,mg
2910,Sodium,0.7,mg
2911,Energy,12,cal
2911,Protein,0.2,g
2911,Carbohydrates,3,g
2911,Fiber,0,g
2911,Fat,0.1,g
2911,Cholesterol,0,mg
2911,Sodium,0.7,mg
2912,Energy,12,cal
2912,Protein,0.2,g
2912,Carbohydrates,3,g
2912,Fiber,0,g
2912,Fat,0.1,g
2912,Cholesterol,0,mg
2912,Sodium,0.7,mg
2913,Energy,157,cal
2913,Protein,3.3,g
2913,Carbohydrates,20.9,g
2913,Fiber,0.1,g
2913,Fat,6.8,g
2913,Cholesterol,15,mg
2913,Sodium,50.1,mg
2914,Energy,157,cal
2914,Protein,3.3,g
2914,Carbohydrates,20.9,g
2914,Fiber,0.1,g
2914,Fat,6.8,g
2914,Cholesterol,15,mg
2914,Sodium,50.1,mg
2915,Energy,157,cal
2915,Protein,3.3,g
2915,Carbohydrates,20.9,g
2915,Fiber,0.1,g
2915,Fat,6.8,g
2915,Cholesterol,15,mg
2915,Sodium,50.1,mg
2916,Energy,157,cal
2916,Protein,3.3,g
2916,Carbohydrates,20.9,g
2916,Fiber,0.1,g
2916,Fat,6.8,g
2916,Cholesterol,15,mg
2916,Sodium,50.1,mg
2917,Energy,4,cal
2917,Protein,0.3,g
2917,Carbohydrates,0.6,g
2917,Fiber,0.3,g
2917,Fat,0.1,g
2917,Cholesterol,0,mg
2917,Sodium,2.4,mg
2918,Energy,14,cal
2918,Protein,0.6,g
2918,Carbohydrates,2.7,g
2918,Fiber,0.3,g
2918,Fat,0.1,g
2918,Cholesterol,0,mg
2918,Sodium,3.5,mg
2919,Energy,14,cal
2919,Protein,0.6,g
2919,Carbohydrates,2.7,g
2919,Fiber,0.3,g
2919,Fat,0.1,g
2919,Cholesterol,0,mg
2919,Sodium,3.5,mg
2920,Energy,14,cal
2920,Protein,0.6,g
2920,Carbohydrates,2.7,g
2920,Fiber,0.3,g
2920,Fat,0.1,g
2920,Cholesterol,0,mg
2920,Sodium,3.5,mg
2921,Energy,14,cal
2921,Protein,0.6,g
2921,Carbohydrates,2.7,g
2921,Fiber,0.3,g
2921,Fat,0.1,g
2921,Cholesterol,0,mg
2921,Sodium,3.5,mg
2922,Energy,72,cal
2922,Protein,2.4,g
2922,Carbohydrates,14.9,g
2922,Fiber,2,g
2922,Fat,0.4,g
2922,Cholesterol,0,mg
2922,Sodium,18.8,mg
2923,Energy,72,cal
2923,Protein,2.4,g
2923,Carbohydrates,14.9,g
2923,Fiber,2,g
2923,Fat,0.4,g
2923,Cholesterol,0,mg
2923,Sodium,18.8,mg
2924,Energy,6,cal
2924,Protein,0.4,g
2924,Carbohydrates,0.6,g
2924,Fiber,0.2,g
2924,Fat,0.2,g
2924,Cholesterol,0.3,mg
2924,Sodium,4,mg
2925,Energy,17,cal
2925,Protein,0.1,g
2925,Carbohydrates,3.9,g
2925,Fiber,0.2,g
2925,Fat,0.1,g
2925,Cholesterol,0,mg
2925,Sodium,0.7,mg
2926,Energy,19,cal
2926,Protein,0.1,g
2926,Carbohydrates,4.4,g
2926,Fiber,0.2,g
2926,Fat,0.1,g
2926,Cholesterol,0,mg
2926,Vitamin A,79.1,mcg
2926,Vitamin B1,0,mg
2926,Vitamin B2,0,mg
2926,Vitamin B3,0,mg
2926,Vitamin C,4.9,mg
2926,Folic Acid,0,mcg
2926,Calcium,8.1,mg
2926,Iron,0,mg
2926,Magnesium,0,mg
2926,Phosphorus,0,mg
2926,Sodium,0.7,mg
2926,Potassium,26.1,mg
2926,Zinc,0,mg
2927,Energy,59,cal
2927,Protein,0,g
2927,Carbohydrates,0,g
2927,Fiber,0,g
2927,Fat,6.6,g
2927,Cholesterol,0,mg
2927,Sodium,0,mg
2929,Energy,172,cal
2929,Protein,2.9,g
2929,Carbohydrates,29.3,g
2929,Fiber,2.3,g
2929,Fat,4.7,g
2929,Cholesterol,0.1,mg
2929,Sodium,2,mg
2930,Energy,42,cal
2930,Protein,0.3,g
2930,Carbohydrates,9.7,g
2930,Fiber,0.7,g
2930,Fat,0.2,g
2930,Cholesterol,0.1,mg
2930,Sodium,0.1,mg
2932,Energy,69,cal
2932,Protein,0.2,g
2932,Carbohydrates,6,g
2932,Fiber,0.1,g
2932,Fat,5.8,g
2932,Cholesterol,0,mg
2932,Sodium,123.8,mg
2933,Energy,69,cal
2933,Protein,0.2,g
2933,Carbohydrates,6,g
2933,Fiber,0.1,g
2933,Fat,5.8,g
2933,Cholesterol,0,mg
2933,Sodium,123.8,mg
2934,Energy,81,cal
2934,Protein,5,g
2934,Carbohydrates,11.6,g
2934,Fiber,1.8,g
2934,Fat,1.5,g
2934,Cholesterol,0.8,mg
2934,Sodium,8,mg
2935,Energy,288,cal
2935,Protein,14.7,g
2935,Carbohydrates,36.3,g
2935,Fiber,5.7,g
2935,Fat,9.2,g
2935,Cholesterol,1.2,mg
2935,Sodium,108.7,mg
2936,Energy,288,cal
2936,Protein,14.7,g
2936,Carbohydrates,36.3,g
2936,Fiber,5.7,g
2936,Fat,9.2,g
2936,Cholesterol,1.2,mg
2936,Sodium,108.7,mg
2937,Energy,43,cal
2937,Protein,3,g
2937,Carbohydrates,7.5,g
2937,Fiber,1.2,g
2937,Fat,0.2,g
2937,Cholesterol,0,mg
2937,Sodium,4.3,mg
2938,Energy,346,cal
2938,Protein,15.9,g
2938,Carbohydrates,42.2,g
2938,Fiber,6.7,g
2938,Fat,12.6,g
2938,Cholesterol,0,mg
2938,Sodium,27.3,mg
2939,Energy,76,cal
2939,Protein,0.2,g
2939,Carbohydrates,2,g
2939,Fiber,0.3,g
2939,Fat,7.5,g
2939,Cholesterol,0,mg
2939,Sodium,0.5,mg
2942,Energy,7,cal
2942,Protein,0.2,g
2942,Carbohydrates,0.8,g
2942,Fiber,0.3,g
2942,Fat,0.4,g
2942,Cholesterol,0,mg
2942,Sodium,2.3,mg
2943,Energy,7,cal
2943,Protein,0.2,g
2943,Carbohydrates,0.8,g
2943,Fiber,0.3,g
2943,Fat,0.4,g
2943,Cholesterol,0,mg
2943,Sodium,2.3,mg
2944,Energy,128,cal
2944,Protein,4.9,g
2944,Carbohydrates,20.4,g
2944,Fiber,4.9,g
2944,Fat,3.5,g
2944,Cholesterol,0,mg
2944,Sodium,10.7,mg
2945,Energy,104,cal
2945,Protein,5.5,g
2945,Carbohydrates,17,g
2945,Fiber,5.5,g
2945,Fat,1.7,g
2945,Cholesterol,0,mg
2945,Vitamin A,75.9,mcg
2945,Vitamin B1,0,mg
2945,Vitamin B2,0,mg
2945,Vitamin B3,0.1,mg
2945,Vitamin C,7.4,mg
2945,Folic Acid,12.5,mcg
2945,Calcium,39.1,mg
2945,Iron,1,mg
2945,Magnesium,0,mg
2945,Phosphorus,0,mg
2945,Sodium,8.3,mg
2945,Potassium,111.4,mg
2945,Zinc,0.2,mg
2946,Energy,104,cal
2946,Protein,5.5,g
2946,Carbohydrates,17,g
2946,Fiber,5.5,g
2946,Fat,1.7,g
2946,Cholesterol,0,mg
2946,Vitamin A,75.9,mcg
2946,Vitamin B1,0,mg
2946,Vitamin B2,0,mg
2946,Vitamin B3,0.1,mg
2946,Vitamin C,7.4,mg
2946,Folic Acid,12.5,mcg
2946,Calcium,39.1,mg
2946,Iron,1,mg
2946,Magnesium,0,mg
2946,Phosphorus,0,mg
2946,Sodium,8.3,mg
2946,Potassium,111.4,mg
2946,Zinc,0.2,mg
2947,Energy,104,cal
2947,Protein,5.5,g
2947,Carbohydrates,17,g
2947,Fiber,5.5,g
2947,Fat,1.7,g
2947,Cholesterol,0,mg
2947,Vitamin A,75.9,mcg
2947,Vitamin B1,0,mg
2947,Vitamin B2,0,mg
2947,Vitamin B3,0.1,mg
2947,Vitamin C,7.4,mg
2947,Folic Acid,12.5,mcg
2947,Calcium,39.1,mg
2947,Iron,1,mg
2947,Magnesium,0,mg
2947,Phosphorus,0,mg
2947,Sodium,8.3,mg
2947,Potassium,111.4,mg
2947,Zinc,0.2,mg
2948,Energy,68,calories
2948,Protein,2.6,gm
2948,Carbohydrate,4.2,gm
2948,Fat,3.4,gm
2948,Fibre,1,gm
2948,Calcium,69.8,mg
2949,Energy,226,cal
2949,Protein,4.6,g
2949,Carbohydrates,23.7,g
2949,Fiber,0.7,g
2949,Fat,12.6,g
2949,Cholesterol,4.9,mg
2949,Sodium,64.3,mg
2950,Energy,74,cal
2950,Protein,2.3,g
2950,Carbohydrates,5.9,g
2950,Fiber,1.1,g
2950,Fat,3.8,g
2950,Cholesterol,10.3,mg
2950,Sodium,28.2,mg
2951,Energy,153,cal
2951,Protein,6.8,g
2951,Carbohydrates,15.3,g
2951,Fiber,6.3,g
2951,Fat,6.3,g
2951,Cholesterol,6,mg
2951,Sodium,13.2,mg
2952,Energy,82,cal
2952,Protein,4.8,g
2952,Carbohydrates,12.1,g
2952,Fiber,2.5,g
2952,Fat,1.6,g
2952,Cholesterol,0,mg
2952,Sodium,5.7,mg
2953,Energy,21,cal
2953,Protein,0.6,g
2953,Carbohydrates,3.5,g
2953,Fiber,0.4,g
2953,Fat,0.4,g
2953,Cholesterol,0,mg
2953,Sodium,1,mg
2954,Energy,67,cal
2954,Protein,2.7,g
2954,Carbohydrates,11.8,g
2954,Fiber,2.8,g
2954,Fat,1.3,g
2954,Cholesterol,0,mg
2954,Sodium,5.2,mg
2955,Energy,81,cal
2955,Protein,4,g
2955,Carbohydrates,13.7,g
2955,Fiber,2.8,g
2955,Fat,1.3,g
2955,Cholesterol,0.1,mg
2955,Sodium,23.8,mg
2956,Energy,81,cal
2956,Protein,1.4,g
2956,Carbohydrates,10.6,g
2956,Fiber,1.9,g
2956,Fat,3.7,g
2956,Cholesterol,0,mg
2956,Sodium,4.1,mg
2957,Energy,81,cal
2957,Protein,1.4,g
2957,Carbohydrates,10.6,g
2957,Fiber,1.9,g
2957,Fat,3.7,g
2957,Cholesterol,0,mg
2957,Sodium,4.1,mg
2958,Energy,81,cal
2958,Protein,1.4,g
2958,Carbohydrates,10.6,g
2958,Fiber,1.9,g
2958,Fat,3.7,g
2958,Cholesterol,0,mg
2958,Sodium,4.1,mg
2959,Energy,198,cal
2959,Protein,4.2,g
2959,Carbohydrates,30.3,g
2959,Fiber,3.6,g
2959,Fat,6.7,g
2959,Cholesterol,0,mg
2959,Vitamin A,80.3,mcg
2959,Vitamin B1,0,mg
2959,Vitamin B2,0,mg
2959,Vitamin B3,0.6,mg
2959,Vitamin C,3.3,mg
2959,Folic Acid,5.4,mcg
2959,Calcium,12.3,mg
2959,Iron,0.7,mg
2959,Magnesium,0,mg
2959,Phosphorus,0,mg
2959,Sodium,2.4,mg
2959,Potassium,31.2,mg
2959,Zinc,0.5,mg
2960,Energy,103,cal
2960,Protein,3.4,g
2960,Carbohydrates,5.4,g
2960,Fiber,0.5,g
2960,Fat,6,g
2960,Cholesterol,0,mg
2960,Vitamin A,175.1,mcg
2960,Vitamin B1,0,mg
2960,Vitamin B2,0.1,mg
2960,Vitamin B3,0.1,mg
2960,Vitamin C,2.4,mg
2960,Folic Acid,4.9,mcg
2960,Calcium,146.2,mg
2960,Iron,0.3,mg
2960,Magnesium,0,mg
2960,Phosphorus,0,mg
2960,Sodium,30,mg
2960,Potassium,78.7,mg
2960,Zinc,0,mg
2961,Energy,81,cal
2961,Protein,4.3,g
2961,Carbohydrates,12.9,g
2961,Fiber,4.8,g
2961,Fat,1.3,g
2961,Cholesterol,0,mg
2961,Sodium,5.7,mg
2962,Energy,254,cal
2962,Protein,10.8,g
2962,Carbohydrates,37.1,g
2962,Fiber,6.4,g
2962,Fat,6.8,g
2962,Cholesterol,0.8,mg
2962,Sodium,18,mg
2963,Energy,248,cal
2963,Protein,11.2,g
2963,Carbohydrates,27.9,g
2963,Fiber,14.2,g
2963,Fat,10.3,g
2963,Cholesterol,0,mg
2963,Vitamin A,548.1,mcg
2963,Vitamin B1,0,mg
2963,Vitamin B2,0,mg
2963,Vitamin B3,0.3,mg
2963,Vitamin C,20.9,mg
2963,Folic Acid,18.4,mcg
2963,Calcium,54.2,mg
2963,Iron,2.9,mg
2963,Magnesium,0,mg
2963,Phosphorus,0,mg
2963,Sodium,63.5,mg
2963,Potassium,161.8,mg
2963,Zinc,0.2,mg
2964,Energy,148,cal
2964,Protein,6.2,g
2964,Carbohydrates,15.6,g
2964,Fiber,8,g
2964,Fat,6.7,g
2964,Cholesterol,0,mg
2964,Sodium,13.8,mg
2965,Energy,148,cal
2965,Protein,6.2,g
2965,Carbohydrates,15.6,g
2965,Fiber,8,g
2965,Fat,6.7,g
2965,Cholesterol,0,mg
2965,Sodium,13.8,mg
2966,Energy,148,cal
2966,Protein,6.2,g
2966,Carbohydrates,15.6,g
2966,Fiber,8,g
2966,Fat,6.7,g
2966,Cholesterol,0,mg
2966,Sodium,13.8,mg
2967,Energy,95,cal
2967,Protein,4.4,g
2967,Carbohydrates,13.3,g
2967,Fiber,5.1,g
2967,Fat,2.7,g
2967,Cholesterol,0,mg
2967,Sodium,5,mg
2968,Energy,209,cal
2968,Protein,12.5,g
2968,Carbohydrates,26.7,g
2968,Fiber,12.3,g
2968,Fat,4.6,g
2968,Cholesterol,11.8,mg
2968,Sodium,33.5,mg
2969,Energy,53,cal
2969,Protein,3.9,g
2969,Carbohydrates,9.3,g
2969,Fiber,4.6,g
2969,Fat,0.1,g
2969,Cholesterol,0,mg
2969,Sodium,4.4,mg
2970,Energy,146,cal
2970,Protein,4.5,g
2970,Carbohydrates,10,g
2970,Fiber,2.5,g
2970,Fat,10,g
2970,Cholesterol,1.6,mg
2970,Sodium,9.8,mg
2971,Energy,73,cal
2971,Protein,2.6,g
2971,Carbohydrates,7.1,g
2971,Fiber,1.8,g
2971,Fat,4,g
2971,Cholesterol,0,mg
2971,Sodium,2.6,mg
2972,Energy,259,cal
2972,Protein,5.8,g
2972,Carbohydrates,46.5,g
2972,Fiber,7.9,g
2972,Fat,5.6,g
2972,Cholesterol,0,mg
2972,Vitamin A,275.1,mcg
2972,Vitamin B1,0.1,mg
2972,Vitamin B2,0.1,mg
2972,Vitamin B3,0.7,mg
2972,Vitamin C,18.2,mg
2972,Folic Acid,5.5,mcg
2972,Calcium,40.3,mg
2972,Iron,1.4,mg
2972,Magnesium,0,mg
2972,Phosphorus,0,mg
2972,Sodium,54.4,mg
2972,Potassium,177.6,mg
2972,Zinc,0,mg
2973,Energy,10,cal
2973,Protein,0.6,g
2973,Carbohydrates,1.8,g
2973,Fiber,0.7,g
2973,Fat,0,g
2973,Cholesterol,0,mg
2973,Sodium,1.9,mg
2974,Energy,10,cal
2974,Protein,0.6,g
2974,Carbohydrates,1.8,g
2974,Fiber,0.7,g
2974,Fat,0,g
2974,Cholesterol,0,mg
2974,Sodium,1.9,mg
2975,Energy,267,cal
2975,Protein,10.2,g
2975,Carbohydrates,34.4,g
2975,Fiber,8.3,g
2975,Fat,9.8,g
2975,Cholesterol,0,mg
2975,Sodium,31.9,mg
2976,Energy,267,cal
2976,Protein,10.2,g
2976,Carbohydrates,34.4,g
2976,Fiber,8.3,g
2976,Fat,9.8,g
2976,Cholesterol,0,mg
2976,Sodium,31.9,mg
2977,Carbohydrates,17.9,gm.
2977,Energy,262,cal.
2977,Fat,10.2,gm.
2977,Protein,11.1,gm.
2977,Iron,1.7,mg.
2978,Energy,312,cal
2978,Protein,10.2,g
2978,Carbohydrates,36.1,g
2978,Fiber,4.1,g
2978,Fat,10.3,g
2978,Cholesterol,25.2,mg
2978,Sodium,33.6,mg
2979,Energy,243,cal
2979,Protein,9.8,g
2979,Carbohydrates,19.5,g
2979,Fiber,6.3,g
2979,Fat,11.6,g
2979,Cholesterol,16,mg
2979,Sodium,26.9,mg
2980,Energy,243,cal
2980,Protein,9.8,g
2980,Carbohydrates,19.5,g
2980,Fiber,6.3,g
2980,Fat,11.6,g
2980,Cholesterol,16,mg
2980,Sodium,26.9,mg
2981,Energy,29,cal
2981,Protein,1.1,g
2981,Carbohydrates,4.7,g
2981,Fiber,1,g
2981,Fat,0.6,g
2981,Cholesterol,0,mg
2981,Sodium,4,mg
2982,Energy,29,cal
2982,Protein,1.1,g
2982,Carbohydrates,4.7,g
2982,Fiber,1,g
2982,Fat,0.6,g
2982,Cholesterol,0,mg
2982,Sodium,4,mg
2983,Energy,37,cal
2983,Protein,0.5,g
2983,Carbohydrates,2.8,g
2983,Fiber,0.4,g
2983,Fat,2.6,g
2983,Cholesterol,0,mg
2983,Sodium,0.7,mg
2984,Energy,37,cal
2984,Protein,0.5,g
2984,Carbohydrates,2.8,g
2984,Fiber,0.4,g
2984,Fat,2.6,g
2984,Cholesterol,0,mg
2984,Sodium,0.7,mg
2985,Energy,37,cal
2985,Protein,0.5,g
2985,Carbohydrates,2.8,g
2985,Fiber,0.4,g
2985,Fat,2.6,g
2985,Cholesterol,0,mg
2985,Sodium,0.7,mg
2986,Energy,126,cal
2986,Protein,2.4,g
2986,Carbohydrates,16.9,g
2986,Fiber,2.1,g
2986,Fat,5.3,g
2986,Cholesterol,0,mg
2986,Sodium,2.1,mg
2987,Energy,34,cal
2987,Protein,1.8,g
2987,Carbohydrates,4.9,g
2987,Fiber,2.1,g
2987,Fat,0.8,g
2987,Cholesterol,2.5,mg
2987,Sodium,10.5,mg
2988,Energy,34,cal
2988,Protein,1.8,g
2988,Carbohydrates,4.9,g
2988,Fiber,2.1,g
2988,Fat,0.8,g
2988,Cholesterol,2.5,mg
2988,Sodium,10.5,mg
2989,Energy,234,cal
2989,Protein,13,g
2989,Carbohydrates,40.2,g
2989,Fiber,6.4,g
2989,Fat,2.3,g
2989,Cholesterol,0.2,mg
2989,Sodium,309,mg
2990,Energy,89,cal
2990,Protein,3.2,g
2990,Carbohydrates,13.8,g
2990,Fiber,5.1,g
2990,Fat,2.4,g
2990,Cholesterol,0,mg
2990,Sodium,124.8,mg
2991,Energy,89,cal
2991,Protein,3.2,g
2991,Carbohydrates,13.8,g
2991,Fiber,5.1,g
2991,Fat,2.4,g
2991,Cholesterol,0,mg
2991,Sodium,124.8,mg
2992,Energy,4,cal
2992,Protein,0,g
2992,Carbohydrates,0.4,g
2992,Fiber,0.1,g
2992,Fat,0.2,g
2992,Cholesterol,0,mg
2992,Sodium,3211.4,mg
2993,Energy,192,cal
2993,Protein,4.9,g
2993,Carbohydrates,13.2,g
2993,Fiber,5.9,g
2993,Fat,13.3,g
2993,Cholesterol,0,mg
2993,Vitamin A,633.7,mcg
2993,Vitamin B1,0,mg
2993,Vitamin B2,0,mg
2993,Vitamin B3,0.6,mg
2993,Vitamin C,37.7,mg
2993,Folic Acid,6.2,mcg
2993,Calcium,49.5,mg
2993,Iron,1.4,mg
2993,Magnesium,0,mg
2993,Phosphorus,0,mg
2993,Sodium,28.5,mg
2993,Potassium,147.6,mg
2993,Zinc,0.3,mg
2995,Energy,122,cal
2995,Protein,2.6,g
2995,Carbohydrates,12.5,g
2995,Fiber,1.7,g
2995,Fat,6.9,g
2995,Cholesterol,0.1,mg
2995,Sodium,35.3,mg
2996,Energy,122,cal
2996,Protein,2.6,g
2996,Carbohydrates,12.5,g
2996,Fiber,1.7,g
2996,Fat,6.9,g
2996,Cholesterol,0.1,mg
2996,Sodium,35.3,mg
2997,Energy,27,cal
2997,Protein,1,g
2997,Carbohydrates,5.3,g
2997,Fiber,3.5,g
2997,Fat,0.3,g
2997,Cholesterol,0.1,mg
2997,Sodium,3.7,mg
2998,Energy,131,cal
2998,Protein,4.1,g
2998,Carbohydrates,13.2,g
2998,Fiber,1.6,g
2998,Fat,5.2,g
2998,Cholesterol,12,mg
2998,Sodium,39.5,mg
2999,Energy,131,cal
2999,Protein,4.1,g
2999,Carbohydrates,13.2,g
2999,Fiber,1.6,g
2999,Fat,5.2,g
2999,Cholesterol,12,mg
2999,Sodium,39.5,mg
3001,Energy,174,cal
3001,Protein,3.4,g
3001,Carbohydrates,8.1,g
3001,Fiber,4.3,g
3001,Fat,14.3,g
3001,Cholesterol,2.3,mg
3001,Sodium,59.5,mg
3002,Energy,4,cal
3002,Protein,0.3,g
3002,Carbohydrates,0.5,g
3002,Fiber,0.1,g
3002,Fat,0,g
3002,Cholesterol,0.3,mg
3002,Sodium,6.8,mg
3003,Energy,4,cal
3003,Protein,0.3,g
3003,Carbohydrates,0.5,g
3003,Fiber,0.1,g
3003,Fat,0,g
3003,Cholesterol,0.3,mg
3003,Sodium,6.8,mg
3004,Energy,50,cal
3004,Protein,3.9,g
3004,Carbohydrates,8.6,g
3004,Fiber,2.4,g
3004,Fat,0.2,g
3004,Cholesterol,3.1,mg
3004,Sodium,75.2,mg
3005,Energy,50,cal
3005,Protein,3.9,g
3005,Carbohydrates,8.6,g
3005,Fiber,2.4,g
3005,Fat,0.2,g
3005,Cholesterol,3.1,mg
3005,Sodium,75.2,mg
3006,Energy,30,cal
3006,Protein,0.7,g
3006,Carbohydrates,2.1,g
3006,Fiber,3.3,g
3006,Fat,2,g
3006,Cholesterol,0,mg
3006,Sodium,1.6,mg
3007,Energy,57,cal
3007,Protein,1.2,g
3007,Carbohydrates,5.2,g
3007,Fiber,2.2,g
3007,Fat,3.6,g
3007,Cholesterol,0,mg
3007,Sodium,9.9,mg
3008,Energy,144,cal
3008,Protein,1.2,g
3008,Carbohydrates,2,g
3008,Fiber,0.6,g
3008,Fat,15.1,g
3008,Cholesterol,0,mg
3008,Sodium,4.2,mg
3009,Energy,155,cal
3009,Protein,1.8,g
3009,Carbohydrates,2.7,g
3009,Fiber,2.5,g
3009,Fat,15.3,g
3009,Cholesterol,0,mg
3009,Sodium,35.8,mg
3011,Energy,291,cal
3011,Protein,13.5,g
3011,Carbohydrates,23.5,g
3011,Fiber,0,g
3011,Fat,15.9,g
3011,Cholesterol,0,mg
3011,Vitamin A,309.4,mcg
3011,Vitamin B1,0,mg
3011,Vitamin B2,0,mg
3011,Vitamin B3,0.3,mg
3011,Vitamin C,0,mg
3011,Folic Acid,0,mcg
3011,Calcium,344.1,mg
3011,Iron,1.3,mg
3011,Magnesium,0,mg
3011,Phosphorus,0,mg
3011,Sodium,49.6,mg
3011,Potassium,1.6,mg
3011,Zinc,0,mg
3012,Energy,343,cal
3012,Protein,9.6,g
3012,Carbohydrates,38.4,g
3012,Fiber,0,g
3012,Fat,16.7,g
3012,Cholesterol,0,mg
3012,Vitamin A,150.6,mcg
3012,Vitamin B1,0,mg
3012,Vitamin B2,0,mg
3012,Vitamin B3,0.3,mg
3012,Vitamin C,0,mg
3012,Folic Acid,0,mcg
3012,Calcium,162.4,mg
3012,Iron,0.9,mg
3012,Magnesium,0,mg
3012,Phosphorus,0,mg
3012,Sodium,24.8,mg
3012,Potassium,0.8,mg
3012,Zinc,0,mg
3013,Energy,419,cal
3013,Protein,8.1,g
3013,Carbohydrates,44,g
3013,Fiber,0.1,g
3013,Fat,25.8,g
3013,Cholesterol,12.5,mg
3013,Sodium,41.8,mg
3014,Energy,195,cal
3014,Protein,5.1,g
3014,Carbohydrates,33.8,g
3014,Fiber,1.5,g
3014,Fat,5.2,g
3014,Cholesterol,15,mg
3014,Sodium,53.1,mg
3015,Energy,148,cal
3015,Protein,5.2,g
3015,Carbohydrates,17.2,g
3015,Fiber,0.8,g
3015,Fat,6.6,g
3015,Cholesterol,0,mg
3015,Vitamin A,225.5,mcg
3015,Vitamin B1,0,mg
3015,Vitamin B2,-0.1,mg
3015,Vitamin B3,0.2,mg
3015,Vitamin C,14.7,mg
3015,Folic Acid,7.6,mcg
3015,Calcium,112.8,mg
3015,Iron,0.6,mg
3015,Magnesium,0,mg
3015,Phosphorus,0,mg
3015,Sodium,28.7,mg
3015,Potassium,58.1,mg
3015,Zinc,0.1,mg
3016,Energy,148,cal
3016,Protein,5.2,g
3016,Carbohydrates,17.2,g
3016,Fiber,0.8,g
3016,Fat,6.6,g
3016,Cholesterol,0,mg
3016,Vitamin A,225.5,mcg
3016,Vitamin B1,0,mg
3016,Vitamin B2,-0.1,mg
3016,Vitamin B3,0.2,mg
3016,Vitamin C,14.7,mg
3016,Folic Acid,7.6,mcg
3016,Calcium,112.8,mg
3016,Iron,0.6,mg
3016,Magnesium,0,mg
3016,Phosphorus,0,mg
3016,Sodium,28.7,mg
3016,Potassium,58.1,mg
3016,Zinc,0.1,mg
3017,Energy,148,cal
3017,Protein,5.2,g
3017,Carbohydrates,17.2,g
3017,Fiber,0.8,g
3017,Fat,6.6,g
3017,Cholesterol,0,mg
3017,Vitamin A,225.5,mcg
3017,Vitamin B1,0,mg
3017,Vitamin B2,-0.1,mg
3017,Vitamin B3,0.2,mg
3017,Vitamin C,14.7,mg
3017,Folic Acid,7.6,mcg
3017,Calcium,112.8,mg
3017,Iron,0.6,mg
3017,Magnesium,0,mg
3017,Phosphorus,0,mg
3017,Sodium,28.7,mg
3017,Potassium,58.1,mg
3017,Zinc,0.1,mg
3018,Energy,148,cal
3018,Protein,5.2,g
3018,Carbohydrates,17.2,g
3018,Fiber,0.8,g
3018,Fat,6.6,g
3018,Cholesterol,0,mg
3018,Vitamin A,225.5,mcg
3018,Vitamin B1,0,mg
3018,Vitamin B2,-0.1,mg
3018,Vitamin B3,0.2,mg
3018,Vitamin C,14.7,mg
3018,Folic Acid,7.6,mcg
3018,Calcium,112.8,mg
3018,Iron,0.6,mg
3018,Magnesium,0,mg
3018,Phosphorus,0,mg
3018,Sodium,28.7,mg
3018,Potassium,58.1,mg
3018,Zinc,0.1,mg
3020,Energy,65,cal
3020,Protein,2.8,g
3020,Carbohydrates,12.6,g
3020,Fiber,6.6,g
3020,Fat,0.6,g
3020,Cholesterol,0,mg
3020,Sodium,26.4,mg
3024,Energy,86,cal
3024,Protein,2.2,g
3024,Carbohydrates,14.6,g
3024,Fiber,1.3,g
3024,Fat,2.6,g
3024,Cholesterol,0,mg
3024,Sodium,95.4,mg
3025,Energy,42,cal
3025,Protein,2.8,g
3025,Carbohydrates,4.5,g
3025,Fiber,0.2,g
3025,Fat,1.5,g
3025,Cholesterol,0,mg
3025,Vitamin A,265.4,mcg
3025,Vitamin B1,0,mg
3025,Vitamin B2,0,mg
3025,Vitamin B3,0,mg
3025,Vitamin C,3.6,mg
3025,Folic Acid,0.5,mcg
3025,Calcium,117.8,mg
3025,Iron,0.1,mg
3025,Magnesium,0,mg
3025,Phosphorus,0,mg
3025,Sodium,43.7,mg
3025,Potassium,18.1,mg
3025,Zinc,0,mg
3026,Energy,235,cal
3026,Protein,7.8,g
3026,Carbohydrates,35.5,g
3026,Fiber,1.6,g
3026,Fat,6.7,g
3026,Cholesterol,7.4,mg
3026,Sodium,231.2,mg
3028,Energy,28,cal
3028,Protein,0.5,g
3028,Carbohydrates,1.1,g
3028,Fiber,0.3,g
3028,Fat,2.5,g
3028,Cholesterol,7.5,mg
3028,Sodium,25.7,mg
3029,Energy,61,cal
3029,Protein,1.3,g
3029,Carbohydrates,3,g
3029,Fiber,0.8,g
3029,Fat,5.3,g
3029,Cholesterol,0,mg
3029,Sodium,2.6,mg
3030,Energy,61,cal
3030,Protein,1.3,g
3030,Carbohydrates,3,g
3030,Fiber,0.8,g
3030,Fat,5.3,g
3030,Cholesterol,0,mg
3030,Sodium,2.6,mg
3031,Energy,61,cal
3031,Protein,1.3,g
3031,Carbohydrates,3,g
3031,Fiber,0.8,g
3031,Fat,5.3,g
3031,Cholesterol,0,mg
3031,Sodium,2.6,mg
3032,Energy,15,cal
3032,Protein,0.2,g
3032,Carbohydrates,0.7,g
3032,Fiber,0.1,g
3032,Fat,1.3,g
3032,Cholesterol,0,mg
3032,Sodium,0.8,mg
3033,Energy,124,cal
3033,Protein,1.6,g
3033,Carbohydrates,3.8,g
3033,Fiber,3.5,g
3033,Fat,11.4,g
3033,Cholesterol,0,mg
3033,Vitamin A,122.4,mcg
3033,Vitamin B1,0.1,mg
3033,Vitamin B2,0.1,mg
3033,Vitamin B3,0.6,mg
3033,Vitamin C,8.4,mg
3033,Folic Acid,14.4,mcg
3033,Calcium,86.1,mg
3033,Iron,0.7,mg
3033,Magnesium,0,mg
3033,Phosphorus,0,mg
3033,Sodium,1.5,mg
3033,Potassium,103.9,mg
3033,Zinc,0.7,mg
3034,Energy,114,cal
3034,Protein,0.8,g
3034,Carbohydrates,16,g
3034,Fiber,2.1,g
3034,Fat,5.2,g
3034,Cholesterol,0,mg
3034,Vitamin A,255.4,mcg
3034,Vitamin B1,0,mg
3034,Vitamin B2,0,mg
3034,Vitamin B3,0.4,mg
3034,Vitamin C,18.5,mg
3034,Folic Acid,0,mcg
3034,Calcium,32.8,mg
3034,Iron,0.2,mg
3034,Magnesium,0,mg
3034,Phosphorus,0,mg
3034,Sodium,6.1,mg
3034,Potassium,216.6,mg
3034,Zinc,0.1,mg
3035,Energy,5,cal
3035,Protein,0,g
3035,Carbohydrates,0.4,g
3035,Fiber,0.1,g
3035,Fat,0.3,g
3035,Cholesterol,0,mg
3035,Sodium,24.3,mg
3036,Energy,67,cal
3036,Protein,1.3,g
3036,Carbohydrates,3.9,g
3036,Fiber,1.7,g
3036,Fat,5.1,g
3036,Cholesterol,0,mg
3036,Sodium,8,mg
3037,Energy,67,cal
3037,Protein,1.3,g
3037,Carbohydrates,3.9,g
3037,Fiber,1.7,g
3037,Fat,5.1,g
3037,Cholesterol,0,mg
3037,Sodium,8,mg
3040,Energy,96,cal
3040,Protein,1.4,g
3040,Carbohydrates,9.1,g
3040,Fiber,3.6,g
3040,Fat,6.3,g
3040,Cholesterol,0,mg
3040,Sodium,29.7,mg
3041,Energy,110,cal
3041,Protein,0.8,g
3041,Carbohydrates,2.2,g
3041,Fiber,0.7,g
3041,Fat,11.1,g
3041,Cholesterol,0,mg
3041,Sodium,6.6,mg
3042,Energy,282,cal
3042,Protein,5.2,g
3042,Carbohydrates,27.9,g
3042,Fiber,1.8,g
3042,Fat,16.6,g
3042,Cholesterol,0,mg
3042,Sodium,21.4,mg
3043,Energy,128,cal
3043,Protein,5.1,g
3043,Carbohydrates,12.1,g
3043,Fiber,3.1,g
3043,Fat,7.1,g
3043,Cholesterol,0,mg
3043,Sodium,12.7,mg
3045,Energy,7,cal
3045,Protein,0.1,g
3045,Carbohydrates,0.1,g
3045,Fiber,0,g
3045,Fat,0.7,g
3045,Cholesterol,0,mg
3045,Vitamin A,5.5,mcg
3045,Vitamin B1,0,mg
3045,Vitamin B2,0,mg
3045,Vitamin B3,0.1,mg
3045,Vitamin C,0.4,mg
3045,Folic Acid,0.2,mcg
3045,Calcium,1,mg
3045,Iron,0,mg
3045,Magnesium,0,mg
3045,Phosphorus,0,mg
3045,Sodium,0.1,mg
3045,Potassium,2.2,mg
3045,Zinc,0,mg
3046,Energy,7,cal
3046,Protein,0.1,g
3046,Carbohydrates,0.1,g
3046,Fiber,0,g
3046,Fat,0.7,g
3046,Cholesterol,0,mg
3046,Vitamin A,5.5,mcg
3046,Vitamin B1,0,mg
3046,Vitamin B2,0,mg
3046,Vitamin B3,0.1,mg
3046,Vitamin C,0.4,mg
3046,Folic Acid,0.2,mcg
3046,Calcium,1,mg
3046,Iron,0,mg
3046,Magnesium,0,mg
3046,Phosphorus,0,mg
3046,Sodium,0.1,mg
3046,Potassium,2.2,mg
3046,Zinc,0,mg
3047,Energy,145,cal
3047,Protein,2.4,g
3047,Carbohydrates,17.6,g
3047,Fiber,1.4,g
3047,Fat,7.4,g
3047,Cholesterol,0,mg
3047,Vitamin A,66.7,mcg
3047,Vitamin B1,0.2,mg
3047,Vitamin B2,0.1,mg
3047,Vitamin B3,1.7,mg
3047,Vitamin C,1.2,mg
3047,Folic Acid,32.9,mcg
3047,Calcium,25.8,mg
3047,Iron,1.3,mg
3047,Magnesium,0,mg
3047,Phosphorus,0,mg
3047,Sodium,2,mg
3047,Potassium,61.4,mg
3047,Zinc,0.3,mg
3048,Energy,145,cal
3048,Protein,2.4,g
3048,Carbohydrates,17.6,g
3048,Fiber,1.4,g
3048,Fat,7.4,g
3048,Cholesterol,0,mg
3048,Vitamin A,66.7,mcg
3048,Vitamin B1,0.2,mg
3048,Vitamin B2,0.1,mg
3048,Vitamin B3,1.7,mg
3048,Vitamin C,1.2,mg
3048,Folic Acid,32.9,mcg
3048,Calcium,25.8,mg
3048,Iron,1.3,mg
3048,Magnesium,0,mg
3048,Phosphorus,0,mg
3048,Sodium,2,mg
3048,Potassium,61.4,mg
3048,Zinc,0.3,mg
3049,Energy,38,cal
3049,Protein,0.3,g
3049,Carbohydrates,0.4,g
3049,Fiber,0.1,g
3049,Fat,3.9,g
3049,Cholesterol,0,mg
3049,Sodium,0.6,mg
3050,Energy,123,cal
3050,Protein,1.9,g
3050,Carbohydrates,28.1,g
3050,Fiber,9.4,g
3050,Fat,0.3,g
3050,Cholesterol,0,mg
3050,Sodium,5.5,mg
3051,Energy,91,cal
3051,Protein,0.2,g
3051,Carbohydrates,20.7,g
3051,Fiber,2.3,g
3051,Fat,0.7,g
3051,Cholesterol,0,mg
3051,Sodium,1.4,mg
3052,Energy,6,cal
3052,Protein,0.1,g
3052,Carbohydrates,1.4,g
3052,Fiber,1,g
3052,Fat,0,g
3052,Cholesterol,0,mg
3052,Sodium,0.6,mg
3053,Energy,60,cal
3053,Protein,0.5,g
3053,Carbohydrates,14,g
3053,Fiber,4.4,g
3053,Fat,0.2,g
3053,Cholesterol,0,mg
3053,Sodium,2.9,mg
3056,Energy,160,cal
3056,Protein,0.9,g
3056,Carbohydrates,38.1,g
3056,Fiber,8.5,g
3056,Fat,0.3,g
3056,Cholesterol,0,mg
3056,Sodium,5.6,mg
3057,Energy,160,cal
3057,Protein,0.9,g
3057,Carbohydrates,38.1,g
3057,Fiber,8.5,g
3057,Fat,0.3,g
3057,Cholesterol,0,mg
3057,Sodium,5.6,mg
3058,Energy,254,cal
3058,Protein,1.2,g
3058,Carbohydrates,61.1,g
3058,Fiber,11.1,g
3058,Fat,0.4,g
3058,Cholesterol,0,mg
3058,Sodium,7.2,mg
3059,Energy,48,cal
3059,Protein,0,g
3059,Carbohydrates,11.8,g
3059,Fiber,0.1,g
3059,Fat,0,g
3059,Cholesterol,0,mg
3059,Sodium,0.1,mg
3060,Energy,48,cal
3060,Protein,0,g
3060,Carbohydrates,11.8,g
3060,Fiber,0.1,g
3060,Fat,0,g
3060,Cholesterol,0,mg
3060,Sodium,0.1,mg
3065,Energy,383,cal
3065,Protein,7.6,g
3065,Carbohydrates,65.3,g
3065,Fiber,6.9,g
3065,Fat,10.2,g
3065,Cholesterol,0,mg
3065,Sodium,14.7,mg
3066,Energy,17,cal
3066,Protein,0.3,g
3066,Carbohydrates,1.4,g
3066,Fiber,0.2,g
3066,Fat,1.1,g
3066,Cholesterol,0,mg
3066,Sodium,1,mg
3067,Energy,235,cal
3067,Protein,13.7,g
3067,Carbohydrates,32.6,g
3067,Fiber,6.2,g
3067,Fat,4.9,g
3067,Cholesterol,4,mg
3067,Sodium,26.5,mg
3068,Energy,235,cal
3068,Protein,13.7,g
3068,Carbohydrates,32.6,g
3068,Fiber,6.2,g
3068,Fat,4.9,g
3068,Cholesterol,4,mg
3068,Sodium,26.5,mg
3069,Energy,144,cal
3069,Protein,4.8,g
3069,Carbohydrates,21.8,g
3069,Fiber,2.2,g
3069,Fat,4.2,g
3069,Cholesterol,0,mg
3069,Sodium,8.1,mg
3070,Energy,121,cal
3070,Protein,2.7,g
3070,Carbohydrates,15,g
3070,Fiber,0,g
3070,Fat,4.1,g
3070,Cholesterol,10,mg
3070,Sodium,11.9,mg
3071,Energy,121,cal
3071,Protein,2.7,g
3071,Carbohydrates,15,g
3071,Fiber,0,g
3071,Fat,4.1,g
3071,Cholesterol,10,mg
3071,Sodium,11.9,mg
3072,Energy,121,cal
3072,Protein,2.7,g
3072,Carbohydrates,15,g
3072,Fiber,0,g
3072,Fat,4.1,g
3072,Cholesterol,10,mg
3072,Sodium,11.9,mg
3073,Energy,121,cal
3073,Protein,2.7,g
3073,Carbohydrates,15,g
3073,Fiber,0,g
3073,Fat,4.1,g
3073,Cholesterol,10,mg
3073,Sodium,11.9,mg
3074,Energy,400,cal
3074,Protein,10.9,g
3074,Carbohydrates,42.8,g
3074,Fiber,0.1,g
3074,Fat,15.8,g
3074,Cholesterol,32,mg
3074,Sodium,38.1,mg
3075,Energy,212,cal
3075,Protein,2.6,g
3075,Carbohydrates,23.7,g
3075,Fiber,2.9,g
3075,Fat,12.1,g
3075,Cholesterol,0,mg
3075,Sodium,7.3,mg
3076,Energy,212,cal
3076,Protein,2.6,g
3076,Carbohydrates,23.7,g
3076,Fiber,2.9,g
3076,Fat,12.1,g
3076,Cholesterol,0,mg
3076,Sodium,7.3,mg
3077,Energy,212,cal
3077,Protein,2.6,g
3077,Carbohydrates,23.7,g
3077,Fiber,2.9,g
3077,Fat,12.1,g
3077,Cholesterol,0,mg
3077,Sodium,7.3,mg
3078,Energy,212,cal
3078,Protein,2.6,g
3078,Carbohydrates,23.7,g
3078,Fiber,2.9,g
3078,Fat,12.1,g
3078,Cholesterol,0,mg
3078,Sodium,7.3,mg
3079,Energy,169,cal
3079,Protein,3.3,g
3079,Carbohydrates,26.1,g
3079,Fiber,1.5,g
3079,Fat,6.1,g
3079,Cholesterol,0,mg
3079,Vitamin A,114.6,mcg
3079,Vitamin B1,0.1,mg
3079,Vitamin B2,0.2,mg
3079,Vitamin B3,1.7,mg
3079,Vitamin C,10.8,mg
3079,Folic Acid,20,mcg
3079,Calcium,21.2,mg
3079,Iron,1.2,mg
3079,Magnesium,0,mg
3079,Phosphorus,0,mg
3079,Sodium,347.6,mg
3079,Potassium,196.2,mg
3079,Zinc,0.4,mg
3080,Energy,44,Kcal
3080,Protein,1.7,gm
3080,Carbohydrate,4.1,gm
3080,Fat,2.8,gm
3080,Vitamin A,70.5,mcg
3080,Vitamin C,9.6,mg
3080,Calcium,13,mg
3080,Iron,1.1,mg
3080,Folic Acid,16.6,mcg
3080,Fibre,1.3,gm
3081,Energy,409,cal
3081,Protein,2.7,g
3081,Carbohydrates,9.5,g
3081,Fiber,3.8,g
3081,Fat,40.2,g
3081,Cholesterol,0,mg
3081,Vitamin A,1206.5,mcg
3081,Vitamin B1,0.2,mg
3081,Vitamin B2,0.1,mg
3081,Vitamin B3,0.4,mg
3081,Vitamin C,98.2,mg
3081,Folic Acid,21.1,mcg
3081,Calcium,65,mg
3081,Iron,1.7,mg
3081,Magnesium,0,mg
3081,Phosphorus,0,mg
3081,Sodium,1041.6,mg
3081,Potassium,143.8,mg
3081,Zinc,0.4,mg
3089,Energy,255,cal
3089,Protein,8.6,g
3089,Carbohydrates,15.8,g
3089,Fiber,0,g
3089,Fat,13,g
3089,Cholesterol,32,mg
3089,Sodium,38.3,mg
3090,Energy,53,cal
3090,Protein,1,g
3090,Carbohydrates,6.9,g
3090,Fiber,0.2,g
3090,Fat,2.5,g
3090,Cholesterol,0,mg
3090,Sodium,1.7,mg
3091,Energy,53,cal
3091,Protein,1,g
3091,Carbohydrates,6.9,g
3091,Fiber,0.2,g
3091,Fat,2.5,g
3091,Cholesterol,0,mg
3091,Sodium,1.7,mg
3092,Energy,198,cal
3092,Protein,3.2,g
3092,Carbohydrates,28.8,g
3092,Fiber,2.6,g
3092,Fat,7.7,g
3092,Cholesterol,0,mg
3092,Vitamin A,184.1,mcg
3092,Vitamin B1,0,mg
3092,Vitamin B2,0,mg
3092,Vitamin B3,0.8,mg
3092,Vitamin C,10.9,mg
3092,Folic Acid,5.6,mcg
3092,Calcium,15.6,mg
3092,Iron,0.6,mg
3092,Magnesium,0,mg
3092,Phosphorus,0,mg
3092,Sodium,8.1,mg
3092,Potassium,62.4,mg
3092,Zinc,0.5,mg
3093,Energy,174,cal
3093,Protein,4.3,g
3093,Carbohydrates,36.1,g
3093,Fiber,2.7,g
3093,Fat,1.2,g
3093,Cholesterol,0,mg
3093,Sodium,8.5,mg
3094,Energy,198,cal
3094,Protein,3.2,g
3094,Carbohydrates,28.8,g
3094,Fiber,2.6,g
3094,Fat,7.7,g
3094,Cholesterol,0,mg
3094,Vitamin A,184.1,mcg
3094,Vitamin B1,0,mg
3094,Vitamin B2,0,mg
3094,Vitamin B3,0.8,mg
3094,Vitamin C,10.9,mg
3094,Calcium,15.6,mg
3094,Iron,0.6,mg
3094,Folic Acid,5.6,mcg
3094,Sodium,8.1,mg
3094,Potassium,62.4,mg
3094,Zinc,0.5,mg
3095,Energy,198,cal
3095,Protein,3.2,g
3095,Carbohydrates,28.8,g
3095,Fiber,2.6,g
3095,Fat,7.7,g
3095,Cholesterol,0,mg
3095,Vitamin A,184.1,mcg
3095,Vitamin B1,0,mg
3095,Vitamin B2,0,mg
3095,Vitamin B3,0.8,mg
3095,Vitamin C,10.9,mg
3095,Calcium,15.6,mg
3095,Iron,0.6,mg
3095,Folic Acid,5.6,mcg
3095,Sodium,8.1,mg
3095,Potassium,62.4,mg
3095,Zinc,0.5,mg
3096,Energy,198,cal
3096,Protein,3.2,g
3096,Carbohydrates,28.8,g
3096,Fiber,2.6,g
3096,Fat,7.7,g
3096,Cholesterol,0,mg
3096,Vitamin A,184.1,mcg
3096,Vitamin B1,0,mg
3096,Vitamin B2,0,mg
3096,Vitamin B3,0.8,mg
3096,Vitamin C,10.9,mg
3096,Calcium,15.6,mg
3096,Iron,0.6,mg
3096,Folic Acid,5.6,mcg
3096,Sodium,8.1,mg
3096,Potassium,62.4,mg
3096,Zinc,0.5,mg
3097,Carbohydrates,9.8,gm.
3097,Energy,68,cal.
3097,Fat,1.4,gm.
3097,Folic acid,43.2,mcg.
3097,Protein,4.1,gm.
3097,Vitamin E,0.6,mcg.
3098,Carbohydrates,9.8,gm.
3098,Energy,68,cal.
3098,Fat,1.4,gm.
3098,Folic acid,43.2,mcg.
3098,Protein,4.1,gm.
3098,Vitamin E,0.6,mcg.
3099,Carbohydrates,9.8,gm.
3099,Energy,68,cal.
3099,Fat,1.4,gm.
3099,Folic acid,43.2,mcg.
3099,Protein,4.1,gm.
3099,Vitamin E,0.6,mcg.
3100,Carbohydrates,9.8,gm.
3100,Energy,68,cal.
3100,Fat,1.4,gm.
3100,Folic acid,43.2,mcg.
3100,Protein,4.1,gm.
3100,Vitamin E,0.6,mcg.
3101,Energy,45,cal
3101,Protein,2.4,g
3101,Carbohydrates,6.6,g
3101,Fiber,1.8,g
3101,Fat,0.9,g
3101,Cholesterol,0,mg
3101,Sodium,18,mg
3102,Energy,45,cal
3102,Protein,2.4,g
3102,Carbohydrates,6.6,g
3102,Fiber,1.8,g
3102,Fat,0.9,g
3102,Cholesterol,0,mg
3102,Sodium,18,mg
3103,Energy,38,cal
3103,Protein,0.3,g
3103,Carbohydrates,3.5,g
3103,Fiber,0.4,g
3103,Fat,2.6,g
3103,Cholesterol,0,mg
3103,Vitamin A,116.6,mcg
3103,Vitamin B1,0,mg
3103,Vitamin B2,0,mg
3103,Vitamin B3,0.2,mg
3103,Vitamin C,3.6,mg
3103,Folic Acid,4.3,mcg
3103,Calcium,4.7,mg
3103,Iron,0.1,mg
3103,Magnesium,0,mg
3103,Phosphorus,0,mg
3103,Sodium,2.7,mg
3103,Potassium,40.4,mg
3103,Zinc,0.1,mg
3104,Energy,53,cal
3104,Protein,3.5,g
3104,Carbohydrates,5.2,g
3104,Fiber,2.4,g
3104,Fat,2,g
3104,Cholesterol,0,mg
3104,Sodium,24.1,mg
3105,Energy,53,cal
3105,Protein,3.5,g
3105,Carbohydrates,5.2,g
3105,Fiber,2.4,g
3105,Fat,2,g
3105,Cholesterol,0,mg
3105,Sodium,24.1,mg
3106,Energy,53,cal
3106,Protein,3.5,g
3106,Carbohydrates,5.2,g
3106,Fiber,2.4,g
3106,Fat,2,g
3106,Cholesterol,0,mg
3106,Sodium,24.1,mg
3107,Energy,53,cal
3107,Protein,3.5,g
3107,Carbohydrates,5.2,g
3107,Fiber,2.4,g
3107,Fat,2,g
3107,Cholesterol,0,mg
3107,Sodium,24.1,mg
3108,Energy,53,cal
3108,Protein,3.5,g
3108,Carbohydrates,5.2,g
3108,Fiber,2.4,g
3108,Fat,2,g
3108,Cholesterol,0,mg
3108,Sodium,24.1,mg
3109,Energy,62,cal
3109,Protein,2.4,g
3109,Carbohydrates,6.4,g
3109,Fiber,1.2,g
3109,Fat,3.2,g
3109,Cholesterol,0,mg
3109,Sodium,5.4,mg
3110,Energy,355,cal
3110,Protein,3.5,g
3110,Carbohydrates,12.7,g
3110,Fiber,9.6,g
3110,Fat,32.3,g
3110,Cholesterol,0,mg
3110,Sodium,14.2,mg
3111,Energy,355,cal
3111,Protein,3.5,g
3111,Carbohydrates,12.7,g
3111,Fiber,9.6,g
3111,Fat,32.3,g
3111,Cholesterol,0,mg
3111,Sodium,14.2,mg
3112,Energy,355,cal
3112,Protein,3.5,g
3112,Carbohydrates,12.7,g
3112,Fiber,9.6,g
3112,Fat,32.3,g
3112,Cholesterol,0,mg
3112,Sodium,14.2,mg
3113,Energy,355,cal
3113,Protein,3.5,g
3113,Carbohydrates,12.7,g
3113,Fiber,9.6,g
3113,Fat,32.3,g
3113,Cholesterol,0,mg
3113,Sodium,14.2,mg
3114,Energy,86,cal
3114,Protein,6.7,g
3114,Carbohydrates,0,g
3114,Fiber,0,g
3114,Fat,6.7,g
3114,Cholesterol,0,mg
3114,Sodium,0,mg
3115,Energy,86,cal
3115,Protein,0.8,g
3115,Carbohydrates,9.4,g
3115,Fiber,0.8,g
3115,Fat,5.1,g
3115,Cholesterol,0,mg
3115,Vitamin A,247.7,mcg
3115,Vitamin B1,0,mg
3115,Vitamin B2,0,mg
3115,Vitamin B3,0.5,mg
3115,Vitamin C,8.7,mg
3115,Folic Acid,10.4,mcg
3115,Calcium,9.6,mg
3115,Iron,0.3,mg
3115,Magnesium,0,mg
3115,Phosphorus,0,mg
3115,Sodium,6.4,mg
3115,Potassium,104,mg
3115,Zinc,0.2,mg
3116,Energy,220,cal
3116,Protein,8.5,g
3116,Carbohydrates,16,g
3116,Fiber,1.4,g
3116,Fat,12,g
3116,Cholesterol,0,mg
3116,Vitamin A,393.7,mcg
3116,Vitamin B1,0.1,mg
3116,Vitamin B2,0.1,mg
3116,Vitamin B3,0.7,mg
3116,Vitamin C,11,mg
3116,Folic Acid,3.7,mcg
3116,Calcium,193.8,mg
3116,Iron,1.2,mg
3116,Magnesium,0,mg
3116,Phosphorus,0,mg
3116,Sodium,93.5,mg
3116,Potassium,232,mg
3116,Zinc,0.6,mg
3117,Energy,81,cal
3117,Protein,4.9,g
3117,Carbohydrates,10.4,g
3117,Fiber,1.8,g
3117,Fat,2.3,g
3117,Cholesterol,0,mg
3117,Sodium,4.4,mg
3118,Energy,113,cal
3118,Protein,6,g
3118,Carbohydrates,12.2,g
3118,Fiber,1,g
3118,Fat,4.5,g
3118,Cholesterol,0,mg
3118,Sodium,5.4,mg
3119,Energy,103,cal
3119,Protein,5.8,g
3119,Carbohydrates,11.2,g
3119,Fiber,0.8,g
3119,Fat,4,g
3119,Cholesterol,0,mg
3119,Vitamin A,145.9,mcg
3119,Vitamin B1,0,mg
3119,Vitamin B2,-0.1,mg
3119,Vitamin B3,0.3,mg
3119,Vitamin C,2.3,mg
3119,Folic Acid,0.3,mcg
3119,Calcium,86,mg
3119,Iron,0.8,mg
3119,Magnesium,0,mg
3119,Phosphorus,0,mg
3119,Sodium,13.6,mg
3119,Potassium,151.9,mg
3119,Zinc,0.5,mg
3120,Energy,219,cal
3120,Protein,12.9,g
3120,Carbohydrates,34.3,g
3120,Fiber,3.1,g
3120,Fat,3.3,g
3120,Cholesterol,0,mg
3120,Sodium,2928.2,mg
3121,Energy,468,cal
3121,Protein,26.8,g
3121,Carbohydrates,67.5,g
3121,Fiber,6.1,g
3121,Fat,10.1,g
3121,Cholesterol,15,mg
3121,Sodium,90.2,mg
3122,Energy,142,calories
3122,Protein,8.3,gm
3122,Carbohydrates,22.9,gm
3122,Fat,1.9,gm
3122,Fiber,3.6,gm
3122,Iron,1.1,mg
3122,Folic acid,40.6,mcg
3123,Energy,14,cal
3123,Protein,0,g
3123,Carbohydrates,0,g
3123,Fiber,0,g
3123,Fat,1.5,g
3123,Cholesterol,0,mg
3123,Sodium,0,mg
3124,Energy,142,cal
3124,Protein,6.3,g
3124,Carbohydrates,16.8,g
3124,Fiber,2.7,g
3124,Fat,5.5,g
3124,Cholesterol,0,mg
3124,Sodium,9.7,mg
3125,Energy,142,cal
3125,Protein,6.3,g
3125,Carbohydrates,16.8,g
3125,Fiber,2.7,g
3125,Fat,5.5,g
3125,Cholesterol,0,mg
3125,Sodium,9.7,mg
3126,Energy,171,cal
3126,Protein,7.9,g
3126,Carbohydrates,17.6,g
3126,Fiber,9.6,g
3126,Fat,7.7,g
3126,Cholesterol,0,mg
3126,Sodium,13.2,mg
3127,Energy,138,cal
3127,Protein,3.9,g
3127,Carbohydrates,13.5,g
3127,Fiber,4.7,g
3127,Fat,7.6,g
3127,Cholesterol,0,mg
3127,Vitamin A,159.5,mcg
3127,Vitamin B1,0,mg
3127,Vitamin B2,0,mg
3127,Vitamin B3,0.4,mg
3127,Vitamin C,12.1,mg
3127,Folic Acid,12.5,mcg
3127,Calcium,18.3,mg
3127,Iron,0.9,mg
3127,Magnesium,0,mg
3127,Phosphorus,0,mg
3127,Sodium,8.1,mg
3127,Potassium,118.2,mg
3127,Zinc,0.1,mg
3128,Energy,138,cal
3128,Protein,3.9,g
3128,Carbohydrates,13.5,g
3128,Fiber,4.7,g
3128,Fat,7.6,g
3128,Cholesterol,0,mg
3128,Vitamin A,159.5,mcg
3128,Vitamin B1,0,mg
3128,Vitamin B2,0,mg
3128,Vitamin B3,0.4,mg
3128,Vitamin C,12.1,mg
3128,Folic Acid,12.5,mcg
3128,Calcium,18.3,mg
3128,Iron,0.9,mg
3128,Magnesium,0,mg
3128,Phosphorus,0,mg
3128,Sodium,8.1,mg
3128,Potassium,118.2,mg
3128,Zinc,0.1,mg
3129,Energy,138,cal
3129,Protein,3.9,g
3129,Carbohydrates,13.5,g
3129,Fiber,4.7,g
3129,Fat,7.6,g
3129,Cholesterol,0,mg
3129,Vitamin A,159.5,mcg
3129,Vitamin B1,0,mg
3129,Vitamin B2,0,mg
3129,Vitamin B3,0.4,mg
3129,Vitamin C,12.1,mg
3129,Folic Acid,12.5,mcg
3129,Calcium,18.3,mg
3129,Iron,0.9,mg
3129,Magnesium,0,mg
3129,Phosphorus,0,mg
3129,Sodium,8.1,mg
3129,Potassium,118.2,mg
3129,Zinc,0.1,mg
3130,Energy,158,cal
3130,Protein,3.7,g
3130,Carbohydrates,8.8,g
3130,Fiber,3,g
3130,Fat,11.4,g
3130,Cholesterol,0,mg
3130,Vitamin A,983.9,mcg
3130,Vitamin B1,0.1,mg
3130,Vitamin B2,0.1,mg
3130,Vitamin B3,0.5,mg
3130,Vitamin C,20.1,mg
3130,Folic Acid,27.1,mcg
3130,Calcium,102.9,mg
3130,Iron,1.3,mg
3130,Magnesium,0,mg
3130,Phosphorus,0,mg
3130,Sodium,25.6,mg
3130,Potassium,142.4,mg
3130,Zinc,0.3,mg
3131,Energy,158,cal
3131,Protein,3.7,g
3131,Carbohydrates,8.8,g
3131,Fiber,3,g
3131,Fat,11.4,g
3131,Cholesterol,0,mg
3131,Vitamin A,983.9,mcg
3131,Vitamin B1,0.1,mg
3131,Vitamin B2,0.1,mg
3131,Vitamin B3,0.5,mg
3131,Vitamin C,20.1,mg
3131,Folic Acid,27.1,mcg
3131,Calcium,102.9,mg
3131,Iron,1.3,mg
3131,Magnesium,0,mg
3131,Phosphorus,0,mg
3131,Sodium,25.6,mg
3131,Potassium,142.4,mg
3131,Zinc,0.3,mg
3132,Energy,30,cal
3132,Protein,0,g
3132,Carbohydrates,0,g
3132,Fiber,0,g
3132,Fat,3.3,g
3132,Cholesterol,0,mg
3132,Sodium,361.7,mg
3133,Energy,30,cal
3133,Protein,0,g
3133,Carbohydrates,0,g
3133,Fiber,0,g
3133,Fat,3.3,g
3133,Cholesterol,0,mg
3133,Sodium,361.7,mg
3134,Energy,30,cal
3134,Protein,0,g
3134,Carbohydrates,0,g
3134,Fiber,0,g
3134,Fat,3.3,g
3134,Cholesterol,0,mg
3134,Sodium,361.7,mg
3135,Energy,19,cal
3135,Protein,0,g
3135,Carbohydrates,0,g
3135,Fiber,0,g
3135,Fat,2.1,g
3135,Cholesterol,0,mg
3135,Sodium,0,mg
3136,Energy,19,cal
3136,Protein,0,g
3136,Carbohydrates,0,g
3136,Fiber,0,g
3136,Fat,2.1,g
3136,Cholesterol,0,mg
3136,Sodium,0,mg
3137,Energy,302,cal
3137,Protein,4.9,g
3137,Carbohydrates,52.7,g
3137,Fiber,3.1,g
3137,Fat,7.9,g
3137,Cholesterol,0,mg
3137,Sodium,10.7,mg
3138,Energy,136,cal
3138,Protein,4.9,g
3138,Carbohydrates,6.2,g
3138,Fiber,3.2,g
3138,Fat,10.6,g
3138,Cholesterol,0,mg
3138,Vitamin A,4081.2,mcg
3138,Vitamin B1,0.1,mg
3138,Vitamin B2,0.3,mg
3138,Vitamin B3,0.4,mg
3138,Vitamin C,47.8,mg
3138,Folic Acid,92.4,mcg
3138,Calcium,167,mg
3138,Iron,2.2,mg
3138,Magnesium,0,mg
3138,Phosphorus,0,mg
3138,Sodium,42.6,mg
3138,Potassium,303.9,mg
3138,Zinc,0.5,mg
3139,Energy,136,cal
3139,Protein,4.9,g
3139,Carbohydrates,6.2,g
3139,Fiber,3.2,g
3139,Fat,10.6,g
3139,Cholesterol,0,mg
3139,Vitamin A,4081.2,mcg
3139,Vitamin B1,0.1,mg
3139,Vitamin B2,0.3,mg
3139,Vitamin B3,0.4,mg
3139,Vitamin C,47.8,mg
3139,Folic Acid,92.4,mcg
3139,Calcium,167,mg
3139,Iron,2.2,mg
3139,Magnesium,0,mg
3139,Phosphorus,0,mg
3139,Sodium,42.6,mg
3139,Potassium,303.9,mg
3139,Zinc,0.5,mg
3142,Energy,168,cal
3142,Protein,7.8,g
3142,Carbohydrates,18.9,g
3142,Fiber,3.8,g
3142,Fat,6.8,g
3142,Cholesterol,0,mg
3142,Vitamin A,760.1,mcg
3142,Vitamin B1,0.2,mg
3142,Vitamin B2,0.1,mg
3142,Vitamin B3,1,mg
3142,Vitamin C,10.4,mg
3142,Folic Acid,27.1,mcg
3142,Calcium,52.9,mg
3142,Iron,2.5,mg
3142,Magnesium,0,mg
3142,Phosphorus,0,mg
3142,Sodium,10.5,mg
3142,Potassium,57.5,mg
3142,Zinc,1,mg
3144,Energy,177,cal
3144,Protein,10.8,g
3144,Carbohydrates,25.1,g
3144,Fiber,6.3,g
3144,Fat,3.8,g
3144,Cholesterol,0,mg
3144,Sodium,22.5,mg
3145,Energy,185,cal
3145,Protein,3.4,g
3145,Carbohydrates,29.1,g
3145,Fiber,1,g
3145,Fat,6.1,g
3145,Cholesterol,0,mg
3145,Sodium,3.4,mg
3146,Energy,185,cal
3146,Protein,3.4,g
3146,Carbohydrates,29.1,g
3146,Fiber,1,g
3146,Fat,6.1,g
3146,Cholesterol,0,mg
3146,Sodium,3.4,mg
3147,Energy,472,cal
3147,Protein,5.4,g
3147,Carbohydrates,23.3,g
3147,Fiber,11.4,g
3147,Fat,40.6,g
3147,Cholesterol,0,mg
3147,Vitamin A,732.3,mcg
3147,Vitamin B1,0.1,mg
3147,Vitamin B2,0.1,mg
3147,Vitamin B3,0.9,mg
3147,Vitamin C,15.3,mg
3147,Folic Acid,26,mcg
3147,Calcium,30.2,mg
3147,Iron,1.7,mg
3147,Magnesium,0,mg
3147,Phosphorus,0,mg
3147,Sodium,8.1,mg
3147,Potassium,114.9,mg
3147,Zinc,0.3,mg
3148,Energy,472,cal
3148,Protein,5.4,g
3148,Carbohydrates,23.3,g
3148,Fiber,11.4,g
3148,Fat,40.6,g
3148,Cholesterol,0,mg
3148,Vitamin A,732.3,mcg
3148,Vitamin B1,0.1,mg
3148,Vitamin B2,0.1,mg
3148,Vitamin B3,0.9,mg
3148,Vitamin C,15.3,mg
3148,Folic Acid,26,mcg
3148,Calcium,30.2,mg
3148,Iron,1.7,mg
3148,Magnesium,0,mg
3148,Phosphorus,0,mg
3148,Sodium,8.1,mg
3148,Potassium,114.9,mg
3148,Zinc,0.3,mg
3149,Energy,222,cal
3149,Protein,8.4,g
3149,Carbohydrates,32.9,g
3149,Fiber,3.4,g
3149,Fat,6.3,g
3149,Cholesterol,0,mg
3149,Sodium,16.3,mg
3150,Energy,222,cal
3150,Protein,8.4,g
3150,Carbohydrates,32.9,g
3150,Fiber,3.4,g
3150,Fat,6.3,g
3150,Cholesterol,0,mg
3150,Sodium,16.3,mg
3151,Energy,145,cal
3151,Protein,7.5,g
3151,Carbohydrates,16.5,g
3151,Fiber,7.4,g
3151,Fat,5.4,g
3151,Cholesterol,0,mg
3151,Sodium,41.5,mg
3152,Energy,145,cal
3152,Protein,7.5,g
3152,Carbohydrates,16.5,g
3152,Fiber,7.4,g
3152,Fat,5.4,g
3152,Cholesterol,0,mg
3152,Sodium,41.5,mg
3153,Energy,132,cal
3153,Protein,2.9,g
3153,Carbohydrates,20.7,g
3153,Fiber,2.2,g
3153,Fat,4.4,g
3153,Cholesterol,0,mg
3153,Vitamin A,93.1,mcg
3153,Vitamin B1,0.1,mg
3153,Vitamin B2,0,mg
3153,Vitamin B3,1.2,mg
3153,Vitamin C,3.1,mg
3153,Folic Acid,17.1,mcg
3153,Calcium,37.8,mg
3153,Iron,1.8,mg
3153,Magnesium,0,mg
3153,Phosphorus,0,mg
3153,Sodium,6.9,mg
3153,Potassium,162,mg
3153,Zinc,0.8,mg
3154,Energy,195,cal
3154,Protein,4.4,g
3154,Carbohydrates,7.6,g
3154,Fiber,1.4,g
3154,Fat,14.5,g
3154,Cholesterol,12,mg
3154,Sodium,19.7,mg
3155,Energy,195,cal
3155,Protein,4.4,g
3155,Carbohydrates,7.6,g
3155,Fiber,1.4,g
3155,Fat,14.5,g
3155,Cholesterol,12,mg
3155,Sodium,19.7,mg
3156,Energy,125,cal
3156,Protein,4.3,g
3156,Carbohydrates,18.6,g
3156,Fiber,1.7,g
3156,Fat,3.6,g
3156,Cholesterol,1,mg
3156,Sodium,10.6,mg
3157,Energy,125,cal
3157,Protein,4.3,g
3157,Carbohydrates,18.6,g
3157,Fiber,1.7,g
3157,Fat,3.6,g
3157,Cholesterol,1,mg
3157,Sodium,10.6,mg
3158,Energy,178,cal
3158,Protein,13.8,g
3158,Carbohydrates,16.1,g
3158,Fiber,8.4,g
3158,Fat,6.3,g
3158,Cholesterol,1.8,mg
3158,Sodium,49.3,mg
3159,Energy,37,cal
3159,Protein,0.8,g
3159,Carbohydrates,2.1,g
3159,Fiber,0.3,g
3159,Fat,2.8,g
3159,Cholesterol,0,mg
3159,Vitamin A,55.3,mcg
3159,Vitamin B1,0,mg
3159,Vitamin B2,0,mg
3159,Vitamin B3,0.2,mg
3159,Vitamin C,0.6,mg
3159,Folic Acid,2,mcg
3159,Calcium,6.2,mg
3159,Iron,0.3,mg
3159,Magnesium,0,mg
3159,Phosphorus,0,mg
3159,Sodium,0.9,mg
3159,Potassium,9.4,mg
3159,Zinc,0.1,mg
3161,Energy,127,cal
3161,Protein,4.4,g
3161,Carbohydrates,16.6,g
3161,Fiber,4,g
3161,Fat,4.9,g
3161,Cholesterol,1,mg
3161,Sodium,7.9,mg
3163,Energy,120,cal
3163,Protein,0.7,g
3163,Carbohydrates,10.4,g
3163,Fiber,0.8,g
3163,Fat,8.4,g
3163,Cholesterol,0,mg
3163,Sodium,5.1,mg
3164,Energy,81,cal
3164,Protein,2.5,g
3164,Carbohydrates,10.9,g
3164,Fiber,1.3,g
3164,Fat,2.8,g
3164,Cholesterol,0,mg
3164,Vitamin A,40.1,mcg
3164,Vitamin B1,0.1,mg
3164,Vitamin B2,0.3,mg
3164,Vitamin B3,2.8,mg
3164,Vitamin C,11.8,mg
3164,Folic Acid,2.7,mcg
3164,Calcium,79.5,mg
3164,Iron,1.2,mg
3164,Magnesium,0,mg
3164,Phosphorus,0,mg
3164,Sodium,15,mg
3164,Potassium,68.3,mg
3164,Zinc,0.1,mg
3165,Energy,38,cal
3165,Protein,0.9,g
3165,Carbohydrates,8.3,g
3165,Fiber,1.7,g
3165,Fat,0.3,g
3165,Cholesterol,0,mg
3165,Sodium,64.1,mg
3166,Energy,38,cal
3166,Protein,0.9,g
3166,Carbohydrates,8.3,g
3166,Fiber,1.7,g
3166,Fat,0.3,g
3166,Cholesterol,0,mg
3166,Sodium,64.1,mg
3167,Energy,325,cal
3167,Protein,5.4,g
3167,Carbohydrates,45.2,g
3167,Fiber,2.2,g
3167,Fat,15.4,g
3167,Cholesterol,0,mg
3167,Sodium,305.8,mg
3170,Energy,255,cal
3170,Protein,4.7,g
3170,Carbohydrates,35.5,g
3170,Fiber,4.5,g
3170,Fat,8.6,g
3170,Cholesterol,12.8,mg
3170,Sodium,68.3,mg
3171,Energy,255,cal
3171,Protein,4.7,g
3171,Carbohydrates,35.5,g
3171,Fiber,4.5,g
3171,Fat,8.6,g
3171,Cholesterol,12.8,mg
3171,Sodium,68.3,mg
3172,Energy,93,cal
3172,Protein,2.1,g
3172,Carbohydrates,6.8,g
3172,Fiber,0,g
3172,Fat,2.7,g
3172,Cholesterol,0.3,mg
3172,Sodium,46,mg
3173,Energy,56,cal
3173,Protein,1.2,g
3173,Carbohydrates,4.4,g
3173,Fiber,0.7,g
3173,Fat,5.5,g
3173,Cholesterol,0,mg
3173,Sodium,1.1,mg
3174,Energy,56,cal
3174,Protein,1.2,g
3174,Carbohydrates,4.4,g
3174,Fiber,0.7,g
3174,Fat,5.5,g
3174,Cholesterol,0,mg
3174,Sodium,1.1,mg
3175,Energy,56,cal
3175,Protein,1.2,g
3175,Carbohydrates,4.4,g
3175,Fiber,0.7,g
3175,Fat,5.5,g
3175,Cholesterol,0,mg
3175,Sodium,1.1,mg
3176,Energy,56,cal
3176,Protein,1.2,g
3176,Carbohydrates,4.4,g
3176,Fiber,0.7,g
3176,Fat,5.5,g
3176,Cholesterol,0,mg
3176,Sodium,1.1,mg
3177,Energy,102,cal
3177,Protein,2.8,g
3177,Carbohydrates,10.7,g
3177,Fiber,0.9,g
3177,Fat,5.6,g
3177,Cholesterol,0,mg
3177,Sodium,68.3,mg
3178,Energy,31,kcal
3178,Protein,1,gm
3178,Carbohydrates,2.8,gm
3178,Fat,1.8,gm
3178,Iron,0.2,mg
3178,Fibre,0.2,gm
3179,Energy,9,cal
3179,Protein,0.3,gm
3179,Carbohydrates,1.6,gm
3179,Fat,0.2,gm
3179,Iron,0.1,mg
3179,Potassium,6.2,mg
3180,Energy,134,cal
3180,Protein,3.9,g
3180,Carbohydrates,16.8,g
3180,Fiber,1.6,g
3180,Fat,4.8,g
3180,Cholesterol,9.3,mg
3180,Sodium,12.8,mg
3181,Energy,544,cal
3181,Protein,13.7,g
3181,Carbohydrates,56.9,g
3181,Fiber,6.9,g
3181,Fat,30,g
3181,Cholesterol,0,mg
3181,Sodium,36.5,mg
3182,Energy,544,cal
3182,Protein,13.7,g
3182,Carbohydrates,56.9,g
3182,Fiber,6.9,g
3182,Fat,30,g
3182,Cholesterol,0,mg
3182,Sodium,36.5,mg
3183,Energy,544,cal
3183,Protein,13.7,g
3183,Carbohydrates,56.9,g
3183,Fiber,6.9,g
3183,Fat,30,g
3183,Cholesterol,0,mg
3183,Sodium,36.5,mg
3184,Energy,91,cal
3184,Protein,2.7,g
3184,Carbohydrates,12.4,g
3184,Fiber,2.8,g
3184,Fat,3.8,g
3184,Cholesterol,10,mg
3184,Sodium,49.7,mg
3185,Energy,91,cal
3185,Protein,2.7,g
3185,Carbohydrates,12.4,g
3185,Fiber,2.8,g
3185,Fat,3.8,g
3185,Cholesterol,10,mg
3185,Sodium,49.7,mg
3186,Energy,56,cal
3186,Protein,1,g
3186,Carbohydrates,12.3,g
3186,Fiber,9.4,g
3186,Fat,0.3,g
3186,Cholesterol,0,mg
3186,Sodium,6.1,mg
3187,Energy,56,cal
3187,Protein,1,g
3187,Carbohydrates,12.3,g
3187,Fiber,9.4,g
3187,Fat,0.3,g
3187,Cholesterol,0,mg
3187,Sodium,6.1,mg
3188,Energy,218,cal
3188,Protein,6.5,g
3188,Carbohydrates,43.3,g
3188,Fiber,5.6,g
3188,Fat,2.7,g
3188,Cholesterol,0,mg
3188,Sodium,8.7,mg
3189,Energy,218,cal
3189,Protein,6.5,g
3189,Carbohydrates,43.3,g
3189,Fiber,5.6,g
3189,Fat,2.7,g
3189,Cholesterol,0,mg
3189,Sodium,8.7,mg
3190,Energy,145,cal
3190,Protein,5,g
3190,Carbohydrates,26.1,g
3190,Fiber,0.8,g
3190,Fat,4.3,g
3190,Cholesterol,0,mg
3190,Vitamin A,73.4,mcg
3190,Vitamin B1,0.2,mg
3190,Vitamin B2,0,mg
3190,Vitamin B3,1.8,mg
3190,Vitamin C,1.6,mg
3190,Folic Acid,12.8,mcg
3190,Calcium,20.8,mg
3190,Iron,1.9,mg
3190,Magnesium,0,mg
3190,Phosphorus,0,mg
3190,Sodium,13.2,mg
3190,Potassium,143,mg
3190,Zinc,0.8,mg
3191,Energy,145,cal
3191,Protein,5,g
3191,Carbohydrates,26.1,g
3191,Fiber,0.8,g
3191,Fat,4.3,g
3191,Cholesterol,0,mg
3191,Vitamin A,73.4,mcg
3191,Vitamin B1,0.2,mg
3191,Vitamin B2,0,mg
3191,Vitamin B3,1.8,mg
3191,Vitamin C,1.6,mg
3191,Folic Acid,12.8,mcg
3191,Calcium,20.8,mg
3191,Iron,1.9,mg
3191,Magnesium,0,mg
3191,Phosphorus,0,mg
3191,Sodium,13.2,mg
3191,Potassium,143,mg
3191,Zinc,0.8,mg
3192,Energy,145,cal
3192,Protein,5,g
3192,Carbohydrates,26.1,g
3192,Fiber,0.8,g
3192,Fat,4.3,g
3192,Cholesterol,0,mg
3192,Vitamin A,73.4,mcg
3192,Vitamin B1,0.2,mg
3192,Vitamin B2,0,mg
3192,Vitamin B3,1.8,mg
3192,Vitamin C,1.6,mg
3192,Folic Acid,12.8,mcg
3192,Calcium,20.8,mg
3192,Iron,1.9,mg
3192,Magnesium,0,mg
3192,Phosphorus,0,mg
3192,Sodium,13.2,mg
3192,Potassium,143,mg
3192,Zinc,0.8,mg
3193,Energy,161,cal
3193,Protein,3.9,g
3193,Carbohydrates,9.7,g
3193,Fiber,0.1,g
3193,Fat,4.9,g
3193,Cholesterol,0,mg
3193,Sodium,86.6,mg
3194,Energy,125,cal
3194,Protein,2.4,g
3194,Carbohydrates,23.1,g
3194,Fiber,1.2,g
3194,Fat,2.5,g
3194,Cholesterol,0,mg
3194,Sodium,2.1,mg
3195,Energy,125,cal
3195,Protein,2.4,g
3195,Carbohydrates,23.1,g
3195,Fiber,1.2,g
3195,Fat,2.5,g
3195,Cholesterol,0,mg
3195,Sodium,2.1,mg
3196,Energy,218,cal
3196,Protein,6.7,g
3196,Carbohydrates,17.5,g
3196,Fiber,0.3,g
3196,Fat,9.9,g
3196,Cholesterol,24,mg
3196,Sodium,39.2,mg
3197,Energy,20,cal
3197,Protein,0.8,g
3197,Carbohydrates,4.2,g
3197,Fiber,0.7,g
3197,Fat,0.1,g
3197,Cholesterol,0,mg
3197,Sodium,1.5,mg
3198,Energy,140,cal
3198,Protein,7.9,g
3198,Carbohydrates,20.4,g
3198,Fiber,5.7,g
3198,Fat,3,g
3198,Cholesterol,0,mg
3198,Sodium,12,mg
3199,Energy,140,cal
3199,Protein,7.9,g
3199,Carbohydrates,20.4,g
3199,Fiber,5.7,g
3199,Fat,3,g
3199,Cholesterol,0,mg
3199,Sodium,12,mg
3200,Energy,144,cal
3200,Protein,5.4,g
3200,Carbohydrates,17,g
3200,Fiber,3,g
3200,Fat,6.2,g
3200,Cholesterol,0,mg
3200,Sodium,4.8,mg
3201,Energy,194,cal
3201,Protein,5.8,g
3201,Carbohydrates,20.9,g
3201,Fiber,4.9,g
3201,Fat,10.8,g
3201,Cholesterol,0,mg
3201,Sodium,10.2,mg
3202,Energy,194,cal
3202,Protein,5.8,g
3202,Carbohydrates,20.9,g
3202,Fiber,4.9,g
3202,Fat,10.8,g
3202,Cholesterol,0,mg
3202,Sodium,10.2,mg
3203,Energy,194,cal
3203,Protein,5.8,g
3203,Carbohydrates,20.9,g
3203,Fiber,4.9,g
3203,Fat,10.8,g
3203,Cholesterol,0,mg
3203,Sodium,10.2,mg
3204,Energy,194,cal
3204,Protein,5.8,g
3204,Carbohydrates,20.9,g
3204,Fiber,4.9,g
3204,Fat,10.8,g
3204,Cholesterol,0,mg
3204,Sodium,10.2,mg
3205,Energy,266,cal
3205,Protein,4.5,g
3205,Carbohydrates,25.9,g
3205,Fiber,4,g
3205,Fat,16.2,g
3205,Cholesterol,40.6,mg
3205,Sodium,164.8,mg
3206,Energy,334,cal
3206,Protein,1.5,g
3206,Carbohydrates,19.7,g
3206,Fiber,2.4,g
3206,Fat,28,g
3206,Cholesterol,81.2,mg
3206,Sodium,322.3,mg
3207,Energy,283,cal
3207,Protein,8.4,g
3207,Carbohydrates,58.7,g
3207,Fiber,7.9,g
3207,Fat,1.6,g
3207,Cholesterol,0,mg
3207,Sodium,6.7,mg
3208,Energy,117,cal
3208,Protein,2.6,g
3208,Carbohydrates,18.9,g
3208,Fiber,1.4,g
3208,Fat,3.7,g
3208,Cholesterol,0,mg
3208,Sodium,1.9,mg
3209,Energy,119,cal
3209,Protein,2.6,g
3209,Carbohydrates,19.3,g
3209,Fiber,1.5,g
3209,Fat,3.7,g
3209,Cholesterol,0,mg
3209,Sodium,2,mg
3210,Energy,119,cal
3210,Protein,2.6,g
3210,Carbohydrates,19.3,g
3210,Fiber,1.5,g
3210,Fat,3.7,g
3210,Cholesterol,0,mg
3210,Sodium,2,mg
3211,Energy,119,cal
3211,Protein,2.6,g
3211,Carbohydrates,19.3,g
3211,Fiber,1.5,g
3211,Fat,3.7,g
3211,Cholesterol,0,mg
3211,Sodium,2,mg
3212,Energy,94,cal
3212,Protein,4.1,g
3212,Carbohydrates,14.3,g
3212,Fiber,3.2,g
3212,Fat,2,g
3212,Cholesterol,4.3,mg
3212,Sodium,30,mg
3213,Energy,94,cal
3213,Protein,4.1,g
3213,Carbohydrates,14.3,g
3213,Fiber,3.2,g
3213,Fat,2,g
3213,Cholesterol,4.3,mg
3213,Sodium,30,mg
3214,Energy,464,cal
3214,Protein,22.7,g
3214,Carbohydrates,52.9,g
3214,Fiber,12.8,g
3214,Fat,11.5,g
3214,Cholesterol,0,mg
3214,Sodium,54.5,mg
3215,Energy,111,cal
3215,Protein,1.9,g
3215,Carbohydrates,14,g
3215,Fiber,1.5,g
3215,Fat,5.3,g
3215,Cholesterol,0,mg
3215,Vitamin A,166.9,mcg
3215,Vitamin B1,0.1,mg
3215,Vitamin B2,0.1,mg
3215,Vitamin B3,0.8,mg
3215,Vitamin C,23.9,mg
3215,Folic Acid,19.6,mcg
3215,Calcium,25.1,mg
3215,Iron,0.8,mg
3215,Magnesium,0,mg
3215,Phosphorus,0,mg
3215,Sodium,6.4,mg
3215,Potassium,79.6,mg
3215,Zinc,0.3,mg
3216,Energy,89,kcal
3216,Protein,5.6,gm
3216,Carbohydrates,16.1,gm
3216,Invisible fat,0.2,gm
3216,Fibre,2.9,gm
3216,Iron,2.2,mg
3216,Calcium,41.7,mg
3217,Energy,302,cal
3217,Protein,3.3,g
3217,Carbohydrates,44.1,g
3217,Fiber,0.3,g
3217,Fat,11.2,g
3217,Cholesterol,0,mg
3217,Vitamin A,438.9,mcg
3217,Vitamin B1,0,mg
3217,Vitamin B2,0,mg
3217,Vitamin B3,1.2,mg
3217,Vitamin C,0,mg
3217,Folic Acid,0,mcg
3217,Calcium,12,mg
3217,Iron,1.5,mg
3217,Magnesium,0,mg
3217,Phosphorus,0,mg
3217,Sodium,114.7,mg
3217,Potassium,70.6,mg
3217,Zinc,0.3,mg
3218,Energy,17,cal
3218,Protein,1.6,g
3218,Carbohydrates,2.3,g
3218,Fiber,0,g
3218,Fat,0.1,g
3218,Cholesterol,0.1,mg
3218,Sodium,22.9,mg
3219,Energy,17,cal
3219,Protein,1.6,g
3219,Carbohydrates,2.3,g
3219,Fiber,0,g
3219,Fat,0.1,g
3219,Cholesterol,0.1,mg
3219,Sodium,22.9,mg
3220,Energy,17,cal
3220,Protein,1.6,g
3220,Carbohydrates,2.3,g
3220,Fiber,0,g
3220,Fat,0.1,g
3220,Cholesterol,0.1,mg
3220,Sodium,22.9,mg
3221,Energy,41,cal
3221,Protein,1.8,g
3221,Carbohydrates,1.1,g
3221,Fiber,0,g
3221,Fat,3.1,g
3221,Cholesterol,0,mg
3221,Vitamin A,53.4,mcg
3221,Vitamin B1,-0.1,mg
3221,Vitamin B2,-0.1,mg
3221,Vitamin B3,-0.1,mg
3221,Vitamin C,0.6,mg
3221,Folic Acid,0.6,mcg
3221,Calcium,67.3,mg
3221,Iron,0,mg
3221,Magnesium,0,mg
3221,Phosphorus,0,mg
3221,Sodium,0.5,mg
3221,Potassium,3,mg
3221,Zinc,0,mg
3222,Energy,900,cal
3222,Protein,0,g
3222,Carbohydrates,0,g
3222,Fiber,0,g
3222,Fat,100,g
3222,Cholesterol,0,mg
3222,Vitamin A,900,mcg
3222,Vitamin B1,0,mg
3222,Vitamin B2,0,mg
3222,Vitamin B3,0,mg
3222,Vitamin C,0,mg
3222,Folic Acid,0,mcg
3222,Calcium,0,mg
3222,Iron,0,mg
3222,Magnesium,0,mg
3222,Phosphorus,0,mg
3222,Sodium,0,mg
3222,Potassium,0,mg
3222,Zinc,0,mg
3223,Energy,127,cal
3223,Protein,5.2,g
3223,Carbohydrates,5.4,g
3223,Fiber,0.5,g
3223,Fat,9.4,g
3223,Cholesterol,0,mg
3223,Vitamin A,307.5,mcg
3223,Vitamin B1,-0.3,mg
3223,Vitamin B2,-0.3,mg
3223,Vitamin B3,-0.2,mg
3223,Vitamin C,16.7,mg
3223,Folic Acid,3.3,mcg
3223,Calcium,185,mg
3223,Iron,0.5,mg
3223,Magnesium,0,mg
3223,Phosphorus,0,mg
3223,Sodium,1.5,mg
3223,Potassium,31.5,mg
3223,Zinc,0.1,mg
3224,Energy,127,cal
3224,Protein,5.2,g
3224,Carbohydrates,5.4,g
3224,Fiber,0.5,g
3224,Fat,9.4,g
3224,Cholesterol,0,mg
3224,Vitamin A,307.5,mcg
3224,Vitamin B1,-0.3,mg
3224,Vitamin B2,-0.3,mg
3224,Vitamin B3,-0.2,mg
3224,Vitamin C,16.7,mg
3224,Folic Acid,3.3,mcg
3224,Calcium,185,mg
3224,Iron,0.5,mg
3224,Magnesium,0,mg
3224,Phosphorus,0,mg
3224,Sodium,1.5,mg
3224,Potassium,31.5,mg
3224,Zinc,0.1,mg
3225,Energy,60,cal
3225,Protein,1.1,g
3225,Carbohydrates,10.6,g
3225,Fiber,0.8,g
3225,Fat,1.5,g
3225,Cholesterol,0.7,mg
3225,Vitamin A,104.4,mcg
3225,Vitamin B1,0,mg
3225,Vitamin B2,0,mg
3225,Vitamin B3,0.6,mg
3225,Vitamin C,8.8,mg
3225,Folic Acid,9.7,mcg
3225,Calcium,14.3,mg
3225,Iron,0.4,mg
3225,Magnesium,0,mg
3225,Phosphorus,0,mg
3225,Sodium,36.9,mg
3225,Potassium,120,mg
3225,Zinc,0.3,mg
3226,Energy,60,cal
3226,Protein,1.1,g
3226,Carbohydrates,10.6,g
3226,Fiber,0.8,g
3226,Fat,1.5,g
3226,Cholesterol,0.7,mg
3226,Vitamin A,104.4,mcg
3226,Vitamin B1,0,mg
3226,Vitamin B2,0,mg
3226,Vitamin B3,0.6,mg
3226,Vitamin C,8.8,mg
3226,Folic Acid,9.7,mcg
3226,Calcium,14.3,mg
3226,Iron,0.4,mg
3226,Magnesium,0,mg
3226,Phosphorus,0,mg
3226,Sodium,36.9,mg
3226,Potassium,120,mg
3226,Zinc,0.3,mg
3227,Energy,60,cal
3227,Protein,1.1,g
3227,Carbohydrates,10.6,g
3227,Fiber,0.8,g
3227,Fat,1.5,g
3227,Cholesterol,0.7,mg
3227,Vitamin A,104.4,mcg
3227,Vitamin B1,0,mg
3227,Vitamin B2,0,mg
3227,Vitamin B3,0.6,mg
3227,Vitamin C,8.8,mg
3227,Folic Acid,9.7,mcg
3227,Calcium,14.3,mg
3227,Iron,0.4,mg
3227,Magnesium,0,mg
3227,Phosphorus,0,mg
3227,Sodium,36.9,mg
3227,Potassium,120,mg
3227,Zinc,0.3,mg
3228,Energy,51,cal
3228,Protein,2.4,g
3228,Carbohydrates,9.3,g
3228,Fiber,4.1,g
3228,Fat,0.3,g
3228,Cholesterol,0,mg
3228,Vitamin A,657.1,mcg
3228,Vitamin B1,0.2,mg
3228,Vitamin B2,0.1,mg
3228,Vitamin B3,0.8,mg
3228,Vitamin C,119.1,mg
3228,Folic Acid,52.8,mcg
3228,Calcium,89.7,mg
3228,Iron,1.4,mg
3228,Magnesium,0,mg
3228,Phosphorus,0,mg
3228,Sodium,17.3,mg
3228,Potassium,187.6,mg
3228,Zinc,0.2,mg
3229,Energy,51,cal
3229,Protein,2.4,g
3229,Carbohydrates,9.3,g
3229,Fiber,4.1,g
3229,Fat,0.3,g
3229,Cholesterol,0,mg
3229,Vitamin A,657.1,mcg
3229,Vitamin B1,0.2,mg
3229,Vitamin B2,0.1,mg
3229,Vitamin B3,0.8,mg
3229,Vitamin C,119.1,mg
3229,Folic Acid,52.8,mcg
3229,Calcium,89.7,mg
3229,Iron,1.4,mg
3229,Magnesium,0,mg
3229,Phosphorus,0,mg
3229,Sodium,17.3,mg
3229,Potassium,187.6,mg
3229,Zinc,0.2,mg
3232,Energy,47,cal
3232,Protein,0.2,g
3232,Carbohydrates,11.2,g
3232,Fiber,0.3,g
3232,Fat,0.1,g
3232,Cholesterol,0,mg
3232,Sodium,0.3,mg
3233,Energy,75,cal
3233,Protein,2.8,g
3233,Carbohydrates,10.3,g
3233,Fiber,1.1,g
3233,Fat,2.6,g
3233,Cholesterol,7.5,mg
3233,Sodium,29.3,mg
3234,Energy,181,cal
3234,Protein,5.7,g
3234,Carbohydrates,18.5,g
3234,Fiber,1.2,g
3234,Fat,9.2,g
3234,Cholesterol,2,mg
3234,Vitamin A,1249.6,mcg
3234,Vitamin B1,0.3,mg
3234,Vitamin B2,0.2,mg
3234,Vitamin B3,2,mg
3234,Vitamin C,22.8,mg
3234,Folic Acid,18.8,mcg
3234,Calcium,121.1,mg
3234,Iron,3.4,mg
3234,Magnesium,0,mg
3234,Phosphorus,0,mg
3234,Sodium,62.5,mg
3234,Potassium,169.3,mg
3234,Zinc,0.3,mg
3235,Energy,61,cal
3235,Protein,1.1,g
3235,Carbohydrates,5.9,g
3235,Fiber,0.2,g
3235,Fat,3.7,g
3235,Cholesterol,0,mg
3235,Vitamin A,29.4,mcg
3235,Vitamin B1,0,mg
3235,Vitamin B2,0,mg
3235,Vitamin B3,0.1,mg
3235,Vitamin C,2.1,mg
3235,Folic Acid,3.5,mcg
3235,Calcium,24.6,mg
3235,Iron,0.1,mg
3235,Magnesium,0,mg
3235,Phosphorus,0,mg
3235,Sodium,96.5,mg
3235,Potassium,4.5,mg
3235,Zinc,0,mg
3236,Energy,61,cal
3236,Protein,1.1,g
3236,Carbohydrates,5.9,g
3236,Fiber,0.2,g
3236,Fat,3.7,g
3236,Cholesterol,0,mg
3236,Vitamin A,29.4,mcg
3236,Vitamin B1,0,mg
3236,Vitamin B2,0,mg
3236,Vitamin B3,0.1,mg
3236,Vitamin C,2.1,mg
3236,Folic Acid,3.5,mcg
3236,Calcium,24.6,mg
3236,Iron,0.1,mg
3236,Magnesium,0,mg
3236,Phosphorus,0,mg
3236,Sodium,96.5,mg
3236,Potassium,4.5,mg
3236,Zinc,0,mg
3237,Energy,101,cal
3237,Protein,3.3,g
3237,Carbohydrates,19.2,g
3237,Fiber,3.4,g
3237,Fat,1.7,g
3237,Cholesterol,0,mg
3237,Sodium,5.5,mg
3238,Energy,101,cal
3238,Protein,3.3,g
3238,Carbohydrates,19.2,g
3238,Fiber,3.4,g
3238,Fat,1.7,g
3238,Cholesterol,0,mg
3238,Sodium,5.5,mg
3240,Energy,30,cal
3240,Protein,0.8,g
3240,Carbohydrates,1,g
3240,Fiber,0.1,g
3240,Fat,2.3,g
3240,Cholesterol,2.3,mg
3240,Sodium,5,mg
3243,Energy,125,cal
3243,Protein,4.1,g
3243,Carbohydrates,13.7,g
3243,Fiber,6,g
3243,Fat,5.7,g
3243,Cholesterol,2,mg
3243,Sodium,8.5,mg
3244,Energy,125,cal
3244,Protein,4.1,g
3244,Carbohydrates,13.7,g
3244,Fiber,6,g
3244,Fat,5.7,g
3244,Cholesterol,2,mg
3244,Sodium,8.5,mg
3245,Energy,125,cal
3245,Protein,4.1,g
3245,Carbohydrates,13.7,g
3245,Fiber,6,g
3245,Fat,5.7,g
3245,Cholesterol,2,mg
3245,Sodium,8.5,mg
3246,Energy,1226,cal
3246,Protein,3.1,g
3246,Carbohydrates,105.3,g
3246,Fiber,0.4,g
3246,Fat,104.4,g
3246,Cholesterol,0,mg
3246,Vitamin A,470.5,mcg
3246,Vitamin B1,0.6,mg
3246,Vitamin B2,0.7,mg
3246,Vitamin B3,0.1,mg
3246,Vitamin C,8,mg
3246,Folic Acid,35.2,mcg
3246,Calcium,55.4,mg
3246,Iron,1.1,mg
3246,Magnesium,0,mg
3246,Phosphorus,0,mg
3246,Sodium,2221.1,mg
3246,Potassium,74.5,mg
3246,Zinc,0.6,mg
3247,Energy,40,cal
3247,Protein,1.8,g
3247,Carbohydrates,1.2,g
3247,Fiber,0,g
3247,Fat,3,g
3247,Cholesterol,1.1,mg
3247,Sodium,1.5,mg
3248,Energy,161,cal
3248,Protein,5.4,g
3248,Carbohydrates,17.5,g
3248,Fiber,2.8,g
3248,Fat,8.1,g
3248,Cholesterol,0,mg
3248,Sodium,263.6,mg
3249,Energy,738,cal
3249,Protein,9.7,g
3249,Carbohydrates,65,g
3249,Fiber,0.3,g
3249,Fat,48.8,g
3249,Cholesterol,0,mg
3249,Vitamin A,454,mcg
3249,Vitamin B1,0.1,mg
3249,Vitamin B2,0.1,mg
3249,Vitamin B3,2.1,mg
3249,Vitamin C,0,mg
3249,Folic Acid,0,mcg
3249,Calcium,20.2,mg
3249,Iron,2.4,mg
3249,Magnesium,0,mg
3249,Phosphorus,0,mg
3249,Sodium,8.2,mg
3249,Potassium,114.4,mg
3249,Zinc,0.5,mg
3250,Energy,36,cal
3250,Protein,0.3,g
3250,Carbohydrates,1.6,g
3250,Fiber,0,g
3250,Fat,3.2,g
3250,Cholesterol,0,mg
3250,Vitamin A,115.2,mcg
3250,Vitamin B1,0,mg
3250,Vitamin B2,0,mg
3250,Vitamin B3,0.1,mg
3250,Vitamin C,0,mg
3250,Folic Acid,0.8,mcg
3250,Calcium,1.1,mg
3250,Iron,0.1,mg
3250,Magnesium,0,mg
3250,Phosphorus,0,mg
3250,Sodium,29.4,mg
3250,Potassium,8,mg
3250,Zinc,0.1,mg
3251,Energy,57,cal
3251,Protein,0.6,g
3251,Carbohydrates,4,g
3251,Fiber,0,g
3251,Fat,4.3,g
3251,Cholesterol,0,mg
3251,Vitamin A,39.8,mcg
3251,Vitamin B1,0,mg
3251,Vitamin B2,0,mg
3251,Vitamin B3,0.1,mg
3251,Vitamin C,0,mg
3251,Folic Acid,0,mcg
3251,Calcium,1.2,mg
3251,Iron,0.1,mg
3251,Magnesium,0,mg
3251,Phosphorus,0,mg
3251,Sodium,0.5,mg
3251,Potassium,6.7,mg
3251,Zinc,0,mg
3252,Energy,57,cal
3252,Protein,0.8,g
3252,Carbohydrates,10.8,g
3252,Fiber,0.8,g
3252,Fat,1.3,g
3252,Cholesterol,0,mg
3252,Vitamin A,59,mcg
3252,Vitamin B1,0,mg
3252,Vitamin B2,0,mg
3252,Vitamin B3,0.6,mg
3252,Vitamin C,8.2,mg
3252,Folic Acid,8,mcg
3252,Calcium,6.4,mg
3252,Iron,0.2,mg
3252,Magnesium,0,mg
3252,Phosphorus,0,mg
3252,Sodium,17.6,mg
3252,Potassium,118.8,mg
3252,Zinc,0.3,mg
3253,Energy,80,cal
3253,Protein,2.4,g
3253,Carbohydrates,8.9,g
3253,Fiber,0.4,g
3253,Fat,3.8,g
3253,Cholesterol,0,mg
3253,Vitamin A,38.8,mcg
3253,Vitamin B1,0,mg
3253,Vitamin B2,0,mg
3253,Vitamin B3,0,mg
3253,Vitamin C,0.2,mg
3253,Folic Acid,0.5,mcg
3253,Calcium,49.9,mg
3253,Iron,0.2,mg
3253,Magnesium,0,mg
3253,Phosphorus,0,mg
3253,Sodium,1,mg
3253,Potassium,3.5,mg
3253,Zinc,0.1,mg
3254,Energy,80,cal
3254,Protein,2.4,g
3254,Carbohydrates,8.9,g
3254,Fiber,0.4,g
3254,Fat,3.8,g
3254,Cholesterol,0,mg
3254,Vitamin A,38.8,mcg
3254,Vitamin B1,0,mg
3254,Vitamin B2,0,mg
3254,Vitamin B3,0,mg
3254,Vitamin C,0.2,mg
3254,Folic Acid,0.5,mcg
3254,Calcium,49.9,mg
3254,Iron,0.2,mg
3254,Magnesium,0,mg
3254,Phosphorus,0,mg
3254,Sodium,1,mg
3254,Potassium,3.5,mg
3254,Zinc,0.1,mg
3255,Energy,292,cal
3255,Protein,3.6,g
3255,Carbohydrates,31.5,g
3255,Fiber,1.8,g
3255,Fat,17.1,g
3255,Cholesterol,0,mg
3255,Vitamin A,163.6,mcg
3255,Vitamin B1,0.1,mg
3255,Vitamin B2,0,mg
3255,Vitamin B3,0.9,mg
3255,Vitamin C,0,mg
3255,Folic Acid,5.8,mcg
3255,Calcium,5.9,mg
3255,Iron,1.1,mg
3255,Magnesium,0,mg
3255,Phosphorus,0,mg
3255,Sodium,2.9,mg
3255,Potassium,97.3,mg
3255,Zinc,0.5,mg
3256,Energy,23,cal
3256,Protein,0.8,g
3256,Carbohydrates,1.1,g
3256,Fiber,0.2,g
3256,Fat,1.5,g
3256,Cholesterol,2.6,mg
3256,Sodium,21,mg
3260,Energy,97,cal
3260,Protein,3.3,g
3260,Carbohydrates,16.6,g
3260,Fiber,2.7,g
3260,Fat,2,g
3260,Cholesterol,0,mg
3260,Sodium,14.1,mg
3261,Energy,7,cal
3261,Protein,0.4,g
3261,Carbohydrates,1.4,g
3261,Fiber,0.5,g
3261,Fat,0,g
3261,Cholesterol,0,mg
3261,Sodium,1.5,mg
3262,Energy,11,cal
3262,Protein,0.5,g
3262,Carbohydrates,2.2,g
3262,Fiber,0.7,g
3262,Fat,0,g
3262,Cholesterol,0,mg
3262,Sodium,1.8,mg
3263,Energy,103,cal
3263,Protein,3,g
3263,Carbohydrates,1.5,g
3263,Fiber,0.2,g
3263,Fat,9.5,g
3263,Cholesterol,0,mg
3263,Sodium,0,mg
3264,Energy,131,cal
3264,Protein,4.2,g
3264,Carbohydrates,2.1,g
3264,Fiber,0.3,g
3264,Fat,11.8,g
3264,Cholesterol,0,mg
3264,Sodium,0,mg
3265,Energy,172,cal
3265,Protein,4.1,g
3265,Carbohydrates,29.8,g
3265,Fiber,0.2,g
3265,Fat,3.9,g
3265,Cholesterol,0,mg
3265,Vitamin A,137.1,mcg
3265,Vitamin B1,0,mg
3265,Vitamin B2,0,mg
3265,Vitamin B3,0.9,mg
3265,Vitamin C,0.1,mg
3265,Folic Acid,0.3,mcg
3265,Calcium,25.9,mg
3265,Iron,1,mg
3265,Magnesium,0,mg
3265,Phosphorus,0,mg
3265,Sodium,35.1,mg
3265,Potassium,50.3,mg
3265,Zinc,0.3,mg
3266,Energy,76,cal
3266,Protein,0,g
3266,Carbohydrates,0,g
3266,Fiber,0,g
3266,Fat,8.5,g
3266,Cholesterol,0,mg
3266,Sodium,0,mg
3267,Energy,54,cal
3267,Protein,0.1,g
3267,Carbohydrates,7.6,g
3267,Fiber,0,g
3267,Fat,2.7,g
3267,Cholesterol,2.4,mg
3267,Sodium,10,mg
3268,Energy,197,cal
3268,Protein,3.7,g
3268,Carbohydrates,43.5,g
3268,Fiber,18.1,g
3268,Fat,0.8,g
3268,Cholesterol,0.1,mg
3268,Sodium,146.2,mg
3269,Energy,197,cal
3269,Protein,3.7,g
3269,Carbohydrates,43.5,g
3269,Fiber,18.1,g
3269,Fat,0.8,g
3269,Cholesterol,0.1,mg
3269,Sodium,146.2,mg
3270,Energy,25,cal
3270,Protein,0.6,g
3270,Carbohydrates,3.6,g
3270,Fiber,0.2,g
3270,Fat,0.9,g
3270,Cholesterol,0.3,mg
3270,Sodium,5,mg
3271,Energy,155,cal
3271,Protein,1.7,g
3271,Carbohydrates,15.8,g
3271,Fiber,0,g
3271,Fat,9.2,g
3271,Cholesterol,27.8,mg
3271,Sodium,90.3,mg
3272,Energy,78,cal
3272,Protein,2,g
3272,Carbohydrates,8.1,g
3272,Fiber,0,g
3272,Fat,4.2,g
3272,Cholesterol,6.4,mg
3272,Sodium,21.2,mg
3273,Energy,38,cal
3273,Protein,1.7,g
3273,Carbohydrates,1.2,g
3273,Fiber,0,g
3273,Fat,2.8,g
3273,Cholesterol,1.1,mg
3273,Sodium,1.4,mg
3274,Energy,40,cal
3274,Protein,0.3,g
3274,Carbohydrates,2.4,g
3274,Fiber,0.3,g
3274,Fat,3.2,g
3274,Cholesterol,0,mg
3274,Sodium,0,mg
3275,Energy,40,cal
3275,Protein,0.3,g
3275,Carbohydrates,2.4,g
3275,Fiber,0.3,g
3275,Fat,3.2,g
3275,Cholesterol,0,mg
3275,Sodium,0,mg
3276,Energy,170,cal
3276,Protein,0.4,g
3276,Carbohydrates,42,g
3276,Fiber,0.8,g
3276,Fat,0.2,g
3276,Cholesterol,0,mg
3276,Sodium,9.7,mg
3277,Energy,141,cal
3277,Protein,3.7,g
3277,Carbohydrates,4.1,g
3277,Fiber,1.4,g
3277,Fat,13.7,g
3277,Cholesterol,0,mg
3277,Sodium,0,mg
3278,Energy,96,cal
3278,Protein,4.2,g
3278,Carbohydrates,16.4,g
3278,Fiber,2.6,g
3278,Fat,1.7,g
3278,Cholesterol,0,mg
3278,Sodium,0,mg
3279,Energy,204,cal
3279,Protein,3,g
3279,Carbohydrates,46.2,g
3279,Fiber,4.7,g
3279,Fat,0.8,g
3279,Cholesterol,0,mg
3279,Sodium,19.1,mg
3280,Energy,62,cal
3280,Protein,2.5,g
3280,Carbohydrates,1.6,g
3280,Fiber,0.8,g
3280,Fat,5.5,g
3280,Cholesterol,0,mg
3280,Sodium,1.7,mg
3281,Energy,5,cal
3281,Protein,0.4,g
3281,Carbohydrates,0.9,g
3281,Fiber,0.1,g
3281,Fat,0,g
3281,Cholesterol,0,mg
3281,Sodium,0.4,mg
3282,Energy,23,cal
3282,Protein,0.4,g
3282,Carbohydrates,2.7,g
3282,Fiber,0,g
3282,Fat,1.2,g
3282,Cholesterol,0,mg
3282,Vitamin A,11.1,mcg
3282,Vitamin B1,0,mg
3282,Vitamin B2,0,mg
3282,Vitamin B3,0.1,mg
3282,Vitamin C,0,mg
3282,Folic Acid,0,mcg
3282,Calcium,0.8,mg
3282,Iron,0.1,mg
3282,Magnesium,0,mg
3282,Phosphorus,0,mg
3282,Sodium,0.3,mg
3282,Potassium,4.8,mg
3282,Zinc,0,mg
3283,Energy,427,cal
3283,Protein,12.1,g
3283,Carbohydrates,81.3,g
3283,Fiber,0.3,g
3283,Fat,5.8,g
3283,Cholesterol,15,mg
3283,Sodium,59.8,mg
3284,Energy,29,cal
3284,Protein,0.1,g
3284,Carbohydrates,6.7,g
3284,Fiber,1.6,g
3284,Fat,0.2,g
3284,Cholesterol,0,mg
3284,Sodium,13.9,mg
3285,Energy,161,cal
3285,Protein,5.5,g
3285,Carbohydrates,33.4,g
3285,Fiber,1.9,g
3285,Fat,0.6,g
3285,Cholesterol,0,mg
3285,Sodium,4.3,mg
3286,Energy,197,cal
3286,Protein,3.7,g
3286,Carbohydrates,43.5,g
3286,Fiber,18.1,g
3286,Fat,0.8,g
3286,Cholesterol,0.1,mg
3286,Sodium,146.2,mg
3287,Energy,204,cal
3287,Protein,3,g
3287,Carbohydrates,46.2,g
3287,Fiber,4.7,g
3287,Fat,0.8,g
3287,Cholesterol,0,mg
3287,Sodium,19.1,mg
3288,Energy,78,cal
3288,Protein,3.5,g
3288,Carbohydrates,14,g
3288,Fiber,6.6,g
3288,Fat,0.8,g
3288,Cholesterol,0,mg
3288,Sodium,50.3,mg
3289,Energy,0,cal
3289,Protein,0,g
3289,Carbohydrates,0,g
3289,Fiber,0,g
3289,Fat,0,g
3289,Cholesterol,0,mg
3289,Vitamin A,0,mcg
3289,Vitamin B1,0,mg
3289,Vitamin B2,0,mg
3289,Vitamin B3,0,mg
3289,Vitamin C,0,mg
3289,Folic Acid,0,mcg
3289,Calcium,0,mg
3289,Iron,0,mg
3289,Magnesium,0,mg
3289,Phosphorus,0,mg
3289,Sodium,0,mg
3289,Potassium,0,mg
3289,Zinc,0,mg
3290,Energy,104,cal
3290,Protein,4.7,g
3290,Carbohydrates,18.7,g
3290,Fiber,8.8,g
3290,Fat,1,g
3290,Cholesterol,0,mg
3290,Sodium,67.1,mg
3291,Energy,58,cal
3291,Protein,2.6,g
3291,Carbohydrates,2,g
3291,Fiber,1.9,g
3291,Fat,4.4,g
3291,Cholesterol,0,mg
3291,Sodium,1.1,mg
3292,Energy,530,cal
3292,Protein,18.5,g
3292,Carbohydrates,111.2,g
3292,Fiber,9.8,g
3292,Fat,1.2,g
3292,Cholesterol,0,mg
3292,Sodium,26,mg
3293,Energy,37,cal
3293,Protein,1.1,g
3293,Carbohydrates,6.4,g
3293,Fiber,0.2,g
3293,Fat,0.8,g
3293,Cholesterol,0,mg
3293,Vitamin A,8.6,mcg
3293,Vitamin B1,0,mg
3293,Vitamin B2,0,mg
3293,Vitamin B3,0.4,mg
3293,Vitamin C,0,mg
3293,Folic Acid,3.2,mcg
3293,Calcium,4.3,mg
3293,Iron,0.4,mg
3293,Magnesium,0,mg
3293,Phosphorus,0,mg
3293,Sodium,1.8,mg
3293,Potassium,28.4,mg
3293,Zinc,0.2,mg
3294,Energy,220,cal
3294,Protein,6.6,g
3294,Carbohydrates,37.5,g
3294,Fiber,5.4,g
3294,Fat,5.4,g
3294,Cholesterol,0.4,mg
3294,Sodium,267.6,mg
3295,Energy,744,cal
3295,Protein,7.7,g
3295,Carbohydrates,197.6,g
3295,Fiber,3.8,g
3295,Fat,0.8,g
3295,Cholesterol,0,mg
3295,Vitamin A,0,mcg
3295,Vitamin B1,0,mg
3295,Vitamin B2,0,mg
3295,Vitamin B3,0.1,mg
3295,Vitamin C,37.4,mg
3295,Folic Acid,6.8,mcg
3295,Calcium,177,mg
3295,Iron,1.4,mg
3295,Magnesium,0,mg
3295,Phosphorus,0,mg
3295,Sodium,11.4,mg
3295,Potassium,1405.8,mg
3295,Zinc,22.9,mg
3296,Energy,28,cal
3296,Protein,1,g
3296,Carbohydrates,1.9,g
3296,Fiber,0,g
3296,Fat,1.4,g
3296,Cholesterol,0,mg
3296,Vitamin A,34.3,mcg
3296,Vitamin B1,0,mg
3296,Vitamin B2,0,mg
3296,Vitamin B3,0,mg
3296,Vitamin C,0.2,mg
3296,Folic Acid,1.2,mcg
3296,Calcium,45.5,mg
3296,Iron,0,mg
3296,Magnesium,0,mg
3296,Phosphorus,0,mg
3296,Sodium,4.1,mg
3296,Potassium,24.4,mg
3296,Zinc,0.1,mg
3297,Energy,348,cal
3297,Protein,9.5,g
3297,Carbohydrates,37.8,g
3297,Fiber,1.3,g
3297,Fat,13.2,g
3297,Cholesterol,32,mg
3297,Sodium,64.8,mg
3299,Energy,289,cal
3299,Protein,7.3,g
3299,Carbohydrates,35.3,g
3299,Fiber,1.3,g
3299,Fat,10,g
3299,Cholesterol,24,mg
3299,Sodium,55.3,mg
3300,Energy,586,cal
3300,Protein,4.5,g
3300,Carbohydrates,55.6,g
3300,Fiber,4.4,g
3300,Fat,39.4,g
3300,Cholesterol,0,mg
3300,Vitamin A,372.1,mcg
3300,Vitamin B1,0.5,mg
3300,Vitamin B2,0.2,mg
3300,Vitamin B3,3.8,mg
3300,Vitamin C,18.8,mg
3300,Folic Acid,77.4,mcg
3300,Calcium,52.9,mg
3300,Iron,2.4,mg
3300,Magnesium,0,mg
3300,Phosphorus,0,mg
3300,Sodium,14,mg
3300,Potassium,414.2,mg
3300,Zinc,2.4,mg
3301,Energy,71,cal
3301,Protein,0.1,g
3301,Carbohydrates,19.1,g
3301,Fiber,0.1,g
3301,Fat,0,g
3301,Cholesterol,0,mg
3301,Sodium,1,mg
3302,Energy,16,cal
3302,Protein,0.2,g
3302,Carbohydrates,3.7,g
3302,Fiber,0.3,g
3302,Fat,0.1,g
3302,Cholesterol,0,mg
3302,Sodium,0.4,mg
3303,Energy,16,cal
3303,Protein,0.2,g
3303,Carbohydrates,3.7,g
3303,Fiber,0.3,g
3303,Fat,0.1,g
3303,Cholesterol,0,mg
3303,Sodium,0.4,mg
3304,Energy,479,cal
3304,Protein,10,g
3304,Carbohydrates,65,g
3304,Fiber,4,g
3304,Fat,20.1,g
3304,Cholesterol,0,mg
3304,Vitamin A,923.7,mcg
3304,Vitamin B1,-0.2,mg
3304,Vitamin B2,-0.3,mg
3304,Vitamin B3,0.9,mg
3304,Vitamin C,40.8,mg
3304,Folic Acid,6.4,mcg
3304,Calcium,205.7,mg
3304,Iron,0.8,mg
3304,Magnesium,0,mg
3304,Phosphorus,0,mg
3304,Sodium,4.7,mg
3304,Potassium,57.4,mg
3304,Zinc,1.4,mg
3305,Energy,33,cal
3305,Protein,0,g
3305,Carbohydrates,8.9,g
3305,Fiber,0,g
3305,Fat,0,g
3305,Cholesterol,0,mg
3305,Sodium,0.4,mg
3307,Energy,242,cal
3307,Protein,0.2,g
3307,Carbohydrates,4.1,g
3307,Fiber,0.2,g
3307,Fat,25.1,g
3307,Cholesterol,0,mg
3307,Vitamin A,225,mcg
3307,Vitamin B1,0,mg
3307,Vitamin B2,0,mg
3307,Vitamin B3,0,mg
3307,Vitamin C,4.4,mg
3307,Folic Acid,0.1,mcg
3307,Calcium,9.6,mg
3307,Iron,0,mg
3307,Magnesium,0,mg
3307,Phosphorus,0,mg
3307,Sodium,0.2,mg
3307,Potassium,48.2,mg
3307,Zinc,0.4,mg
3308,Energy,242,cal
3308,Protein,0.2,g
3308,Carbohydrates,4.1,g
3308,Fiber,0.2,g
3308,Fat,25.1,g
3308,Cholesterol,0,mg
3308,Vitamin A,225,mcg
3308,Vitamin B1,0,mg
3308,Vitamin B2,0,mg
3308,Vitamin B3,0,mg
3308,Vitamin C,4.4,mg
3308,Folic Acid,0.1,mcg
3308,Calcium,9.6,mg
3308,Iron,0,mg
3308,Magnesium,0,mg
3308,Phosphorus,0,mg
3308,Sodium,0.2,mg
3308,Potassium,48.2,mg
3308,Zinc,0.4,mg
3309,Energy,91,cal
3309,Protein,1.7,g
3309,Carbohydrates,12.4,g
3309,Fiber,0.9,g
3309,Fat,4.1,g
3309,Cholesterol,0,mg
3309,Sodium,105,mg
3310,Energy,51,cal
3310,Protein,1.1,g
3310,Carbohydrates,8.8,g
3310,Fiber,8.3,g
3310,Fat,1.4,g
3310,Cholesterol,0,mg
3310,Sodium,104.6,mg
3311,Energy,51,cal
3311,Protein,1.1,g
3311,Carbohydrates,8.8,g
3311,Fiber,8.3,g
3311,Fat,1.4,g
3311,Cholesterol,0,mg
3311,Sodium,104.6,mg
3312,Energy,51,cal
3312,Protein,1.1,g
3312,Carbohydrates,8.8,g
3312,Fiber,8.3,g
3312,Fat,1.4,g
3312,Cholesterol,0,mg
3312,Sodium,104.6,mg
3313,Energy,51,cal
3313,Protein,1.1,g
3313,Carbohydrates,8.8,g
3313,Fiber,8.3,g
3313,Fat,1.4,g
3313,Cholesterol,0,mg
3313,Sodium,104.6,mg
3314,Energy,61,cal
3314,Protein,1.5,g
3314,Carbohydrates,7.6,g
3314,Fiber,1.3,g
3314,Fat,2.9,g
3314,Cholesterol,0,mg
3314,Sodium,2.6,mg
3315,Energy,27,cal
3315,Protein,1.1,g
3315,Carbohydrates,2.8,g
3315,Fiber,0.4,g
3315,Fat,1.3,g
3315,Cholesterol,0,mg
3315,Sodium,1.1,mg
3316,Energy,130,cal
3316,Protein,3.9,g
3316,Carbohydrates,23.3,g
3316,Fiber,0.8,g
3316,Fat,2.5,g
3316,Cholesterol,0,mg
3316,Vitamin A,223,mcg
3316,Vitamin B1,0.1,mg
3316,Vitamin B2,0.1,mg
3316,Vitamin B3,0.7,mg
3316,Vitamin C,15.5,mg
3316,Folic Acid,6,mcg
3316,Calcium,27.9,mg
3316,Iron,0.6,mg
3316,Magnesium,0,mg
3316,Phosphorus,0,mg
3316,Sodium,122.9,mg
3316,Potassium,96.7,mg
3316,Zinc,0.2,mg
3317,Energy,448,cal
3317,Protein,2.4,g
3317,Carbohydrates,107.7,g
3317,Fiber,3.3,g
3317,Fat,0.8,g
3317,Cholesterol,0,mg
3317,Vitamin A,374.9,mcg
3317,Vitamin B1,0.3,mg
3317,Vitamin B2,0.2,mg
3317,Vitamin B3,1.9,mg
3317,Vitamin C,28.8,mg
3317,Folic Acid,66.9,mcg
3317,Calcium,72.4,mg
3317,Iron,1.8,mg
3317,Magnesium,0,mg
3317,Phosphorus,0,mg
3317,Sodium,14.5,mg
3317,Potassium,200.4,mg
3317,Zinc,0.3,mg
3319,Energy,142,cal
3319,Protein,2.4,g
3319,Carbohydrates,15.2,g
3319,Fiber,3.7,g
3319,Fat,8.1,g
3319,Cholesterol,0,mg
3319,Sodium,189.2,mg
3320,Energy,133,cal
3320,Protein,2,g
3320,Carbohydrates,13.4,g
3320,Fiber,2.5,g
3320,Fat,8,g
3320,Cholesterol,0,mg
3320,Vitamin A,468,mcg
3320,Vitamin B1,0.2,mg
3320,Vitamin B2,0.1,mg
3320,Vitamin B3,1.4,mg
3320,Vitamin C,16.3,mg
3320,Folic Acid,31.4,mcg
3320,Calcium,63.7,mg
3320,Iron,1.8,mg
3320,Magnesium,0,mg
3320,Phosphorus,0,mg
3320,Sodium,294,mg
3320,Potassium,95.6,mg
3320,Zinc,0.4,mg
3321,Energy,133,cal
3321,Protein,2,g
3321,Carbohydrates,13.4,g
3321,Fiber,2.5,g
3321,Fat,8,g
3321,Cholesterol,0,mg
3321,Vitamin A,468,mcg
3321,Vitamin B1,0.2,mg
3321,Vitamin B2,0.1,mg
3321,Vitamin B3,1.4,mg
3321,Vitamin C,16.3,mg
3321,Folic Acid,31.4,mcg
3321,Calcium,63.7,mg
3321,Iron,1.8,mg
3321,Magnesium,0,mg
3321,Phosphorus,0,mg
3321,Sodium,294,mg
3321,Potassium,95.6,mg
3321,Zinc,0.4,mg
3323,Energy,83,cal
3323,Protein,0.6,g
3323,Carbohydrates,2.4,g
3323,Fiber,0.7,g
3323,Fat,7.9,g
3323,Cholesterol,0,mg
3323,Vitamin A,213.6,mcg
3323,Vitamin B1,0,mg
3323,Vitamin B2,0,mg
3323,Vitamin B3,0.1,mg
3323,Vitamin C,12.4,mg
3323,Folic Acid,2.6,mcg
3323,Calcium,11.6,mg
3323,Iron,0.3,mg
3323,Magnesium,0,mg
3323,Phosphorus,0,mg
3323,Sodium,178,mg
3323,Potassium,31.1,mg
3323,Zinc,0.1,mg
3324,Energy,68,cal
3324,Protein,1.9,g
3324,Carbohydrates,12.5,g
3324,Fiber,2.4,g
3324,Fat,1.5,g
3324,Cholesterol,0,mg
3324,Sodium,40.8,mg
3325,Energy,68,cal
3325,Protein,1.9,g
3325,Carbohydrates,12.5,g
3325,Fiber,2.4,g
3325,Fat,1.5,g
3325,Cholesterol,0,mg
3325,Sodium,40.8,mg
3326,Energy,31,cal
3326,Protein,0,g
3326,Carbohydrates,7.7,g
3326,Fiber,0,g
3326,Fat,0,g
3326,Cholesterol,0,mg
3326,Sodium,0,mg
3327,Energy,18,cal
3327,Protein,0.9,g
3327,Carbohydrates,4.3,g
3327,Fiber,0.3,g
3327,Fat,0,g
3327,Cholesterol,0,mg
3327,Sodium,68.4,mg
3328,Energy,136,cal
3328,Protein,0.5,g
3328,Carbohydrates,27.3,g
3328,Fiber,5.7,g
3328,Fat,1,g
3328,Cholesterol,0,mg
3328,Sodium,49.1,mg
3329,Energy,52,cal
3329,Protein,0.9,g
3329,Carbohydrates,6.2,g
3329,Fiber,1.8,g
3329,Fat,2.6,g
3329,Cholesterol,0,mg
3329,Vitamin A,302.1,mcg
3329,Vitamin B1,0,mg
3329,Vitamin B2,0,mg
3329,Vitamin B3,0.4,mg
3329,Vitamin C,26.9,mg
3329,Folic Acid,11.5,mcg
3329,Calcium,27.8,mg
3329,Iron,0.6,mg
3329,Magnesium,0,mg
3329,Phosphorus,0,mg
3329,Sodium,14.2,mg
3329,Potassium,68.4,mg
3329,Zinc,0.3,mg
3330,Energy,43,calories
3330,Protein,1.2,gm
3330,Carbohydrates,6.6,gm
3330,Fat,1.4,gm
3330,Vitamin C,27,mg
3330,Folic acid,11.4,mcg
3331,Energy,235,cal
3331,Protein,6.3,g
3331,Carbohydrates,17,g
3331,Fiber,0,g
3331,Fat,16.5,g
3331,Cholesterol,16,mg
3331,Sodium,19.7,mg
3332,Energy,285,cal
3332,Protein,7.5,g
3332,Carbohydrates,34.3,g
3332,Fiber,0.9,g
3332,Fat,13.6,g
3332,Cholesterol,4,mg
3332,Sodium,7.8,mg
3333,Energy,286,cal
3333,Protein,7.2,g
3333,Carbohydrates,33.7,g
3333,Fiber,0.5,g
3333,Fat,14.1,g
3333,Cholesterol,0,mg
3333,Vitamin A,200.9,mcg
3333,Vitamin B1,-0.3,mg
3333,Vitamin B2,-0.3,mg
3333,Vitamin B3,-0.1,mg
3333,Vitamin C,1.3,mg
3333,Folic Acid,2,mcg
3333,Calcium,229.1,mg
3333,Iron,0.5,mg
3333,Magnesium,0,mg
3333,Phosphorus,0,mg
3333,Sodium,7.1,mg
3333,Potassium,76.4,mg
3333,Zinc,0,mg
3334,Energy,208,cal
3334,Protein,4.8,g
3334,Carbohydrates,32.8,g
3334,Fiber,0.1,g
3334,Fat,6.3,g
3334,Cholesterol,6.5,mg
3334,Sodium,508,mg
3335,Energy,81,cal
3335,Protein,0.6,g
3335,Carbohydrates,17,g
3335,Fiber,1,g
3335,Fat,1.1,g
3335,Cholesterol,3,mg
3335,Sodium,27.4,mg
3336,Energy,248,cal
3336,Protein,4.2,g
3336,Carbohydrates,29.6,g
3336,Fiber,0.4,g
3336,Fat,12.8,g
3336,Cholesterol,8.4,mg
3336,Sodium,25.9,mg
3337,Energy,82,cal
3337,Protein,1.3,g
3337,Carbohydrates,5.1,g
3337,Fiber,0,g
3337,Fat,8,g
3337,Cholesterol,7,mg
3337,Sodium,22.4,mg
3338,Energy,113,cal
3338,Protein,1.9,g
3338,Carbohydrates,10.9,g
3338,Fiber,1.4,g
3338,Fat,7.6,g
3338,Cholesterol,0,mg
3338,Vitamin A,457.1,mcg
3338,Vitamin B1,0.1,mg
3338,Vitamin B2,0.1,mg
3338,Vitamin B3,0.2,mg
3338,Vitamin C,17.4,mg
3338,Calcium,20.4,mg
3338,Iron,0.4,mg
3338,Folic Acid,21.4,mcg
3338,Sodium,5.6,mg
3338,Pottasium,121.3,mg
3338,Zinc,0.2,mg
3339,Energy,27,cal
3339,Protein,0.2,g
3339,Carbohydrates,2.2,g
3339,Fiber,0.1,g
3339,Fat,2,g
3339,Cholesterol,0,mg
3339,Sodium,66.6,mg
3340,Energy,16,cal
3340,Protein,0.4,g
3340,Carbohydrates,0.9,g
3340,Fiber,0.2,g
3340,Fat,1.3,g
3340,Cholesterol,3.8,mg
3340,Sodium,13.1,mg
3341,Energy,11,cal
3341,Protein,0.1,g
3341,Carbohydrates,0.8,g
3341,Fiber,0.2,g
3341,Fat,0.7,g
3341,Cholesterol,0,mg
3341,Vitamin A,45.5,mcg
3341,Vitamin B1,0,mg
3341,Vitamin B2,0,mg
3341,Vitamin B3,0.1,mg
3341,Vitamin C,3.4,mg
3341,Folic Acid,3.5,mcg
3341,Calcium,7,mg
3341,Iron,0.1,mg
3341,Magnesium,0,mg
3341,Phosphorus,0,mg
3341,Sodium,1.6,mg
3341,Potassium,20.6,mg
3341,Zinc,0,mg
3342,Energy,136,cal
3342,Protein,0.8,g
3342,Carbohydrates,19.7,g
3342,Fiber,2.2,g
3342,Fat,6,g
3342,Cholesterol,0,mg
3342,Vitamin A,411.2,mcg
3342,Vitamin B1,0,mg
3342,Vitamin B2,0,mg
3342,Vitamin B3,0.2,mg
3342,Vitamin C,49.1,mg
3342,Folic Acid,1.7,mcg
3342,Calcium,30.7,mg
3342,Iron,1.6,mg
3342,Magnesium,0,mg
3342,Phosphorus,0,mg
3342,Sodium,59.7,mg
3342,Potassium,5.4,mg
3342,Zinc,0,mg
3344,Energy,56,cal
3344,Protein,1.1,g
3344,Carbohydrates,12.6,g
3344,Fiber,1.4,g
3344,Fat,0.2,g
3344,Cholesterol,0,mg
3344,Sodium,10.5,mg
3345,Energy,92,cal
3345,Protein,1.5,g
3345,Carbohydrates,21.5,g
3345,Fiber,1.6,g
3345,Fat,0.1,g
3345,Cholesterol,0,mg
3345,Vitamin A,22.8,mcg
3345,Vitamin B1,0.1,mg
3345,Vitamin B2,0,mg
3345,Vitamin B3,1.1,mg
3345,Vitamin C,16.1,mg
3345,Folic Acid,16.1,mcg
3345,Calcium,9.5,mg
3345,Iron,0.5,mg
3345,Magnesium,0,mg
3345,Phosphorus,0,mg
3345,Sodium,10.4,mg
3345,Potassium,234.6,mg
3345,Zinc,0.5,mg
3346,Energy,92,cal
3346,Protein,1.5,g
3346,Carbohydrates,21.5,g
3346,Fiber,1.6,g
3346,Fat,0.1,g
3346,Cholesterol,0,mg
3346,Vitamin A,22.8,mcg
3346,Vitamin B1,0.1,mg
3346,Vitamin B2,0,mg
3346,Vitamin B3,1.1,mg
3346,Vitamin C,16.1,mg
3346,Folic Acid,16.1,mcg
3346,Calcium,9.5,mg
3346,Iron,0.5,mg
3346,Magnesium,0,mg
3346,Phosphorus,0,mg
3346,Sodium,10.4,mg
3346,Potassium,234.6,mg
3346,Zinc,0.5,mg
3347,Energy,299,cal
3347,Protein,13,g
3347,Carbohydrates,50.9,g
3347,Fiber,8.1,g
3347,Fat,5.3,g
3347,Cholesterol,0,mg
3347,Sodium,0,mg
3348,Energy,299,cal
3348,Protein,13,g
3348,Carbohydrates,50.9,g
3348,Fiber,8.1,g
3348,Fat,5.3,g
3348,Cholesterol,0,mg
3348,Sodium,0,mg
3349,Energy,203,cal
3349,Protein,3.3,g
3349,Carbohydrates,38.4,g
3349,Fiber,2,g
3349,Fat,4,g
3349,Cholesterol,0,mg
3349,Vitamin A,33.4,mcg
3349,Vitamin B1,0,mg
3349,Vitamin B2,0,mg
3349,Vitamin B3,0.9,mg
3349,Vitamin C,0,mg
3349,Folic Acid,3.9,mcg
3349,Calcium,4.9,mg
3349,Iron,0.3,mg
3349,Magnesium,0,mg
3349,Phosphorus,0,mg
3349,Sodium,0,mg
3349,Potassium,0,mg
3349,Zinc,0.6,mg
3350,Energy,122,cal
3350,Protein,4.4,g
3350,Carbohydrates,30.6,g
3350,Fiber,3.1,g
3350,Fat,0.1,g
3350,Cholesterol,0,mg
3350,Vitamin A,22.3,mcg
3350,Vitamin B1,0.1,mg
3350,Vitamin B2,0.1,mg
3350,Vitamin B3,0.2,mg
3350,Vitamin C,4,mg
3350,Folic Acid,30.4,mcg
3350,Calcium,3.6,mg
3350,Iron,0.5,mg
3350,Magnesium,0,mg
3350,Phosphorus,0,mg
3350,Sodium,7.3,mg
3350,Potassium,207,mg
3350,Zinc,0.5,mg
3351,Energy,275,cal
3351,Protein,6.4,g
3351,Carbohydrates,37.3,g
3351,Fiber,0,g
3351,Fat,10.8,g
3351,Cholesterol,0,mg
3351,Vitamin A,90,mcg
3351,Vitamin B1,0.5,mg
3351,Vitamin B2,0.2,mg
3351,Vitamin B3,3.8,mg
3351,Vitamin C,0,mg
3351,Folic Acid,8.8,mcg
3351,Calcium,9,mg
3351,Iron,1.9,mg
3351,Magnesium,0,mg
3351,Phosphorus,0,mg
3351,Sodium,3.8,mg
3351,Potassium,81,mg
3351,Zinc,0.6,mg
3352,Energy,16,cal
3352,Protein,0.7,g
3352,Carbohydrates,2.9,g
3352,Fiber,1.4,g
3352,Fat,0.2,g
3352,Cholesterol,0,mg
3352,Vitamin A,280.8,mcg
3352,Vitamin B1,0.1,mg
3352,Vitamin B2,0,mg
3352,Vitamin B3,0.3,mg
3352,Vitamin C,21.6,mg
3352,Folic Acid,24,mcg
3352,Calcium,38.4,mg
3352,Iron,0.5,mg
3352,Magnesium,0,mg
3352,Phosphorus,0,mg
3352,Sodium,10.3,mg
3352,Potassium,116.8,mg
3352,Zinc,0,mg
3355,Energy,68,cal
3355,Protein,2.3,g
3355,Carbohydrates,3.9,g
3355,Fiber,3.4,g
3355,Fat,5.3,g
3355,Cholesterol,0,mg
3355,Sodium,114.5,mg
3356,Energy,68,cal
3356,Protein,2.3,g
3356,Carbohydrates,3.9,g
3356,Fiber,3.4,g
3356,Fat,5.3,g
3356,Cholesterol,0,mg
3356,Sodium,114.5,mg
3357,Energy,130,cal
3357,Protein,2.6,g
3357,Carbohydrates,15.7,g
3357,Fiber,2.6,g
3357,Fat,6.7,g
3357,Cholesterol,0,mg
3357,Sodium,4.3,mg
3358,Energy,130,cal
3358,Protein,2.6,g
3358,Carbohydrates,15.7,g
3358,Fiber,2.6,g
3358,Fat,6.7,g
3358,Cholesterol,0,mg
3358,Sodium,4.3,mg
3359,Energy,65,cal
3359,Protein,1.5,g
3359,Carbohydrates,10.2,g
3359,Fiber,0,g
3359,Fat,2,g
3359,Cholesterol,0,mg
3359,Vitamin A,38.7,mcg
3359,Vitamin B1,0,mg
3359,Vitamin B2,0,mg
3359,Vitamin B3,0.3,mg
3359,Vitamin C,0,mg
3359,Folic Acid,0,mcg
3359,Calcium,3.2,mg
3359,Iron,0.4,mg
3359,Magnesium,0,mg
3359,Phosphorus,0,mg
3359,Sodium,7.5,mg
3359,Potassium,18.1,mg
3359,Zinc,0.1,mg
3360,Energy,263,cal
3360,Protein,8.1,g
3360,Carbohydrates,56.5,g
3360,Fiber,3.2,g
3360,Fat,0.5,g
3360,Cholesterol,0,mg
3360,Sodium,9.9,mg
3363,Energy,148,cal
3363,Protein,2.9,g
3363,Carbohydrates,33.6,g
3363,Fiber,1.8,g
3363,Fat,0.2,g
3363,Cholesterol,0,mg
3363,Vitamin A,0,mcg
3363,Vitamin B1,0,mg
3363,Vitamin B2,0,mg
3363,Vitamin B3,0.8,mg
3363,Vitamin C,0,mg
3363,Folic Acid,3.4,mcg
3363,Calcium,4.3,mg
3363,Iron,0.3,mg
3363,Magnesium,0,mg
3363,Phosphorus,0,mg
3363,Sodium,0,mg
3363,Potassium,0,mg
3363,Zinc,0.6,mg
3364,Energy,490,cal
3364,Protein,15.6,g
3364,Carbohydrates,103.8,g
3364,Fiber,0,g
3364,Fat,1.4,g
3364,Cholesterol,0,mg
3364,Vitamin A,0,mcg
3364,Vitamin B1,0.1,mg
3364,Vitamin B2,0,mg
3364,Vitamin B3,1.4,mg
3364,Vitamin C,0,mg
3364,Folic Acid,0,mcg
3364,Calcium,22,mg
3364,Iron,2.2,mg
3364,Magnesium,0,mg
3364,Phosphorus,0,mg
3364,Sodium,0,mg
3364,Potassium,0,mg
3364,Zinc,0,mg
3365,Energy,490,cal
3365,Protein,15.6,g
3365,Carbohydrates,103.8,g
3365,Fiber,0,g
3365,Fat,1.4,g
3365,Cholesterol,0,mg
3365,Vitamin A,0,mcg
3365,Vitamin B1,0.1,mg
3365,Vitamin B2,0,mg
3365,Vitamin B3,1.4,mg
3365,Vitamin C,0,mg
3365,Folic Acid,0,mcg
3365,Calcium,22,mg
3365,Iron,2.2,mg
3365,Magnesium,0,mg
3365,Phosphorus,0,mg
3365,Sodium,0,mg
3365,Potassium,0,mg
3365,Zinc,0,mg
3366,Energy,24,cal
3366,Protein,1.8,g
3366,Carbohydrates,3.4,g
3366,Fiber,2.3,g
3366,Fat,0.3,g
3366,Cholesterol,0,mg
3366,Vitamin A,3735.7,mcg
3366,Vitamin B1,0,mg
3366,Vitamin B2,0,mg
3366,Vitamin B3,0.4,mg
3366,Vitamin C,72.9,mg
3366,Folic Acid,0,mcg
3366,Calcium,99.4,mg
3366,Iron,0.8,mg
3366,Magnesium,0,mg
3366,Phosphorus,0,mg
3366,Sodium,31.5,mg
3366,Potassium,138.2,mg
3366,Zinc,0.2,mg
3367,Energy,24,cal
3367,Protein,1.8,g
3367,Carbohydrates,3.4,g
3367,Fiber,2.3,g
3367,Fat,0.3,g
3367,Cholesterol,0,mg
3367,Vitamin A,3735.7,mcg
3367,Vitamin B1,0,mg
3367,Vitamin B2,0,mg
3367,Vitamin B3,0.4,mg
3367,Vitamin C,72.9,mg
3367,Folic Acid,0,mcg
3367,Calcium,99.4,mg
3367,Iron,0.8,mg
3367,Magnesium,0,mg
3367,Phosphorus,0,mg
3367,Sodium,31.5,mg
3367,Potassium,138.2,mg
3367,Zinc,0.2,mg
3368,Energy,24,cal
3368,Protein,1.8,g
3368,Carbohydrates,3.4,g
3368,Fiber,2.3,g
3368,Fat,0.3,g
3368,Cholesterol,0,mg
3368,Vitamin A,3735.7,mcg
3368,Vitamin B1,0,mg
3368,Vitamin B2,0,mg
3368,Vitamin B3,0.4,mg
3368,Vitamin C,72.9,mg
3368,Folic Acid,0,mcg
3368,Calcium,99.4,mg
3368,Iron,0.8,mg
3368,Magnesium,0,mg
3368,Phosphorus,0,mg
3368,Sodium,31.5,mg
3368,Potassium,138.2,mg
3368,Zinc,0.2,mg
3369,Energy,10,cal
3369,Protein,0,g
3369,Carbohydrates,2.2,g
3369,Fiber,0.5,g
3369,Fat,0.1,g
3369,Cholesterol,0,mg
3369,Sodium,4.6,mg
3370,Energy,53,cal
3370,Protein,1.1,g
3370,Carbohydrates,3.4,g
3370,Fiber,0,g
3370,Fat,5.7,g
3370,Cholesterol,0,mg
3370,Sodium,0.4,mg
3371,Energy,116,cal
3371,Protein,0.1,g
3371,Carbohydrates,0,g
3371,Fiber,0,g
3371,Fat,13.1,g
3371,Cholesterol,34.8,mg
3371,Sodium,1.8,mg
3372,Energy,351,cal
3372,Protein,12.9,g
3372,Carbohydrates,15,g
3372,Fiber,0,g
3372,Fat,19.5,g
3372,Cholesterol,48,mg
3372,Sodium,57,mg
3373,Energy,70,cal
3373,Protein,0.5,g
3373,Carbohydrates,0.7,g
3373,Fiber,0,g
3373,Fat,7.4,g
3373,Cholesterol,0,mg
3373,Sodium,8.3,mg
3374,Energy,136,cal
3374,Protein,3.2,g
3374,Carbohydrates,15.7,g
3374,Fiber,0,g
3374,Fat,4.9,g
3374,Cholesterol,12,mg
3374,Sodium,14.2,mg
3375,Energy,15,cal
3375,Protein,0.9,g
3375,Carbohydrates,2.6,g
3375,Fiber,2.5,g
3375,Fat,0.1,g
3375,Cholesterol,0,mg
3375,Sodium,1.4,mg
3376,Energy,15,cal
3376,Protein,0.9,g
3376,Carbohydrates,2.6,g
3376,Fiber,2.5,g
3376,Fat,0.1,g
3376,Cholesterol,0,mg
3376,Sodium,1.4,mg
3377,Energy,36,cal
3377,Protein,0.4,g
3377,Carbohydrates,6.1,g
3377,Fiber,0.2,g
3377,Fat,1.1,g
3377,Cholesterol,0,mg
3377,Sodium,0,mg
3378,Energy,132,cal
3378,Protein,1.5,g
3378,Carbohydrates,30.2,g
3378,Fiber,10.9,g
3378,Fat,0.5,g
3378,Cholesterol,0,mg
3378,Sodium,15.5,mg
3379,Energy,132,cal
3379,Protein,1.5,g
3379,Carbohydrates,30.2,g
3379,Fiber,10.9,g
3379,Fat,0.5,g
3379,Cholesterol,0,mg
3379,Sodium,15.5,mg
3380,Energy,138,cal
3380,Protein,2.7,g
3380,Carbohydrates,31.3,g
3380,Fiber,1.6,g
3380,Fat,0.2,g
3380,Cholesterol,0,mg
3380,Vitamin A,0,mcg
3380,Vitamin B1,0,mg
3380,Vitamin B2,0,mg
3380,Vitamin B3,0.8,mg
3380,Vitamin C,0,mg
3380,Folic Acid,3.2,mcg
3380,Calcium,4,mg
3380,Iron,0.3,mg
3380,Magnesium,0,mg
3380,Phosphorus,0,mg
3380,Sodium,0,mg
3380,Potassium,0,mg
3380,Zinc,0.5,mg
3381,Energy,124,cal
3381,Protein,9.5,g
3381,Carbohydrates,13.8,g
3381,Fiber,11.9,g
3381,Fat,3.3,g
3381,Cholesterol,0,mg
3381,Vitamin A,26560.8,mcg
3381,Vitamin B1,0.1,mg
3381,Vitamin B2,1.2,mg
3381,Vitamin B3,2.4,mg
3381,Vitamin C,133.3,mg
3381,Folic Acid,585.5,mcg
3381,Calcium,347.5,mg
3381,Iron,5.4,mg
3381,Magnesium,0,mg
3381,Phosphorus,0,mg
3381,Sodium,280.4,mg
3381,Potassium,980.6,mg
3381,Zinc,1.4,mg
3382,Energy,124,cal
3382,Protein,9.5,g
3382,Carbohydrates,13.8,g
3382,Fiber,11.9,g
3382,Fat,3.3,g
3382,Cholesterol,0,mg
3382,Vitamin A,26560.8,mcg
3382,Vitamin B1,0.1,mg
3382,Vitamin B2,1.2,mg
3382,Vitamin B3,2.4,mg
3382,Vitamin C,133.3,mg
3382,Folic Acid,585.5,mcg
3382,Calcium,347.5,mg
3382,Iron,5.4,mg
3382,Magnesium,0,mg
3382,Phosphorus,0,mg
3382,Sodium,280.4,mg
3382,Potassium,980.6,mg
3382,Zinc,1.4,mg
3383,Energy,124,cal
3383,Protein,9.5,g
3383,Carbohydrates,13.8,g
3383,Fiber,11.9,g
3383,Fat,3.3,g
3383,Cholesterol,0,mg
3383,Vitamin A,26560.8,mcg
3383,Vitamin B1,0.1,mg
3383,Vitamin B2,1.2,mg
3383,Vitamin B3,2.4,mg
3383,Vitamin C,133.3,mg
3383,Folic Acid,585.5,mcg
3383,Calcium,347.5,mg
3383,Iron,5.4,mg
3383,Magnesium,0,mg
3383,Phosphorus,0,mg
3383,Sodium,280.4,mg
3383,Potassium,980.6,mg
3383,Zinc,1.4,mg
3384,Energy,67,cal
3384,Protein,2.3,g
3384,Carbohydrates,3.6,g
3384,Fiber,3.4,g
3384,Fat,5.3,g
3384,Cholesterol,0,mg
3384,Sodium,3.8,mg
3386,Energy,20,cal
3386,Protein,0.8,g
3386,Carbohydrates,2.5,g
3386,Fiber,0,g
3386,Fat,0.9,g
3386,Cholesterol,0,mg
3386,Sodium,0.8,mg
3387,Energy,63,cal
3387,Protein,2.2,g
3387,Carbohydrates,2.1,g
3387,Fiber,0.9,g
3387,Fat,5.5,g
3387,Cholesterol,0,mg
3387,Sodium,1,mg
3388,Energy,63,cal
3388,Protein,2.2,g
3388,Carbohydrates,2.1,g
3388,Fiber,0.9,g
3388,Fat,5.5,g
3388,Cholesterol,0,mg
3388,Sodium,1,mg
3389,Energy,63,cal
3389,Protein,2.2,g
3389,Carbohydrates,2.1,g
3389,Fiber,0.9,g
3389,Fat,5.5,g
3389,Cholesterol,0,mg
3389,Sodium,1,mg
3390,Energy,63,cal
3390,Protein,2.2,g
3390,Carbohydrates,2.1,g
3390,Fiber,0.9,g
3390,Fat,5.5,g
3390,Cholesterol,0,mg
3390,Sodium,1,mg
3394,Energy,195,cal
3394,Protein,9.6,g
3394,Carbohydrates,30.6,g
3394,Fiber,4.1,g
3394,Fat,4.1,g
3394,Cholesterol,0,mg
3394,Sodium,17.4,mg
3395,Energy,389,cal
3395,Protein,11,g
3395,Carbohydrates,35.3,g
3395,Fiber,1.3,g
3395,Fat,18.8,g
3395,Cholesterol,25.9,mg
3395,Sodium,32.5,mg
3396,Energy,187,cal
3396,Protein,5.4,g
3396,Carbohydrates,13.9,g
3396,Fiber,2.6,g
3396,Fat,11,g
3396,Cholesterol,10.7,mg
3396,Sodium,24.8,mg
3397,Energy,73,cal
3397,Protein,1.3,g
3397,Carbohydrates,10.2,g
3397,Fiber,0,g
3397,Fat,2.9,g
3397,Cholesterol,7.9,mg
3397,Sodium,26,mg
3398,Energy,73,cal
3398,Protein,1.3,g
3398,Carbohydrates,10.2,g
3398,Fiber,0,g
3398,Fat,2.9,g
3398,Cholesterol,7.9,mg
3398,Sodium,26,mg
3399,Energy,73,cal
3399,Protein,1.3,g
3399,Carbohydrates,10.2,g
3399,Fiber,0,g
3399,Fat,2.9,g
3399,Cholesterol,7.9,mg
3399,Sodium,26,mg
3400,Energy,265,cal
3400,Protein,8.7,g
3400,Carbohydrates,29.6,g
3400,Fiber,3.8,g
3400,Fat,11.1,g
3400,Cholesterol,9.2,mg
3400,Sodium,26.4,mg
3401,Energy,143,cal
3401,Protein,1.7,g
3401,Carbohydrates,15.6,g
3401,Fiber,2.1,g
3401,Fat,8,g
3401,Cholesterol,0,mg
3401,Sodium,30.8,mg
3402,Energy,143,cal
3402,Protein,1.7,g
3402,Carbohydrates,15.6,g
3402,Fiber,2.1,g
3402,Fat,8,g
3402,Cholesterol,0,mg
3402,Sodium,30.8,mg
3403,Energy,347,cal
3403,Protein,3,g
3403,Carbohydrates,69.8,g
3403,Fiber,0.3,g
3403,Fat,6.1,g
3403,Cholesterol,0,mg
3403,Sodium,1.2,mg
3404,Energy,247,cal
3404,Protein,7.1,g
3404,Carbohydrates,30.5,g
3404,Fiber,1.7,g
3404,Fat,8.8,g
3404,Cholesterol,20,mg
3404,Sodium,24.8,mg
3407,Energy,33,cal
3407,Protein,1,g
3407,Carbohydrates,7.2,g
3407,Fiber,0.3,g
3407,Fat,0.1,g
3407,Cholesterol,0,mg
3407,Sodium,1.1,mg
3408,Energy,65,cal
3408,Protein,2.1,g
3408,Carbohydrates,13.8,g
3408,Fiber,0.6,g
3408,Fat,0.1,g
3408,Cholesterol,0,mg
3408,Sodium,2.5,mg
3409,Energy,65,cal
3409,Protein,2.1,g
3409,Carbohydrates,13.8,g
3409,Fiber,0.6,g
3409,Fat,0.1,g
3409,Cholesterol,0,mg
3409,Sodium,2.5,mg
3410,Energy,250,cal
3410,Protein,8,g
3410,Carbohydrates,34.9,g
3410,Fiber,3.3,g
3410,Fat,7,g
3410,Cholesterol,12,mg
3410,Vitamin A,404.3,mcg
3410,Vitamin B1,0.1,mg
3410,Vitamin B2,0.1,mg
3410,Vitamin B3,1.3,mg
3410,Vitamin C,6.1,mg
3410,Folic Acid,27.2,mcg
3410,Calcium,184,mg
3410,Iron,1.6,mg
3410,Magnesium,0,mg
3410,Phosphorus,0,mg
3410,Sodium,24.8,mg
3410,Potassium,181.2,mg
3410,Zinc,0.6,mg
3411,Energy,333,cal
3411,Protein,4,g
3411,Carbohydrates,21.9,g
3411,Fiber,1.4,g
3411,Fat,26.2,g
3411,Cholesterol,0,mg
3411,Sodium,428.8,mg
3412,Energy,371,cal
3412,Protein,8.2,g
3412,Carbohydrates,44.2,g
3412,Fiber,4.4,g
3412,Fat,17.6,g
3412,Cholesterol,2,mg
3412,Sodium,19.5,mg
3413,Energy,371,cal
3413,Protein,8.2,g
3413,Carbohydrates,44.2,g
3413,Fiber,4.4,g
3413,Fat,17.6,g
3413,Cholesterol,2,mg
3413,Sodium,19.5,mg
3414,Energy,135,cal
3414,Protein,2.3,g
3414,Carbohydrates,14.2,g
3414,Fiber,2,g
3414,Fat,7.7,g
3414,Cholesterol,0,mg
3414,Sodium,9.2,mg
3419,Energy,26,cal
3419,Protein,0.8,g
3419,Carbohydrates,3.5,g
3419,Fiber,0.3,g
3419,Fat,1.1,g
3419,Cholesterol,1.1,mg
3419,Sodium,2.1,mg
3420,Energy,26,cal
3420,Protein,0.8,g
3420,Carbohydrates,3.5,g
3420,Fiber,0.3,g
3420,Fat,1.1,g
3420,Cholesterol,1.1,mg
3420,Sodium,2.1,mg
3424,Energy,97,cal
3424,Protein,1.6,g
3424,Carbohydrates,6,g
3424,Fiber,1.7,g
3424,Fat,7.8,g
3424,Cholesterol,0,mg
3424,Sodium,14.2,mg
3425,Energy,264,cal
3425,Protein,59.3,g
3425,Carbohydrates,46,g
3425,Fiber,3,g
3425,Fat,5.1,g
3425,Cholesterol,0,mg
3425,Vitamin A,287.8,mcg
3425,Vitamin B1,0.1,mg
3425,Vitamin B2,0,mg
3425,Vitamin B3,0.3,mg
3425,Vitamin C,26.3,mg
3425,Folic Acid,14.7,mcg
3425,Calcium,34,mg
3425,Iron,0.6,mg
3425,Magnesium,0,mg
3425,Phosphorus,0,mg
3425,Sodium,109.8,mg
3425,Potassium,92,mg
3425,Zinc,0.2,mg
3426,Energy,66,cal
3426,Protein,0.3,g
3426,Carbohydrates,16,g
3426,Fiber,0.4,g
3426,Fat,0.1,g
3426,Cholesterol,0,mg
3426,Sodium,43.9,mg
3427,Energy,66,cal
3427,Protein,0.3,g
3427,Carbohydrates,16,g
3427,Fiber,0.4,g
3427,Fat,0.1,g
3427,Cholesterol,0,mg
3427,Sodium,43.9,mg
3428,Energy,66,cal
3428,Protein,0.3,g
3428,Carbohydrates,16,g
3428,Fiber,0.4,g
3428,Fat,0.1,g
3428,Cholesterol,0,mg
3428,Sodium,43.9,mg
3429,Energy,66,cal
3429,Protein,0.3,g
3429,Carbohydrates,16,g
3429,Fiber,0.4,g
3429,Fat,0.1,g
3429,Cholesterol,0,mg
3429,Sodium,43.9,mg
3430,Energy,66,cal
3430,Protein,0.3,g
3430,Carbohydrates,16,g
3430,Fiber,0.4,g
3430,Fat,0.1,g
3430,Cholesterol,0,mg
3430,Sodium,43.9,mg
3431,Energy,43,cal
3431,Protein,0,g
3431,Carbohydrates,1,g
3431,Fiber,0,g
3431,Fat,4.3,g
3431,Cholesterol,0,mg
3431,Sodium,0.1,mg
3432,Energy,72,cal
3432,Protein,1.9,g
3432,Carbohydrates,11.7,g
3432,Fiber,0.3,g
3432,Fat,1.9,g
3432,Cholesterol,1.3,mg
3432,Sodium,4.6,mg
3433,Energy,72,cal
3433,Protein,1.9,g
3433,Carbohydrates,11.7,g
3433,Fiber,0.3,g
3433,Fat,1.9,g
3433,Cholesterol,1.3,mg
3433,Sodium,4.6,mg
3434,Energy,77,cal
3434,Protein,0.2,g
3434,Carbohydrates,14.6,g
3434,Fiber,0.5,g
3434,Fat,2.2,g
3434,Cholesterol,0,mg
3434,Sodium,194.3,mg
3435,Energy,12,cal
3435,Protein,0.2,g
3435,Carbohydrates,0.7,g
3435,Fiber,0.1,g
3435,Fat,0.9,g
3435,Cholesterol,0.1,mg
3435,Sodium,0.5,mg
3436,Energy,12,cal
3436,Protein,0.2,g
3436,Carbohydrates,0.7,g
3436,Fiber,0.1,g
3436,Fat,0.9,g
3436,Cholesterol,0.1,mg
3436,Sodium,0.5,mg
3437,Energy,12,cal
3437,Protein,0.2,g
3437,Carbohydrates,0.7,g
3437,Fiber,0.1,g
3437,Fat,0.9,g
3437,Cholesterol,0.1,mg
3437,Sodium,0.5,mg
3438,Energy,42,cal
3438,Protein,0.1,g
3438,Carbohydrates,10.2,g
3438,Fiber,0.2,g
3438,Fat,0.1,g
3438,Cholesterol,0,mg
3438,Sodium,290.9,mg
3439,Energy,42,cal
3439,Protein,0.1,g
3439,Carbohydrates,10.2,g
3439,Fiber,0.2,g
3439,Fat,0.1,g
3439,Cholesterol,0,mg
3439,Sodium,290.9,mg
3440,Energy,297,cal
3440,Protein,0.7,g
3440,Carbohydrates,24.7,g
3440,Fiber,2.6,g
3440,Fat,22.9,g
3440,Cholesterol,0,mg
3440,Sodium,3878.7,mg
3441,Energy,297,cal
3441,Protein,0.7,g
3441,Carbohydrates,24.7,g
3441,Fiber,2.6,g
3441,Fat,22.9,g
3441,Cholesterol,0,mg
3441,Sodium,3878.7,mg
3442,Energy,121,cal
3442,Protein,2.7,g
3442,Carbohydrates,12.5,g
3442,Fiber,1.4,g
3442,Fat,6.7,g
3442,Cholesterol,0,mg
3442,Sodium,8.4,mg
3443,Energy,55,cal
3443,Protein,1,g
3443,Carbohydrates,5,g
3443,Fiber,0.1,g
3443,Fat,3.2,g
3443,Cholesterol,1.6,mg
3443,Sodium,3.1,mg
3444,Energy,55,cal
3444,Protein,1,g
3444,Carbohydrates,5,g
3444,Fiber,0.1,g
3444,Fat,3.2,g
3444,Cholesterol,1.6,mg
3444,Sodium,3.1,mg
3445,Energy,55,cal
3445,Protein,1,g
3445,Carbohydrates,5,g
3445,Fiber,0.1,g
3445,Fat,3.2,g
3445,Cholesterol,1.6,mg
3445,Sodium,3.1,mg
3446,Energy,55,cal
3446,Protein,1,g
3446,Carbohydrates,5,g
3446,Fiber,0.1,g
3446,Fat,3.2,g
3446,Cholesterol,1.6,mg
3446,Sodium,3.1,mg
3447,Energy,32,cal
3447,Protein,1.4,g
3447,Carbohydrates,6,g
3447,Fiber,1.2,g
3447,Fat,0.3,g
3447,Cholesterol,0,mg
3447,Sodium,4,mg
3448,Energy,70,cal
3448,Protein,2.5,g
3448,Carbohydrates,14.9,g
3448,Fiber,2.6,g
3448,Fat,0.4,g
3448,Cholesterol,0,mg
3448,Sodium,5.7,mg
3449,Energy,41,cal
3449,Protein,0,g
3449,Carbohydrates,1.5,g
3449,Fiber,0,g
3449,Fat,0,g
3449,Cholesterol,0,mg
3449,Sodium,0,mg
3450,Energy,41,cal
3450,Protein,0,g
3450,Carbohydrates,1.5,g
3450,Fiber,0,g
3450,Fat,0,g
3450,Cholesterol,0,mg
3450,Sodium,0,mg
3451,Energy,41,cal
3451,Protein,0,g
3451,Carbohydrates,1.5,g
3451,Fiber,0,g
3451,Fat,0,g
3451,Cholesterol,0,mg
3451,Sodium,0,mg
3452,Energy,41,cal
3452,Protein,0,g
3452,Carbohydrates,1.5,g
3452,Fiber,0,g
3452,Fat,0,g
3452,Cholesterol,0,mg
3452,Sodium,0,mg
3453,Energy,141,cal
3453,Protein,2.5,g
3453,Carbohydrates,15.7,g
3453,Fiber,3.2,g
3453,Fat,7.7,g
3453,Cholesterol,0,mg
3453,Vitamin A,348.2,mcg
3453,Vitamin B1,0.1,mg
3453,Vitamin B2,0.1,mg
3453,Vitamin B3,0.8,mg
3453,Vitamin C,39.2,mg
3453,Folic Acid,24,mcg
3453,Calcium,61.1,mg
3453,Iron,1.1,mg
3453,Magnesium,0,mg
3453,Phosphorus,0,mg
3453,Sodium,74.3,mg
3453,Potassium,176.8,mg
3453,Zinc,0.6,mg
3454,Energy,187,cal
3454,Protein,5.4,g
3454,Carbohydrates,18.9,g
3454,Fiber,1.6,g
3454,Fat,10,g
3454,Cholesterol,10,mg
3454,Sodium,139.7,mg
3455,Energy,187,cal
3455,Protein,5.4,g
3455,Carbohydrates,18.9,g
3455,Fiber,1.6,g
3455,Fat,10,g
3455,Cholesterol,10,mg
3455,Sodium,139.7,mg
3456,Energy,10,cal
3456,Protein,0.4,g
3456,Carbohydrates,2,g
3456,Fiber,0.5,g
3456,Fat,0.1,g
3456,Cholesterol,0,mg
3456,Sodium,4,mg
3457,Energy,10,cal
3457,Protein,0.4,g
3457,Carbohydrates,2,g
3457,Fiber,0.5,g
3457,Fat,0.1,g
3457,Cholesterol,0,mg
3457,Sodium,4,mg
3458,Energy,10,cal
3458,Protein,0.4,g
3458,Carbohydrates,2,g
3458,Fiber,0.5,g
3458,Fat,0.1,g
3458,Cholesterol,0,mg
3458,Sodium,4,mg
3459,Energy,10,cal
3459,Protein,0.4,g
3459,Carbohydrates,2,g
3459,Fiber,0.5,g
3459,Fat,0.1,g
3459,Cholesterol,0,mg
3459,Sodium,4,mg
3460,Energy,125,cal
3460,Protein,1.8,g
3460,Carbohydrates,1.2,g
3460,Fiber,0,g
3460,Fat,12.7,g
3460,Cholesterol,0,mg
3460,Vitamin A,311.7,mcg
3460,Vitamin B1,0,mg
3460,Vitamin B2,0,mg
3460,Vitamin B3,0,mg
3460,Vitamin C,0.2,mg
3460,Folic Acid,1,mcg
3460,Calcium,57,mg
3460,Iron,0.1,mg
3460,Magnesium,0,mg
3460,Phosphorus,0,mg
3460,Sodium,45.9,mg
3460,Potassium,26.8,mg
3460,Zinc,0.1,mg
3461,Energy,200,cal
3461,Protein,6.9,g
3461,Carbohydrates,9.1,g
3461,Fiber,0.9,g
3461,Fat,15.1,g
3461,Cholesterol,0,mg
3461,Vitamin A,146.9,mcg
3461,Vitamin B1,-0.3,mg
3461,Vitamin B2,-0.3,mg
3461,Vitamin B3,-0.3,mg
3461,Vitamin C,7.3,mg
3461,Folic Acid,0.4,mcg
3461,Calcium,186.7,mg
3461,Iron,0.2,mg
3461,Magnesium,0,mg
3461,Phosphorus,0,mg
3461,Sodium,0.2,mg
3461,Potassium,42.7,mg
3461,Zinc,0.2,mg
3463,Energy,460,cal
3463,Protein,11.6,g
3463,Carbohydrates,41.2,g
3463,Fiber,6.8,g
3463,Fat,30.8,g
3463,Cholesterol,0,mg
3463,Sodium,720.3,mg
3464,Energy,81,cal
3464,Protein,1.5,g
3464,Carbohydrates,7.1,g
3464,Fiber,1.3,g
3464,Fat,5.2,g
3464,Cholesterol,0,mg
3464,Vitamin A,208,mcg
3464,Vitamin B1,0.1,mg
3464,Vitamin B2,0,mg
3464,Vitamin B3,0.1,mg
3464,Vitamin C,31.7,mg
3464,Folic Acid,7.7,mcg
3464,Calcium,20,mg
3464,Iron,0.8,mg
3464,Magnesium,0,mg
3464,Phosphorus,0,mg
3464,Sodium,2.5,mg
3464,Potassium,71.8,mg
3464,Zinc,0.2,mg
3465,Energy,81,cal
3465,Protein,1.5,g
3465,Carbohydrates,7.1,g
3465,Fiber,1.3,g
3465,Fat,5.2,g
3465,Cholesterol,0,mg
3465,Vitamin A,208,mcg
3465,Vitamin B1,0.1,mg
3465,Vitamin B2,0,mg
3465,Vitamin B3,0.1,mg
3465,Vitamin C,31.7,mg
3465,Folic Acid,7.7,mcg
3465,Calcium,20,mg
3465,Iron,0.8,mg
3465,Magnesium,0,mg
3465,Phosphorus,0,mg
3465,Sodium,2.5,mg
3465,Potassium,71.8,mg
3465,Zinc,0.2,mg
3466,Energy,81,cal
3466,Protein,1.5,g
3466,Carbohydrates,7.1,g
3466,Fiber,1.3,g
3466,Fat,5.2,g
3466,Cholesterol,0,mg
3466,Vitamin A,208,mcg
3466,Vitamin B1,0.1,mg
3466,Vitamin B2,0,mg
3466,Vitamin B3,0.1,mg
3466,Vitamin C,31.7,mg
3466,Folic Acid,7.7,mcg
3466,Calcium,20,mg
3466,Iron,0.8,mg
3466,Magnesium,0,mg
3466,Phosphorus,0,mg
3466,Sodium,2.5,mg
3466,Potassium,71.8,mg
3466,Zinc,0.2,mg
3467,Energy,81,cal
3467,Protein,1.5,g
3467,Carbohydrates,7.1,g
3467,Fiber,1.3,g
3467,Fat,5.2,g
3467,Cholesterol,0,mg
3467,Vitamin A,208,mcg
3467,Vitamin B1,0.1,mg
3467,Vitamin B2,0,mg
3467,Vitamin B3,0.1,mg
3467,Vitamin C,31.7,mg
3467,Folic Acid,7.7,mcg
3467,Calcium,20,mg
3467,Iron,0.8,mg
3467,Magnesium,0,mg
3467,Phosphorus,0,mg
3467,Sodium,2.5,mg
3467,Potassium,71.8,mg
3467,Zinc,0.2,mg
3468,Energy,363,cal
3468,Protein,5,g
3468,Carbohydrates,59.7,g
3468,Fiber,1.2,g
3468,Fat,28.2,g
3468,Cholesterol,0,mg
3468,Sodium,80.1,mg
3469,Energy,363,cal
3469,Protein,5,g
3469,Carbohydrates,59.7,g
3469,Fiber,1.2,g
3469,Fat,28.2,g
3469,Cholesterol,0,mg
3469,Sodium,80.1,mg
3470,Energy,391,cal
3470,Protein,5.2,g
3470,Carbohydrates,32.9,g
3470,Fiber,1.5,g
3470,Fat,26.5,g
3470,Cholesterol,0,mg
3470,Sodium,10.7,mg
3471,Energy,34,cal
3471,Protein,0,g
3471,Carbohydrates,8.6,g
3471,Fiber,0,g
3471,Fat,0,g
3471,Cholesterol,0,mg
3471,Sodium,0,mg
3472,Energy,112,cal
3472,Protein,1.8,g
3472,Carbohydrates,18.6,g
3472,Fiber,1.7,g
3472,Fat,3.6,g
3472,Cholesterol,0,mg
3472,Sodium,2.5,mg
3473,Energy,61,cal
3473,Protein,1.3,g
3473,Carbohydrates,13.8,g
3473,Fiber,1.3,g
3473,Fat,0.2,g
3473,Cholesterol,0,mg
3473,Sodium,2.2,mg
3474,Energy,50,cal
3474,Protein,0.5,g
3474,Carbohydrates,6.2,g
3474,Fiber,0,g
3474,Fat,2.5,g
3474,Cholesterol,0,mg
3474,Sodium,0.4,mg
3475,Energy,49,cal
3475,Protein,0.3,g
3475,Carbohydrates,5.9,g
3475,Fiber,0.1,g
3475,Fat,2.6,g
3475,Cholesterol,0,mg
3475,Sodium,0,mg
3476,Energy,38,cal
3476,Protein,0,g
3476,Carbohydrates,9.5,g
3476,Fiber,0,g
3476,Fat,0,g
3476,Cholesterol,0,mg
3476,Sodium,0,mg
3477,Energy,38,cal
3477,Protein,0,g
3477,Carbohydrates,9.5,g
3477,Fiber,0,g
3477,Fat,0,g
3477,Cholesterol,0,mg
3477,Sodium,0,mg
3478,Energy,38,cal
3478,Protein,0,g
3478,Carbohydrates,9.5,g
3478,Fiber,0,g
3478,Fat,0,g
3478,Cholesterol,0,mg
3478,Sodium,0,mg
3479,Energy,189,cal
3479,Protein,3.8,g
3479,Carbohydrates,19.7,g
3479,Fiber,6.6,g
3479,Fat,10.8,g
3479,Cholesterol,0,mg
3479,Sodium,71,mg
3480,Energy,189,cal
3480,Protein,3.8,g
3480,Carbohydrates,19.7,g
3480,Fiber,6.6,g
3480,Fat,10.8,g
3480,Cholesterol,0,mg
3480,Sodium,71,mg
3481,Energy,243,cal
3481,Protein,6.7,g
3481,Carbohydrates,10.3,g
3481,Fiber,2.2,g
3481,Fat,18.9,g
3481,Cholesterol,4,mg
3481,Sodium,19.6,mg
3482,Energy,243,cal
3482,Protein,6.7,g
3482,Carbohydrates,10.3,g
3482,Fiber,2.2,g
3482,Fat,18.9,g
3482,Cholesterol,4,mg
3482,Sodium,19.6,mg
3483,Energy,111,cal
3483,Protein,0,g
3483,Carbohydrates,0,g
3483,Fiber,0.1,g
3483,Fat,12.4,g
3483,Cholesterol,30.4,mg
3483,Sodium,100.3,mg
3484,Energy,44,cal
3484,Protein,0.2,g
3484,Carbohydrates,5.6,g
3484,Fiber,0,g
3484,Fat,2.2,g
3484,Cholesterol,0,mg
3484,Sodium,0.3,mg
3485,Energy,205,cal
3485,Protein,4.5,g
3485,Carbohydrates,27,g
3485,Fiber,4.5,g
3485,Fat,9.4,g
3485,Cholesterol,0,mg
3485,Sodium,7.4,mg
3486,Energy,205,cal
3486,Protein,4.5,g
3486,Carbohydrates,27,g
3486,Fiber,4.5,g
3486,Fat,9.4,g
3486,Cholesterol,0,mg
3486,Sodium,7.4,mg
3487,Energy,205,cal
3487,Protein,4.5,g
3487,Carbohydrates,27,g
3487,Fiber,4.5,g
3487,Fat,9.4,g
3487,Cholesterol,0,mg
3487,Sodium,7.4,mg
3488,Energy,69,cal
3488,Protein,1.9,g
3488,Carbohydrates,5.5,g
3488,Fiber,1.4,g
3488,Fat,4.3,g
3488,Cholesterol,0,mg
3488,Sodium,6.5,mg
3489,Energy,153,cal
3489,Protein,2.1,g
3489,Carbohydrates,63.2,g
3489,Fiber,0.6,g
3489,Fat,4.6,g
3489,Cholesterol,0,mg
3489,Vitamin A,171.6,mcg
3489,Vitamin B1,0.1,mg
3489,Vitamin B2,0.1,mg
3489,Vitamin B3,0.9,mg
3489,Vitamin C,0.5,mg
3489,Folic Acid,13.8,mcg
3489,Calcium,12.3,mg
3489,Iron,0.8,mg
3489,Magnesium,0,mg
3489,Phosphorus,0,mg
3489,Sodium,46.8,mg
3489,Potassium,40.6,mg
3489,Zinc,0.2,mg
3490,Energy,53,cal
3490,Protein,1.1,g
3490,Carbohydrates,10.1,g
3490,Fiber,0,g
3490,Fat,5.4,g
3490,Cholesterol,0,mg
3490,Sodium,0.7,mg
3492,Energy,108,cal
3492,Protein,2.4,g
3492,Carbohydrates,51.8,g
3492,Fiber,0.1,g
3492,Fat,3.7,g
3492,Cholesterol,5.4,mg
3492,Sodium,19.9,mg
3493,Energy,33,cal
3493,Protein,0.1,g
3493,Carbohydrates,8,g
3493,Fiber,0.3,g
3493,Fat,0,g
3493,Cholesterol,0,mg
3493,Sodium,0.2,mg
3494,Energy,33,cal
3494,Protein,0.1,g
3494,Carbohydrates,8,g
3494,Fiber,0.3,g
3494,Fat,0,g
3494,Cholesterol,0,mg
3494,Sodium,0.2,mg
3495,Energy,33,cal
3495,Protein,0.1,g
3495,Carbohydrates,8,g
3495,Fiber,0.3,g
3495,Fat,0,g
3495,Cholesterol,0,mg
3495,Sodium,0.2,mg
3496,Energy,33,cal
3496,Protein,0.1,g
3496,Carbohydrates,8,g
3496,Fiber,0.3,g
3496,Fat,0,g
3496,Cholesterol,0,mg
3496,Sodium,0.2,mg
3497,Energy,33,cal
3497,Protein,0.1,g
3497,Carbohydrates,8,g
3497,Fiber,0.3,g
3497,Fat,0,g
3497,Cholesterol,0,mg
3497,Sodium,0.2,mg
3498,Energy,44,cal
3498,Protein,2.6,g
3498,Carbohydrates,8.1,g
3498,Fiber,1.2,g
3498,Fat,0.2,g
3498,Cholesterol,0,mg
3498,Sodium,42.6,mg
3499,Energy,44,cal
3499,Protein,2.6,g
3499,Carbohydrates,8.1,g
3499,Fiber,1.2,g
3499,Fat,0.2,g
3499,Cholesterol,0,mg
3499,Sodium,42.6,mg
3500,Energy,234,cal
3500,Protein,3.5,g
3500,Carbohydrates,35.6,g
3500,Fiber,1,g
3500,Fat,8.7,g
3500,Cholesterol,0,mg
3500,Vitamin A,940.6,mcg
3500,Vitamin B1,-0.1,mg
3500,Vitamin B2,-0.1,mg
3500,Vitamin B3,0.1,mg
3500,Vitamin C,19.9,mg
3500,Folic Acid,6.7,mcg
3500,Calcium,118.7,mg
3500,Iron,1.4,mg
3500,Magnesium,0,mg
3500,Phosphorus,0,mg
3500,Sodium,32.9,mg
3500,Potassium,90,mg
3500,Zinc,0.1,mg
3501,Energy,234,cal
3501,Protein,3.5,g
3501,Carbohydrates,35.6,g
3501,Fiber,1,g
3501,Fat,8.7,g
3501,Cholesterol,0,mg
3501,Vitamin A,940.6,mcg
3501,Vitamin B1,-0.1,mg
3501,Vitamin B2,-0.1,mg
3501,Vitamin B3,0.1,mg
3501,Vitamin C,19.9,mg
3501,Folic Acid,6.7,mcg
3501,Calcium,118.7,mg
3501,Iron,1.4,mg
3501,Magnesium,0,mg
3501,Phosphorus,0,mg
3501,Sodium,32.9,mg
3501,Potassium,90,mg
3501,Zinc,0.1,mg
3502,Energy,173,cal
3502,Protein,1.2,g
3502,Carbohydrates,16.6,g
3502,Fiber,1.3,g
3502,Fat,11.4,g
3502,Cholesterol,0,mg
3502,Sodium,8.8,mg
3503,Energy,165,cal
3503,Protein,1.1,g
3503,Carbohydrates,14.8,g
3503,Fiber,1.2,g
3503,Fat,11.4,g
3503,Cholesterol,0,mg
3503,Sodium,7.9,mg
3504,Energy,54,cal
3504,Protein,0.8,g
3504,Carbohydrates,6.1,g
3504,Fiber,0,g
3504,Fat,3,g
3504,Cholesterol,9,mg
3504,Sodium,30,mg
3505,Energy,54,cal
3505,Protein,0.8,g
3505,Carbohydrates,6.1,g
3505,Fiber,0,g
3505,Fat,3,g
3505,Cholesterol,9,mg
3505,Sodium,30,mg
3506,Energy,26,cal
3506,Protein,0.3,g
3506,Carbohydrates,1.8,g
3506,Fiber,0.1,g
3506,Fat,2,g
3506,Cholesterol,0,mg
3506,Sodium,0.4,mg
3507,Energy,26,cal
3507,Protein,0.3,g
3507,Carbohydrates,1.8,g
3507,Fiber,0.1,g
3507,Fat,2,g
3507,Cholesterol,0,mg
3507,Sodium,0.4,mg
3508,Energy,26,cal
3508,Protein,0.3,g
3508,Carbohydrates,1.8,g
3508,Fiber,0.1,g
3508,Fat,2,g
3508,Cholesterol,0,mg
3508,Sodium,0.4,mg
3510,Energy,165,cal
3510,Protein,3.2,g
3510,Carbohydrates,8.9,g
3510,Fiber,8,g
3510,Fat,12.9,g
3510,Cholesterol,0,mg
3510,Sodium,7.7,mg
3511,Energy,321,cal
3511,Protein,8,g
3511,Carbohydrates,24.7,g
3511,Fiber,0.1,g
3511,Fat,17.5,g
3511,Cholesterol,24.6,mg
3511,Sodium,34.5,mg
3512,Energy,321,cal
3512,Protein,8,g
3512,Carbohydrates,24.7,g
3512,Fiber,0.1,g
3512,Fat,17.5,g
3512,Cholesterol,24.6,mg
3512,Sodium,34.5,mg
3513,Energy,78,cal
3513,Protein,1.8,g
3513,Carbohydrates,7.1,g
3513,Fiber,0.1,g
3513,Fat,4.7,g
3513,Cholesterol,0,mg
3513,Vitamin A,59.8,mcg
3513,Vitamin B1,-0.1,mg
3513,Vitamin B2,-0.1,mg
3513,Vitamin B3,-0.1,mg
3513,Vitamin C,4.8,mg
3513,Folic Acid,0.2,mcg
3513,Calcium,35.8,mg
3513,Iron,0,mg
3513,Magnesium,0,mg
3513,Phosphorus,0,mg
3513,Sodium,0.1,mg
3513,Potassium,7.5,mg
3513,Zinc,0,mg
3514,Energy,78,cal
3514,Protein,1.8,g
3514,Carbohydrates,7.1,g
3514,Fiber,0.1,g
3514,Fat,4.7,g
3514,Cholesterol,0,mg
3514,Vitamin A,59.8,mcg
3514,Vitamin B1,-0.1,mg
3514,Vitamin B2,-0.1,mg
3514,Vitamin B3,-0.1,mg
3514,Vitamin C,4.8,mg
3514,Folic Acid,0.2,mcg
3514,Calcium,35.8,mg
3514,Iron,0,mg
3514,Magnesium,0,mg
3514,Phosphorus,0,mg
3514,Sodium,0.1,mg
3514,Potassium,7.5,mg
3514,Zinc,0,mg
3515,Energy,78,cal
3515,Protein,1.8,g
3515,Carbohydrates,7.1,g
3515,Fiber,0.1,g
3515,Fat,4.7,g
3515,Cholesterol,0,mg
3515,Vitamin A,59.8,mcg
3515,Vitamin B1,-0.1,mg
3515,Vitamin B2,-0.1,mg
3515,Vitamin B3,-0.1,mg
3515,Vitamin C,4.8,mg
3515,Folic Acid,0.2,mcg
3515,Calcium,35.8,mg
3515,Iron,0,mg
3515,Magnesium,0,mg
3515,Phosphorus,0,mg
3515,Sodium,0.1,mg
3515,Potassium,7.5,mg
3515,Zinc,0,mg
3517,Energy,51,kcal
3517,Protein,0.9,gm
3517,Carbohydrates,5.6,gm
3517,Fat,2.8,gm
3517,Fibre,1,gm
3517,Iron,0.5,mg
3518,Energy,160,cal
3518,Protein,6.8,g
3518,Carbohydrates,26.3,g
3518,Fiber,3.5,g
3518,Fat,3.1,g
3518,Cholesterol,0,mg
3518,Sodium,6.7,mg
3519,Energy,121,cal
3519,Protein,2.4,g
3519,Carbohydrates,21.4,g
3519,Fiber,3.1,g
3519,Fat,3.2,g
3519,Cholesterol,0,mg
3519,Sodium,4,mg
3520,Energy,121,cal
3520,Protein,2.4,g
3520,Carbohydrates,21.4,g
3520,Fiber,3.1,g
3520,Fat,3.2,g
3520,Cholesterol,0,mg
3520,Sodium,4,mg
3521,Energy,239,cal
3521,Protein,7.3,g
3521,Carbohydrates,35,g
3521,Fiber,5.3,g
3521,Fat,6.7,g
3521,Cholesterol,8,mg
3521,Sodium,17.2,mg
3522,Energy,239,cal
3522,Protein,7.3,g
3522,Carbohydrates,35,g
3522,Fiber,5.3,g
3522,Fat,6.7,g
3522,Cholesterol,8,mg
3522,Sodium,17.2,mg
3523,Energy,239,cal
3523,Protein,7.3,g
3523,Carbohydrates,35,g
3523,Fiber,5.3,g
3523,Fat,6.7,g
3523,Cholesterol,8,mg
3523,Sodium,17.2,mg
3524,Energy,113,cal
3524,Protein,2,g
3524,Carbohydrates,15,g
3524,Fiber,1.2,g
3524,Fat,3.3,g
3524,Cholesterol,0,mg
3524,Sodium,28.5,mg
3525,Energy,92,cal
3525,Protein,3.2,g
3525,Carbohydrates,15.1,g
3525,Fiber,2.9,g
3525,Fat,2.1,g
3525,Cholesterol,0,mg
3525,Sodium,9.5,mg
3526,Energy,85,cal
3526,Protein,1.9,g
3526,Carbohydrates,11.5,g
3526,Fiber,1.8,g
3526,Fat,3.4,g
3526,Cholesterol,0,mg
3526,Sodium,1.6,mg
3527,Energy,32,cal
3527,Protein,0.7,g
3527,Carbohydrates,4.2,g
3527,Fiber,0.3,g
3527,Fat,1.1,g
3527,Cholesterol,1.5,mg
3527,Sodium,4.1,mg
3528,Energy,75,cal
3528,Protein,2.3,g
3528,Carbohydrates,15.7,g
3528,Fiber,2.2,g
3528,Fat,0.4,g
3528,Cholesterol,0,mg
3528,Sodium,2.3,mg
3529,Energy,151,cal
3529,Protein,2.9,g
3529,Carbohydrates,12.7,g
3529,Fiber,1.5,g
3529,Fat,10.1,g
3529,Cholesterol,21.8,mg
3529,Sodium,73.4,mg
3530,Energy,66,cal
3530,Protein,1,g
3530,Carbohydrates,1.8,g
3530,Fiber,0.4,g
3530,Fat,6.1,g
3530,Cholesterol,0,mg
3530,Vitamin A,102.8,mcg
3530,Vitamin B1,0,mg
3530,Vitamin B2,0,mg
3530,Vitamin B3,0.3,mg
3530,Vitamin C,2.6,mg
3530,Folic Acid,0,mcg
3530,Calcium,5.9,mg
3530,Iron,0.1,mg
3530,Magnesium,0,mg
3530,Phosphorus,0,mg
3530,Sodium,9.7,mg
3530,Potassium,48.2,mg
3530,Zinc,0,mg
3531,Energy,81,kcal
3531,Protein,0.7,gm
3531,Carbohydrates,8.7,gm
3531,Fat,4.8,gm
3531,Iron,0.5,mg
3532,Energy,228,cal
3532,Protein,6.5,g
3532,Carbohydrates,27.3,g
3532,Fiber,6,g
3532,Fat,11.3,g
3532,Cholesterol,0,mg
3532,Sodium,27,mg
3533,Energy,228,cal
3533,Protein,6.5,g
3533,Carbohydrates,27.3,g
3533,Fiber,6,g
3533,Fat,11.3,g
3533,Cholesterol,0,mg
3533,Sodium,27,mg
3534,Energy,202,cal
3534,Protein,5.4,g
3534,Carbohydrates,35.9,g
3534,Fiber,4.9,g
3534,Fat,4,g
3534,Cholesterol,0.4,mg
3534,Sodium,4.2,mg
3535,Energy,102,cal
3535,Protein,2.7,g
3535,Carbohydrates,18,g
3535,Fiber,2.5,g
3535,Fat,2.1,g
3535,Cholesterol,0.4,mg
3535,Sodium,2.3,mg
3536,Energy,87,cal
3536,Protein,2.4,g
3536,Carbohydrates,13.8,g
3536,Fiber,2.4,g
3536,Fat,2.4,g
3536,Cholesterol,0,mg
3536,Sodium,6,mg
3537,Energy,8,cal
3537,Protein,0.2,g
3537,Carbohydrates,1.3,g
3537,Fiber,0.2,g
3537,Fat,0.2,g
3537,Cholesterol,0,mg
3537,Sodium,0.2,mg
3538,Energy,24,cal
3538,Protein,0.6,g
3538,Carbohydrates,3.9,g
3538,Fiber,0.6,g
3538,Fat,0.6,g
3538,Cholesterol,0,mg
3538,Sodium,1.8,mg
3539,Energy,24,cal
3539,Protein,0.6,g
3539,Carbohydrates,3.9,g
3539,Fiber,0.6,g
3539,Fat,0.6,g
3539,Cholesterol,0,mg
3539,Sodium,1.8,mg
3540,Energy,286,cal
3540,Protein,5.2,g
3540,Carbohydrates,41.6,g
3540,Fiber,6.2,g
3540,Fat,11,g
3540,Cholesterol,0,mg
3540,Sodium,3.5,mg
3541,Energy,121,cal
3541,Protein,2.7,g
3541,Carbohydrates,18.2,g
3541,Fiber,2.5,g
3541,Fat,4.2,g
3541,Cholesterol,0,mg
3541,Sodium,2.1,mg
3542,Energy,155,cal
3542,Protein,2.7,g
3542,Carbohydrates,18.2,g
3542,Fiber,2.5,g
3542,Fat,8,g
3542,Cholesterol,0,mg
3542,Sodium,2.1,mg
3543,Energy,110,cal
3543,Protein,2.7,g
3543,Carbohydrates,18.2,g
3543,Fiber,2.5,g
3543,Fat,3,g
3543,Cholesterol,0,mg
3543,Sodium,2.1,mg
3544,Energy,97,cal
3544,Protein,2.1,g
3544,Carbohydrates,21.2,g
3544,Fiber,3.6,g
3544,Fat,0.4,g
3544,Cholesterol,0,mg
3544,Sodium,1.8,mg
3545,Energy,49,cal
3545,Protein,1.5,g
3545,Carbohydrates,10.2,g
3545,Fiber,1.4,g
3545,Fat,0.3,g
3545,Cholesterol,0,mg
3545,Sodium,1,mg
3547,Energy,90,cal
3547,Protein,2.5,g
3547,Carbohydrates,14,g
3547,Fiber,1.3,g
3547,Fat,2.7,g
3547,Cholesterol,0,mg
3547,Sodium,2.8,mg
3548,Energy,206,cal
3548,Protein,6.3,g
3548,Carbohydrates,37.8,g
3548,Fiber,4.4,g
3548,Fat,3.3,g
3548,Cholesterol,0,mg
3548,Sodium,9.1,mg
3549,Energy,206,cal
3549,Protein,6.3,g
3549,Carbohydrates,37.8,g
3549,Fiber,4.4,g
3549,Fat,3.3,g
3549,Cholesterol,0,mg
3549,Sodium,9.1,mg
3550,Energy,101,cal
3550,Protein,2.2,g
3550,Carbohydrates,13.9,g
3550,Fiber,2.2,g
3550,Fat,4.1,g
3550,Cholesterol,0,mg
3550,Sodium,2,mg
3551,Energy,180,cal
3551,Protein,2.5,g
3551,Carbohydrates,26.9,g
3551,Fiber,4.1,g
3551,Fat,7,g
3551,Cholesterol,0,mg
3551,Sodium,198.9,mg
3553,Energy,367,cal
3553,Protein,9.7,g
3553,Carbohydrates,31.6,g
3553,Fiber,1.5,g
3553,Fat,24.7,g
3553,Cholesterol,0,mg
3553,Vitamin A,349.3,mcg
3553,Vitamin B1,-0.1,mg
3553,Vitamin B2,-0.1,mg
3553,Vitamin B3,0.1,mg
3553,Vitamin C,19.6,mg
3553,Folic Acid,15.9,mcg
3553,Calcium,254,mg
3553,Iron,1,mg
3553,Magnesium,0,mg
3553,Phosphorus,0,mg
3553,Sodium,307,mg
3553,Potassium,62.6,mg
3553,Zinc,0.2,mg
3554,Energy,9,cal
3554,Protein,0,g
3554,Carbohydrates,1.2,g
3554,Fiber,0.1,g
3554,Fat,0.5,g
3554,Cholesterol,0,mg
3554,Sodium,172.9,mg
3562,Energy,88,cal
3562,Protein,1.5,g
3562,Carbohydrates,9.5,g
3562,Fiber,1.3,g
3562,Fat,4.9,g
3562,Cholesterol,0,mg
3562,Vitamin A,39.5,mcg
3562,Vitamin B1,0,mg
3562,Vitamin B2,0,mg
3562,Vitamin B3,0.2,mg
3562,Vitamin C,13,mg
3562,Folic Acid,12.2,mcg
3562,Calcium,9,mg
3562,Iron,3.6,mg
3562,Magnesium,0,mg
3562,Phosphorus,0,mg
3562,Sodium,8.9,mg
3562,Potassium,120.2,mg
3562,Zinc,0.1,mg
3563,Energy,12,cal
3563,Protein,0.1,g
3563,Carbohydrates,2.9,g
3563,Fiber,0.2,g
3563,Fat,0,g
3563,Cholesterol,0,mg
3563,Sodium,1.6,mg
3564,Energy,12,cal
3564,Protein,0.1,g
3564,Carbohydrates,2.9,g
3564,Fiber,0.2,g
3564,Fat,0,g
3564,Cholesterol,0,mg
3564,Sodium,1.6,mg
3565,Energy,83,cal
3565,Protein,0.2,g
3565,Carbohydrates,20.7,g
3565,Fiber,0.6,g
3565,Fat,0.1,g
3565,Cholesterol,0,mg
3565,Sodium,0.6,mg
3566,Energy,17,cal
3566,Protein,0.5,g
3566,Carbohydrates,3.4,g
3566,Fiber,1,g
3566,Fat,0.1,g
3566,Cholesterol,0,mg
3566,Vitamin A,172.2,mcg
3566,Vitamin B1,0,mg
3566,Vitamin B2,0,mg
3566,Vitamin B3,0.2,mg
3566,Vitamin C,11.7,mg
3566,Folic Acid,9.1,mcg
3566,Calcium,24,mg
3566,Iron,0.3,mg
3566,Magnesium,0,mg
3566,Phosphorus,0,mg
3566,Sodium,5.6,mg
3566,Potassium,71.1,mg
3566,Zinc,0.1,mg
3567,Energy,602,cal
3567,Protein,2.8,g
3567,Carbohydrates,11.2,g
3567,Fiber,5.3,g
3567,Fat,60.6,g
3567,Cholesterol,0,mg
3567,Sodium,40.2,mg
3568,Energy,602,cal
3568,Protein,2.8,g
3568,Carbohydrates,11.2,g
3568,Fiber,5.3,g
3568,Fat,60.6,g
3568,Cholesterol,0,mg
3568,Sodium,40.2,mg
3569,Energy,255,cal
3569,Protein,7.9,g
3569,Carbohydrates,8.2,g
3569,Fiber,0.6,g
3569,Fat,21.2,g
3569,Cholesterol,0,mg
3569,Sodium,4.5,mg
3570,Energy,255,cal
3570,Protein,7.9,g
3570,Carbohydrates,8.2,g
3570,Fiber,0.6,g
3570,Fat,21.2,g
3570,Cholesterol,0,mg
3570,Sodium,4.5,mg
3571,Energy,255,cal
3571,Protein,7.9,g
3571,Carbohydrates,8.2,g
3571,Fiber,0.6,g
3571,Fat,21.2,g
3571,Cholesterol,0,mg
3571,Sodium,4.5,mg
3574,Energy,129,cal
3574,Protein,3.4,g
3574,Carbohydrates,8.1,g
3574,Fiber,3.1,g
3574,Fat,9.2,g
3574,Cholesterol,0,mg
3574,Vitamin A,243.1,mcg
3574,Vitamin B1,0.1,mg
3574,Vitamin B2,0.1,mg
3574,Vitamin B3,1,mg
3574,Vitamin C,14.7,mg
3574,Folic Acid,10,mcg
3574,Calcium,33.3,mg
3574,Iron,0.7,mg
3574,Magnesium,0,mg
3574,Phosphorus,0,mg
3574,Sodium,27.4,mg
3574,Potassium,169.2,mg
3574,Zinc,0,mg
3575,Energy,62,cal
3575,Protein,2,g
3575,Carbohydrates,7.6,g
3575,Fiber,1,g
3575,Fat,2.6,g
3575,Cholesterol,0,mg
3575,Sodium,7.7,mg
3576,Energy,118,cal
3576,Protein,2.6,g
3576,Carbohydrates,9.7,g
3576,Fiber,1.3,g
3576,Fat,7.7,g
3576,Cholesterol,0,mg
3576,Sodium,10.2,mg
3578,Energy,93,cal
3578,Protein,1.7,g
3578,Carbohydrates,5.1,g
3578,Fiber,0.9,g
3578,Fat,7.1,g
3578,Cholesterol,1.2,mg
3578,Sodium,8.2,mg
3579,Energy,110,cal
3579,Protein,3.8,g
3579,Carbohydrates,20.5,g
3579,Fiber,3.7,g
3579,Fat,1.8,g
3579,Cholesterol,0,mg
3579,Sodium,14.7,mg
3580,Energy,83,cal
3580,Protein,2.3,g
3580,Carbohydrates,12.7,g
3580,Fiber,2.2,g
3580,Fat,2.9,g
3580,Cholesterol,0,mg
3580,Sodium,6.7,mg
3581,Energy,94,cal
3581,Protein,3.8,g
3581,Carbohydrates,14.4,g
3581,Fiber,6.2,g
3581,Fat,2.4,g
3581,Cholesterol,0,mg
3581,Sodium,7.9,mg
3582,Energy,79,cal
3582,Protein,2.1,g
3582,Carbohydrates,6.9,g
3582,Fiber,1.6,g
3582,Fat,5.2,g
3582,Cholesterol,0,mg
3582,Sodium,11.1,mg
3583,Energy,365,cal
3583,Protein,8.1,g
3583,Carbohydrates,7.3,g
3583,Fiber,1.1,g
3583,Fat,33.8,g
3583,Cholesterol,15,mg
3583,Sodium,62.3,mg
3584,Energy,365,cal
3584,Protein,8.1,g
3584,Carbohydrates,7.3,g
3584,Fiber,1.1,g
3584,Fat,33.8,g
3584,Cholesterol,15,mg
3584,Sodium,62.3,mg
3585,Energy,39,cal
3585,Protein,2.4,g
3585,Carbohydrates,4.7,g
3585,Fiber,1.5,g
3585,Fat,1.1,g
3585,Cholesterol,0,mg
3585,Sodium,3,mg
3586,Energy,39,cal
3586,Protein,2.4,g
3586,Carbohydrates,4.7,g
3586,Fiber,1.5,g
3586,Fat,1.1,g
3586,Cholesterol,0,mg
3586,Sodium,3,mg
3587,Energy,58,cal
3587,Protein,1.1,g
3587,Carbohydrates,7.5,g
3587,Fiber,0.5,g
3587,Fat,2.6,g
3587,Cholesterol,0,mg
3587,Sodium,2.9,mg
3588,Energy,31,cal
3588,Protein,1,g
3588,Carbohydrates,2.5,g
3588,Fiber,0.1,g
3588,Fat,1.4,g
3588,Cholesterol,3.4,mg
3588,Sodium,4.2,mg
3589,Energy,181,cal
3589,Protein,2.7,g
3589,Carbohydrates,15.6,g
3589,Fiber,2.7,g
3589,Fat,11.5,g
3589,Cholesterol,0,mg
3589,Vitamin A,83.7,mcg
3589,Vitamin B1,0,mg
3589,Vitamin B2,0.1,mg
3589,Vitamin B3,0.3,mg
3589,Vitamin C,21.9,mg
3589,Folic Acid,17.8,mcg
3589,Calcium,45.7,mg
3589,Iron,6,mg
3589,Magnesium,0,mg
3589,Phosphorus,0,mg
3589,Sodium,16.7,mg
3589,Potassium,188.7,mg
3589,Zinc,0,mg
3590,Energy,50,cal
3590,Protein,1.2,g
3590,Carbohydrates,10.5,g
3590,Fiber,0.2,g
3590,Fat,0.4,g
3590,Cholesterol,1,mg
3590,Vitamin A,13.4,mcg
3590,Vitamin B1,0,mg
3590,Vitamin B2,0,mg
3590,Vitamin B3,0.5,mg
3590,Vitamin C,0,mg
3590,Folic Acid,3.5,mcg
3590,Calcium,4.5,mg
3590,Iron,0.2,mg
3590,Magnesium,0,mg
3590,Phosphorus,0,mg
3590,Sodium,3.9,mg
3590,Potassium,12.9,mg
3590,Zinc,0.2,mg
3591,Energy,50,cal
3591,Protein,1.2,g
3591,Carbohydrates,10.5,g
3591,Fiber,0.2,g
3591,Fat,0.4,g
3591,Cholesterol,1,mg
3591,Vitamin A,13.4,mcg
3591,Vitamin B1,0,mg
3591,Vitamin B2,0,mg
3591,Vitamin B3,0.5,mg
3591,Vitamin C,0,mg
3591,Folic Acid,3.5,mcg
3591,Calcium,4.5,mg
3591,Iron,0.2,mg
3591,Magnesium,0,mg
3591,Phosphorus,0,mg
3591,Sodium,3.9,mg
3591,Potassium,12.9,mg
3591,Zinc,0.2,mg
3592,Energy,34,cal
3592,Protein,0.4,g
3592,Carbohydrates,8.3,g
3592,Fiber,0.8,g
3592,Fat,0.1,g
3592,Cholesterol,0,mg
3592,Sodium,2.2,mg
3593,Energy,105,cal
3593,Protein,0.2,g
3593,Carbohydrates,26.4,g
3593,Fiber,0.9,g
3593,Fat,0.1,g
3593,Cholesterol,0,mg
3593,Sodium,1,mg
3594,Energy,78,cal
3594,Protein,0.1,g
3594,Carbohydrates,11.2,g
3594,Fiber,0.4,g
3594,Fat,3.8,g
3594,Cholesterol,0,mg
3594,Sodium,0.4,mg
3595,Energy,262,cal
3595,Protein,5.7,g
3595,Carbohydrates,27.7,g
3595,Fiber,0.4,g
3595,Fat,14.2,g
3595,Cholesterol,0,mg
3595,Sodium,1.7,mg
3596,Energy,41,cal
3596,Protein,1,g
3596,Carbohydrates,4.8,g
3596,Fiber,0.1,g
3596,Fat,2,g
3596,Cholesterol,0,mg
3596,Sodium,0.5,mg
3597,Energy,512,cal
3597,Protein,10.3,g
3597,Carbohydrates,48.4,g
3597,Fiber,3,g
3597,Fat,29.7,g
3597,Cholesterol,0,mg
3597,Vitamin A,490.5,mcg
3597,Vitamin B1,0.3,mg
3597,Vitamin B2,0.3,mg
3597,Vitamin B3,0.6,mg
3597,Vitamin C,37.4,mg
3597,Folic Acid,4.2,mcg
3597,Calcium,214.2,mg
3597,Iron,5.5,mg
3597,Magnesium,0,mg
3597,Phosphorus,0,mg
3597,Sodium,198.9,mg
3597,Potassium,108.6,mg
3597,Zinc,1.3,mg
3598,Energy,499,cal
3598,Protein,6.4,g
3598,Carbohydrates,39.1,g
3598,Fiber,3.7,g
3598,Fat,35.1,g
3598,Cholesterol,0,mg
3598,Vitamin A,132,mcg
3598,Vitamin B1,0.2,mg
3598,Vitamin B2,0.1,mg
3598,Vitamin B3,0.5,mg
3598,Vitamin C,0.2,mg
3598,Folic Acid,3.1,mcg
3598,Calcium,15,mg
3598,Iron,1.9,mg
3598,Magnesium,0,mg
3598,Phosphorus,0,mg
3598,Sodium,0,mg
3598,Potassium,0,mg
3598,Zinc,1.5,mg
3599,Energy,537,cal
3599,Protein,6.4,g
3599,Carbohydrates,48.6,g
3599,Fiber,3.7,g
3599,Fat,35.1,g
3599,Cholesterol,0,mg
3599,Sodium,8,mg
3600,Energy,537,cal
3600,Protein,6.4,g
3600,Carbohydrates,48.6,g
3600,Fiber,3.7,g
3600,Fat,35.1,g
3600,Cholesterol,0,mg
3600,Sodium,8,mg
3601,Energy,537,cal
3601,Protein,6.4,g
3601,Carbohydrates,48.6,g
3601,Fiber,3.7,g
3601,Fat,35.1,g
3601,Cholesterol,0,mg
3601,Sodium,8,mg
3602,Energy,631,cal
3602,Protein,0.9,g
3602,Carbohydrates,14.4,g
3602,Fiber,0,g
3602,Fat,63.3,g
3602,Cholesterol,0,mg
3602,Sodium,0.6,mg
3603,Energy,77,cal
3603,Protein,1.7,g
3603,Carbohydrates,9.1,g
3603,Fiber,0.1,g
3603,Fat,3.8,g
3603,Cholesterol,0,mg
3603,Sodium,0.9,mg
3604,Energy,64,cal
3604,Protein,1.7,g
3604,Carbohydrates,5.8,g
3604,Fiber,0.1,g
3604,Fat,3.7,g
3604,Cholesterol,0.5,mg
3604,Sodium,1.5,mg
3605,Energy,64,cal
3605,Protein,1.7,g
3605,Carbohydrates,5.8,g
3605,Fiber,0.1,g
3605,Fat,3.7,g
3605,Cholesterol,0.5,mg
3605,Sodium,1.5,mg
3606,Energy,76,cal
3606,Protein,0,g
3606,Carbohydrates,19.4,g
3606,Fiber,0,g
3606,Fat,0,g
3606,Cholesterol,0,mg
3606,Sodium,0,mg
3607,Energy,70,cal
3607,Protein,0.1,g
3607,Carbohydrates,6.1,g
3607,Fiber,0.1,g
3607,Fat,5,g
3607,Cholesterol,0,mg
3607,Vitamin A,45,mcg
3607,Vitamin B1,0,mg
3607,Vitamin B2,0,mg
3607,Vitamin B3,0,mg
3607,Vitamin C,1.3,mg
3607,Folic Acid,0,mcg
3607,Calcium,7.1,mg
3607,Iron,0.2,mg
3607,Magnesium,0,mg
3607,Phosphorus,0,mg
3607,Sodium,0,mg
3607,Potassium,9,mg
3607,Zinc,0,mg
3608,Energy,174,cal
3608,Protein,6,g
3608,Carbohydrates,19.5,g
3608,Fiber,1.8,g
3608,Fat,8,g
3608,Cholesterol,0,mg
3608,Sodium,9.3,mg
3609,Energy,111,cal
3609,Protein,4.4,g
3609,Carbohydrates,8.2,g
3609,Fiber,2.5,g
3609,Fat,6.8,g
3609,Cholesterol,0,mg
3609,Sodium,37.7,mg
3610,Energy,111,cal
3610,Protein,4.4,g
3610,Carbohydrates,8.2,g
3610,Fiber,2.5,g
3610,Fat,6.8,g
3610,Cholesterol,0,mg
3610,Sodium,37.7,mg
3611,Energy,121,cal
3611,Protein,3.8,g
3611,Carbohydrates,8.8,g
3611,Fiber,0,g
3611,Fat,7.9,g
3611,Cholesterol,0,mg
3611,Sodium,3.5,mg
3612,Energy,68,cal
3612,Protein,2.1,g
3612,Carbohydrates,5.1,g
3612,Fiber,0,g
3612,Fat,4.4,g
3612,Cholesterol,0,mg
3612,Sodium,1.9,mg
3613,Energy,69,cal
3613,Protein,1.1,g
3613,Carbohydrates,8.6,g
3613,Fiber,1.7,g
3613,Fat,3.6,g
3613,Cholesterol,0,mg
3613,Sodium,17.9,mg
3614,Energy,256,cal
3614,Protein,2.5,g
3614,Carbohydrates,5.9,g
3614,Fiber,0.7,g
3614,Fat,25,g
3614,Cholesterol,0,mg
3614,Sodium,11.6,mg
3615,Energy,89,cal
3615,Protein,0.5,g
3615,Carbohydrates,21.2,g
3615,Fiber,0.9,g
3615,Fat,0.2,g
3615,Cholesterol,0,mg
3615,Sodium,8.7,mg
3616,Energy,123,cal
3616,Protein,3.5,g
3616,Carbohydrates,12,g
3616,Fiber,0.6,g
3616,Fat,5,g
3616,Cholesterol,12.1,mg
3616,Sodium,14.2,mg
3617,Energy,311,cal
3617,Protein,8.5,g
3617,Carbohydrates,27.2,g
3617,Fiber,7.5,g
3617,Fat,15.7,g
3617,Cholesterol,0,mg
3617,Sodium,30.4,mg
3618,Energy,84,cal
3618,Protein,2.1,g
3618,Carbohydrates,6.3,g
3618,Fiber,1.5,g
3618,Fat,5.6,g
3618,Cholesterol,0,mg
3618,Sodium,7.5,mg
3619,Energy,167,cal
3619,Protein,1.2,g
3619,Carbohydrates,6.3,g
3619,Fiber,2.8,g
3619,Fat,15.2,g
3619,Cholesterol,0,mg
3619,Sodium,7.3,mg
3620,Energy,97,cal
3620,Protein,3.1,g
3620,Carbohydrates,18.2,g
3620,Fiber,3.1,g
3620,Fat,1.4,g
3620,Cholesterol,0,mg
3620,Sodium,2.9,mg
3621,Energy,105,cal
3621,Protein,3,g
3621,Carbohydrates,9.7,g
3621,Fiber,0.2,g
3621,Fat,4.4,g
3621,Cholesterol,10.7,mg
3621,Sodium,13.7,mg
3622,Energy,122,cal
3622,Protein,7.6,g
3622,Carbohydrates,19.8,g
3622,Fiber,2.6,g
3622,Fat,1.4,g
3622,Cholesterol,0,mg
3622,Sodium,9.5,mg
3623,Energy,122,cal
3623,Protein,7.6,g
3623,Carbohydrates,19.8,g
3623,Fiber,2.6,g
3623,Fat,1.4,g
3623,Cholesterol,0,mg
3623,Sodium,9.5,mg
3624,Energy,89,cal
3624,Protein,2.2,g
3624,Carbohydrates,11.3,g
3624,Fiber,1,g
3624,Fat,3.9,g
3624,Cholesterol,0,mg
3624,Sodium,3.2,mg
3625,Energy,385,cal
3625,Protein,3,g
3625,Carbohydrates,31.7,g
3625,Fiber,4.1,g
3625,Fat,27.6,g
3625,Cholesterol,0,mg
3625,Sodium,12.7,mg
3626,Energy,203,cal
3626,Protein,5,g
3626,Carbohydrates,13.4,g
3626,Fiber,2.6,g
3626,Fat,14.4,g
3626,Cholesterol,0,mg
3626,Vitamin A,82.4,mcg
3626,Vitamin B1,0.2,mg
3626,Vitamin B2,0,mg
3626,Vitamin B3,3.8,mg
3626,Vitamin C,9,mg
3626,Folic Acid,9.5,mcg
3626,Calcium,24.1,mg
3626,Iron,0.6,mg
3626,Magnesium,0,mg
3626,Phosphorus,0,mg
3626,Sodium,4,mg
3626,Potassium,109.2,mg
3626,Zinc,0.9,mg
3629,Energy,63,cal
3629,Protein,1.3,g
3629,Carbohydrates,6.8,g
3629,Fiber,1.3,g
3629,Fat,3.3,g
3629,Cholesterol,0,mg
3629,Vitamin A,41.9,mcg
3629,Vitamin B1,0,mg
3629,Vitamin B2,0,mg
3629,Vitamin B3,0.2,mg
3629,Vitamin C,0.2,mg
3629,Folic Acid,9.9,mcg
3629,Calcium,7,mg
3629,Iron,0.4,mg
3629,Magnesium,0,mg
3629,Phosphorus,0,mg
3629,Sodium,4.9,mg
3629,Potassium,65.3,mg
3629,Zinc,0.1,mg
3630,Energy,144,cal
3630,Protein,1.6,g
3630,Carbohydrates,25.4,g
3630,Fiber,4.1,g
3630,Fat,3.9,g
3630,Cholesterol,0,mg
3630,Sodium,9.6,mg
3631,Energy,144,cal
3631,Protein,1.6,g
3631,Carbohydrates,25.4,g
3631,Fiber,4.1,g
3631,Fat,3.9,g
3631,Cholesterol,0,mg
3631,Sodium,9.6,mg
3632,Energy,40,cal
3632,Protein,0.5,g
3632,Carbohydrates,7,g
3632,Fiber,1.2,g
3632,Fat,1,g
3632,Cholesterol,0,mg
3632,Sodium,4,mg
3633,Energy,286,cal
3633,Protein,7.8,g
3633,Carbohydrates,16.8,g
3633,Fiber,4.4,g
3633,Fat,20.9,g
3633,Cholesterol,0,mg
3633,Sodium,5.5,mg
3634,Energy,60,cal
3634,Protein,0.7,g
3634,Carbohydrates,8.5,g
3634,Fiber,1.4,g
3634,Fat,2.5,g
3634,Cholesterol,0,mg
3634,Sodium,2.1,mg
3635,Energy,49,cal
3635,Protein,1.2,g
3635,Carbohydrates,4.8,g
3635,Fiber,1.9,g
3635,Fat,2.7,g
3635,Cholesterol,0,mg
3635,Vitamin A,750.7,mcg
3635,Vitamin B1,0,mg
3635,Vitamin B2,0,mg
3635,Vitamin B3,0.2,mg
3635,Vitamin C,16.4,mg
3635,Folic Acid,20,mcg
3635,Calcium,53.4,mg
3635,Iron,2.7,mg
3635,Magnesium,0,mg
3635,Phosphorus,0,mg
3635,Sodium,4.8,mg
3635,Potassium,62.4,mg
3635,Zinc,0.1,mg
3636,Energy,268,cal
3636,Protein,4.4,g
3636,Carbohydrates,28.3,g
3636,Fiber,5.3,g
3636,Fat,15.7,g
3636,Cholesterol,0,mg
3636,Sodium,12.3,mg
3637,Energy,70,cal
3637,Protein,1,g
3637,Carbohydrates,8.7,g
3637,Fiber,1.3,g
3637,Fat,3.6,g
3637,Cholesterol,0,mg
3637,Sodium,3,mg
3638,Energy,233,cal
3638,Protein,1,g
3638,Carbohydrates,19.5,g
3638,Fiber,3.2,g
3638,Fat,16.7,g
3638,Cholesterol,0,mg
3638,Sodium,6.8,mg
3639,Energy,233,cal
3639,Protein,1,g
3639,Carbohydrates,19.5,g
3639,Fiber,3.2,g
3639,Fat,16.7,g
3639,Cholesterol,0,mg
3639,Sodium,6.8,mg
3640,Energy,319,cal
3640,Protein,11.1,g
3640,Carbohydrates,34.1,g
3640,Fiber,8.1,g
3640,Fat,15.4,g
3640,Cholesterol,0,mg
3640,Vitamin A,282.4,mcg
3640,Vitamin B1,0.3,mg
3640,Vitamin B2,0.1,mg
3640,Vitamin B3,1.4,mg
3640,Vitamin C,5.8,mg
3640,Folic Acid,77.4,mcg
3640,Calcium,45.5,mg
3640,Iron,2.9,mg
3640,Magnesium,0,mg
3640,Phosphorus,0,mg
3640,Sodium,39.6,mg
3640,Potassium,410.9,mg
3640,Zinc,1,mg
3641,Energy,319,cal
3641,Protein,11.1,g
3641,Carbohydrates,34.1,g
3641,Fiber,8.1,g
3641,Fat,15.4,g
3641,Cholesterol,0,mg
3641,Vitamin A,282.4,mcg
3641,Vitamin B1,0.3,mg
3641,Vitamin B2,0.1,mg
3641,Vitamin B3,1.4,mg
3641,Vitamin C,5.8,mg
3641,Folic Acid,77.4,mcg
3641,Calcium,45.5,mg
3641,Iron,2.9,mg
3641,Magnesium,0,mg
3641,Phosphorus,0,mg
3641,Sodium,39.6,mg
3641,Potassium,410.9,mg
3641,Zinc,1,mg
3642,Energy,319,cal
3642,Protein,11.1,g
3642,Carbohydrates,34.1,g
3642,Fiber,8.1,g
3642,Fat,15.4,g
3642,Cholesterol,0,mg
3642,Vitamin A,282.4,mcg
3642,Vitamin B1,0.3,mg
3642,Vitamin B2,0.1,mg
3642,Vitamin B3,1.4,mg
3642,Vitamin C,5.8,mg
3642,Folic Acid,77.4,mcg
3642,Calcium,45.5,mg
3642,Iron,2.9,mg
3642,Magnesium,0,mg
3642,Phosphorus,0,mg
3642,Sodium,39.6,mg
3642,Potassium,410.9,mg
3642,Zinc,1,mg
3643,Energy,246,cal
3643,Protein,2.7,g
3643,Carbohydrates,25.4,g
3643,Fiber,1.9,g
3643,Fat,15.2,g
3643,Cholesterol,0,mg
3643,Vitamin A,157.9,mcg
3643,Vitamin B1,0.1,mg
3643,Vitamin B2,0,mg
3643,Vitamin B3,1.4,mg
3643,Vitamin C,16.1,mg
3643,Folic Acid,23.4,mcg
3643,Calcium,14.6,mg
3643,Iron,0.8,mg
3643,Magnesium,0,mg
3643,Phosphorus,0,mg
3643,Sodium,563.5,mg
3643,Potassium,259,mg
3643,Zinc,0.6,mg
3644,Energy,104,cal
3644,Protein,1.4,g
3644,Carbohydrates,13.9,g
3644,Fiber,0,g
3644,Fat,4.6,g
3644,Cholesterol,11.3,mg
3644,Sodium,36.9,mg
3645,Energy,104,cal
3645,Protein,1.4,g
3645,Carbohydrates,13.9,g
3645,Fiber,0,g
3645,Fat,4.6,g
3645,Cholesterol,11.3,mg
3645,Sodium,36.9,mg
3646,Energy,94,cal
3646,Protein,0.3,g
3646,Carbohydrates,6.2,g
3646,Fiber,0.4,g
3646,Fat,7.6,g
3646,Cholesterol,0,mg
3646,Vitamin A,118.7,mcg
3646,Vitamin B1,0.1,mg
3646,Vitamin B2,0,mg
3646,Vitamin B3,0.1,mg
3646,Vitamin C,18.1,mg
3646,Folic Acid,0.9,mcg
3646,Calcium,8.2,mg
3646,Iron,0.2,mg
3646,Magnesium,0,mg
3646,Phosphorus,0,mg
3646,Sodium,0.6,mg
3646,Potassium,19.1,mg
3646,Zinc,0.1,mg
3647,Energy,275,cal
3647,Protein,3.9,g
3647,Carbohydrates,19.2,g
3647,Fiber,4.7,g
3647,Fat,20.3,g
3647,Cholesterol,0,mg
3647,Sodium,7.4,mg
3648,Energy,360,cal
3648,Protein,9.7,g
3648,Carbohydrates,34.1,g
3648,Fiber,13.3,g
3648,Fat,20.4,g
3648,Cholesterol,0,mg
3648,Sodium,929.3,mg
3649,Energy,67,cal
3649,Protein,3.6,g
3649,Carbohydrates,9.1,g
3649,Fiber,1.5,g
3649,Fat,1.8,g
3649,Cholesterol,0,mg
3649,Sodium,31.3,mg
3650,Energy,67,cal
3650,Protein,3.6,g
3650,Carbohydrates,9.1,g
3650,Fiber,1.5,g
3650,Fat,1.8,g
3650,Cholesterol,0,mg
3650,Sodium,31.3,mg
3651,Energy,67,cal
3651,Protein,3.6,g
3651,Carbohydrates,9.1,g
3651,Fiber,1.5,g
3651,Fat,1.8,g
3651,Cholesterol,0,mg
3651,Sodium,31.3,mg
3652,Energy,129,cal
3652,Protein,4.4,g
3652,Carbohydrates,10.8,g
3652,Fiber,1.7,g
3652,Fat,6.3,g
3652,Cholesterol,0,mg
3652,Vitamin A,117.3,mcg
3652,Vitamin B1,0.1,mg
3652,Vitamin B2,0.1,mg
3652,Vitamin B3,0.3,mg
3652,Vitamin C,2.6,mg
3652,Folic Acid,18.4,mcg
3652,Calcium,114.9,mg
3652,Iron,0.7,mg
3652,Magnesium,0,mg
3652,Phosphorus,0,mg
3652,Sodium,17.4,mg
3652,Potassium,131.4,mg
3652,Zinc,0.2,mg
3653,Energy,65,cal
3653,Protein,2,g
3653,Carbohydrates,11.3,g
3653,Fiber,2.1,g
3653,Fat,1.6,g
3653,Cholesterol,0,mg
3653,Sodium,3.2,mg
3654,Amt,20,gm
3654,Energy,56,kcal
3654,Protein,1.7,gm
3654,Cho,9.4,gm
3654,Fat,1.3,gm
3654,Vit-A,43.1,mcg
3654,Vit-C,5.3,mg
3654,Calcium,7.9,mg
3654,Iron,0.8,mg
3654,F.Acid,5,mcg
3654,Fibre,0.7,gm
3655,Amt,20,gm
3655,Energy,56,kcal
3655,Protein,1.7,gm
3655,Cho,9.4,gm
3655,Fat,1.3,gm
3655,Vit-A,43.1,mcg
3655,Vit-C,5.3,mg
3655,Calcium,7.9,mg
3655,Iron,0.8,mg
3655,F.Acid,5,mcg
3655,Fibre,0.7,gm
3656,Amt,20,gm
3656,Energy,56,kcal
3656,Protein,1.7,gm
3656,Cho,9.4,gm
3656,Fat,1.3,gm
3656,Vit-A,43.1,mcg
3656,Vit-C,5.3,mg
3656,Calcium,7.9,mg
3656,Iron,0.8,mg
3656,F.Acid,5,mcg
3656,Fibre,0.7,gm
3657,Energy,33,cal
3657,Protein,0.6,g
3657,Carbohydrates,3.2,g
3657,Fiber,0.4,g
3657,Fat,2,g
3657,Cholesterol,0,mg
3657,Sodium,1.4,mg
3658,Energy,33,cal
3658,Protein,0.6,g
3658,Carbohydrates,3.2,g
3658,Fiber,0.4,g
3658,Fat,2,g
3658,Cholesterol,0,mg
3658,Sodium,1.4,mg
3661,Energy,169,cal
3661,Protein,3.3,g
3661,Carbohydrates,17.6,g
3661,Fiber,0.3,g
3661,Fat,9.4,g
3661,Cholesterol,0,mg
3661,Sodium,0,mg
3662,Energy,294,cal
3662,Protein,5.6,g
3662,Carbohydrates,45.8,g
3662,Fiber,2.4,g
3662,Fat,9.7,g
3662,Cholesterol,0.4,mg
3662,Sodium,4.6,mg
3663,Energy,185,cal
3663,Protein,5,g
3663,Carbohydrates,24.8,g
3663,Fiber,4,g
3663,Fat,7.2,g
3663,Cholesterol,4,mg
3663,Sodium,11.2,mg
3664,Energy,129,cal
3664,Protein,4.5,g
3664,Carbohydrates,24.4,g
3664,Fiber,4,g
3664,Fat,2,g
3664,Cholesterol,0,mg
3664,Sodium,14.8,mg
3665,Energy,100,cal
3665,Protein,2,g
3665,Carbohydrates,11.8,g
3665,Fiber,2,g
3665,Fat,5.3,g
3665,Cholesterol,0,mg
3665,Sodium,3.2,mg
3666,Energy,287,cal
3666,Protein,10.9,g
3666,Carbohydrates,37.5,g
3666,Fiber,8.1,g
3666,Fat,10.5,g
3666,Cholesterol,0,mg
3666,Sodium,37,mg
3667,Energy,287,cal
3667,Protein,10.9,g
3667,Carbohydrates,37.5,g
3667,Fiber,8.1,g
3667,Fat,10.5,g
3667,Cholesterol,0,mg
3667,Sodium,37,mg
3668,Energy,164,cal
3668,Protein,1.6,g
3668,Carbohydrates,50.6,g
3668,Fiber,1.3,g
3668,Fat,11.4,g
3668,Cholesterol,0,mg
3668,Sodium,7.3,mg
3669,Energy,164,cal
3669,Protein,1.6,g
3669,Carbohydrates,50.6,g
3669,Fiber,1.3,g
3669,Fat,11.4,g
3669,Cholesterol,0,mg
3669,Sodium,7.3,mg
3670,Energy,78,cal
3670,Protein,1.9,g
3670,Carbohydrates,5.3,g
3670,Fiber,1.4,g
3670,Fat,5.5,g
3670,Cholesterol,0,mg
3670,Sodium,15.7,mg
3671,Energy,195,cal
3671,Protein,2.5,g
3671,Carbohydrates,19.8,g
3671,Fiber,4.8,g
3671,Fat,11.8,g
3671,Cholesterol,0,mg
3671,Sodium,52.5,mg
3672,Energy,195,cal
3672,Protein,2.5,g
3672,Carbohydrates,19.8,g
3672,Fiber,4.8,g
3672,Fat,11.8,g
3672,Cholesterol,0,mg
3672,Sodium,52.5,mg
3673,Energy,182,cal
3673,Protein,3.5,g
3673,Carbohydrates,17.8,g
3673,Fiber,0.2,g
3673,Fat,10.7,g
3673,Cholesterol,0,mg
3673,Vitamin A,82.8,mcg
3673,Vitamin B1,0,mg
3673,Vitamin B2,0.1,mg
3673,Vitamin B3,0.2,mg
3673,Vitamin C,1.1,mg
3673,Folic Acid,0,mcg
3673,Calcium,169.1,mg
3673,Iron,1.4,mg
3673,Magnesium,0,mg
3673,Phosphorus,0,mg
3673,Sodium,0,mg
3673,Potassium,0,mg
3673,Zinc,0,mg
3674,Energy,182,cal
3674,Protein,3.5,g
3674,Carbohydrates,17.8,g
3674,Fiber,0.2,g
3674,Fat,10.7,g
3674,Cholesterol,0,mg
3674,Vitamin A,82.8,mcg
3674,Vitamin B1,0,mg
3674,Vitamin B2,0.1,mg
3674,Vitamin B3,0.2,mg
3674,Vitamin C,1.1,mg
3674,Folic Acid,0,mcg
3674,Calcium,169.1,mg
3674,Iron,1.4,mg
3674,Magnesium,0,mg
3674,Phosphorus,0,mg
3674,Sodium,0,mg
3674,Potassium,0,mg
3674,Zinc,0,mg
3675,Energy,138,cal
3675,Protein,0,g
3675,Carbohydrates,0.7,g
3675,Fiber,0,g
3675,Fat,15,g
3675,Cholesterol,0,mg
3675,Sodium,0.1,mg
3680,Energy,75,cal
3680,Protein,0.2,g
3680,Carbohydrates,18.1,g
3680,Fiber,0.3,g
3680,Fat,0.2,g
3680,Cholesterol,0,mg
3680,Vitamin A,0,mcg
3680,Vitamin B1,0,mg
3680,Vitamin B2,0,mg
3680,Vitamin B3,0,mg
3680,Vitamin C,7.8,mg
3680,Folic Acid,0,mcg
3680,Calcium,14,mg
3680,Iron,0.1,mg
3680,Magnesium,0,mg
3680,Phosphorus,0,mg
3680,Sodium,0,mg
3680,Potassium,54,mg
3680,Zinc,0,mg
3681,Energy,289,cal
3681,Protein,8.2,g
3681,Carbohydrates,28.1,g
3681,Fiber,0.2,g
3681,Fat,14.5,g
3681,Cholesterol,10.7,mg
3681,Sodium,18.6,mg
3682,Energy,47,cal
3682,Protein,0.1,g
3682,Carbohydrates,11.7,g
3682,Fiber,0.3,g
3682,Fat,0.1,g
3682,Cholesterol,0,mg
3682,Sodium,0.3,mg
3683,Energy,47,cal
3683,Protein,0.1,g
3683,Carbohydrates,11.7,g
3683,Fiber,0.3,g
3683,Fat,0.1,g
3683,Cholesterol,0,mg
3683,Sodium,0.3,mg
3684,Energy,178,cal
3684,Protein,5,g
3684,Carbohydrates,17,g
3684,Fiber,0.2,g
3684,Fat,7.4,g
3684,Cholesterol,18,mg
3684,Sodium,21.5,mg
3685,Energy,181,cal
3685,Protein,5.1,g
3685,Carbohydrates,17.1,g
3685,Fiber,0.2,g
3685,Fat,7.5,g
3685,Cholesterol,18.3,mg
3685,Sodium,21.8,mg
3686,Energy,98,cal
3686,Protein,3.6,g
3686,Carbohydrates,10.3,g
3686,Fiber,0,g
3686,Fat,4.7,g
3686,Cholesterol,0.1,mg
3686,Sodium,0.1,mg
3687,Energy,49,cal
3687,Protein,0.7,g
3687,Carbohydrates,5.2,g
3687,Fiber,0,g
3687,Fat,2.7,g
3687,Cholesterol,0,mg
3687,Vitamin A,21,mcg
3687,Vitamin B1,0,mg
3687,Vitamin B2,0,mg
3687,Vitamin B3,0.1,mg
3687,Vitamin C,0,mg
3687,Folic Acid,0.1,mcg
3687,Calcium,5.7,mg
3687,Iron,0.2,mg
3687,Magnesium,0,mg
3687,Phosphorus,0,mg
3687,Sodium,0.6,mg
3687,Potassium,5.6,mg
3687,Zinc,0,mg
3688,Energy,248,cal
3688,Protein,7,g
3688,Carbohydrates,20.3,g
3688,Fiber,0.4,g
3688,Fat,12.6,g
3688,Cholesterol,18.6,mg
3688,Sodium,22.3,mg
3689,Energy,191,cal
3689,Protein,5.4,g
3689,Carbohydrates,15.4,g
3689,Fiber,0.2,g
3689,Fat,9.7,g
3689,Cholesterol,15.4,mg
3689,Sodium,18.2,mg
3690,Energy,246,cal
3690,Protein,7.9,g
3690,Carbohydrates,14.7,g
3690,Fiber,0.2,g
3690,Fat,13.8,g
3690,Cholesterol,24,mg
3690,Sodium,28.6,mg
3691,Energy,423,cal
3691,Protein,12.9,g
3691,Carbohydrates,32.9,g
3691,Fiber,0,g
3691,Fat,19.5,g
3691,Cholesterol,48,mg
3691,Sodium,57,mg
3692,Energy,321,cal
3692,Protein,3.5,g
3692,Carbohydrates,51.4,g
3692,Fiber,0.1,g
3692,Fat,11.2,g
3692,Cholesterol,0,mg
3692,Sodium,5.8,mg
3693,Energy,156,cal
3693,Protein,6.4,g
3693,Carbohydrates,14.9,g
3693,Fiber,0.2,g
3693,Fat,7.7,g
3693,Cholesterol,1.2,mg
3693,Sodium,51.5,mg
3694,Energy,332,cal
3694,Protein,9.6,g
3694,Carbohydrates,33.2,g
3694,Fiber,0.6,g
3694,Fat,13.1,g
3694,Cholesterol,32,mg
3694,Sodium,38.8,mg
3695,Energy,332,cal
3695,Protein,9.6,g
3695,Carbohydrates,33.2,g
3695,Fiber,0.6,g
3695,Fat,13.1,g
3695,Cholesterol,32,mg
3695,Sodium,38.8,mg
3696,Energy,332,cal
3696,Protein,9.6,g
3696,Carbohydrates,33.2,g
3696,Fiber,0.6,g
3696,Fat,13.1,g
3696,Cholesterol,32,mg
3696,Sodium,38.8,mg
3697,Energy,14,cal
3697,Protein,0.1,g
3697,Carbohydrates,3.5,g
3697,Fiber,0.3,g
3697,Fat,0,g
3697,Cholesterol,0,mg
3697,Sodium,0,mg
3698,Energy,14,cal
3698,Protein,0.1,g
3698,Carbohydrates,3.5,g
3698,Fiber,0.3,g
3698,Fat,0,g
3698,Cholesterol,0,mg
3698,Sodium,0,mg
3699,Energy,14,cal
3699,Protein,0.1,g
3699,Carbohydrates,3.5,g
3699,Fiber,0.3,g
3699,Fat,0,g
3699,Cholesterol,0,mg
3699,Sodium,0,mg
3701,Energy,119,cal
3701,Protein,2.6,g
3701,Carbohydrates,15.7,g
3701,Fiber,2.6,g
3701,Fat,5.4,g
3701,Cholesterol,0,mg
3701,Sodium,4.3,mg
3702,Energy,204,cal
3702,Protein,7.2,g
3702,Carbohydrates,37.2,g
3702,Fiber,2.8,g
3702,Fat,5.4,g
3702,Cholesterol,0,mg
3702,Sodium,14.5,mg
3703,Energy,204,cal
3703,Protein,7.2,g
3703,Carbohydrates,37.2,g
3703,Fiber,2.8,g
3703,Fat,5.4,g
3703,Cholesterol,0,mg
3703,Sodium,14.5,mg
3704,Fibre,1.7,gm
3704,Calcium,134.6,mg
3704,Vitamin C,37.1,mg
3704,Energy,165,cal
3704,Protein,7.1,gm
3704,Carbohydrate,28.4,gm
3704,Fat,5.4,gm
3705,Energy,128,cal
3705,Protein,6.1,g
3705,Carbohydrates,19.5,g
3705,Fiber,4.7,g
3705,Fat,3,g
3705,Cholesterol,0,mg
3705,Sodium,8.2,mg
3706,Energy,128,cal
3706,Protein,6.1,g
3706,Carbohydrates,19.5,g
3706,Fiber,4.7,g
3706,Fat,3,g
3706,Cholesterol,0,mg
3706,Sodium,8.2,mg
3707,Energy,118,cal
3707,Protein,7,g
3707,Carbohydrates,18.7,g
3707,Fiber,3.5,g
3707,Fat,1.7,g
3707,Cholesterol,0,mg
3707,Sodium,11.9,mg
3708,Energy,118,cal
3708,Protein,7,g
3708,Carbohydrates,18.7,g
3708,Fiber,3.5,g
3708,Fat,1.7,g
3708,Cholesterol,0,mg
3708,Sodium,11.9,mg
3709,Energy,118,cal
3709,Protein,7,g
3709,Carbohydrates,18.7,g
3709,Fiber,3.5,g
3709,Fat,1.7,g
3709,Cholesterol,0,mg
3709,Sodium,11.9,mg
3710,Energy,73,cal
3710,Protein,3,g
3710,Carbohydrates,10.6,g
3710,Fiber,2.1,g
3710,Fat,2.1,g
3710,Cholesterol,0,mg
3710,Sodium,10.3,mg
3711,Energy,132,cal
3711,Protein,4.8,g
3711,Carbohydrates,7.3,g
3711,Fiber,4,g
3711,Fat,9.2,g
3711,Cholesterol,0,mg
3711,Vitamin A,110.1,mcg
3711,Vitamin B1,0.2,mg
3711,Vitamin B2,0,mg
3711,Vitamin B3,3.5,mg
3711,Vitamin C,6.8,mg
3711,Folic Acid,10.9,mcg
3711,Calcium,25.9,mg
3711,Iron,0.8,mg
3711,Magnesium,0,mg
3711,Phosphorus,0,mg
3711,Sodium,5.5,mg
3711,Potassium,37.2,mg
3711,Zinc,0.8,mg
3712,Energy,132,cal
3712,Protein,4.8,g
3712,Carbohydrates,7.3,g
3712,Fiber,4,g
3712,Fat,9.2,g
3712,Cholesterol,0,mg
3712,Vitamin A,110.1,mcg
3712,Vitamin B1,0.2,mg
3712,Vitamin B2,0,mg
3712,Vitamin B3,3.5,mg
3712,Vitamin C,6.8,mg
3712,Folic Acid,10.9,mcg
3712,Calcium,25.9,mg
3712,Iron,0.8,mg
3712,Magnesium,0,mg
3712,Phosphorus,0,mg
3712,Sodium,5.5,mg
3712,Potassium,37.2,mg
3712,Zinc,0.8,mg
3713,Energy,94,cal
3713,Protein,3.1,g
3713,Carbohydrates,19.1,g
3713,Fiber,3.2,g
3713,Fat,1,g
3713,Cholesterol,0,mg
3713,Sodium,5.2,mg
3714,Energy,98,cal
3714,Protein,3.1,g
3714,Carbohydrates,19.1,g
3714,Fiber,3.2,g
3714,Fat,1.5,g
3714,Cholesterol,3,mg
3714,Sodium,15.1,mg
3715,Energy,98,cal
3715,Protein,3.1,g
3715,Carbohydrates,19.1,g
3715,Fiber,3.2,g
3715,Fat,1.5,g
3715,Cholesterol,3,mg
3715,Sodium,15.1,mg
3716,Energy,228,cal
3716,Protein,3.1,g
3716,Carbohydrates,34.2,g
3716,Fiber,2.1,g
3716,Fat,7.5,g
3716,Cholesterol,8,mg
3716,Sodium,10.9,mg
3717,Energy,282,cal
3717,Protein,10.8,g
3717,Carbohydrates,27.3,g
3717,Fiber,6.4,g
3717,Fat,13.3,g
3717,Cholesterol,8,mg
3717,Sodium,39.6,mg
3718,Energy,248,cal
3718,Protein,10.7,g
3718,Carbohydrates,27.2,g
3718,Fiber,6.3,g
3718,Fat,9.6,g
3718,Cholesterol,8,mg
3718,Sodium,39.5,mg
3719,Energy,42,cal
3719,Protein,1.5,g
3719,Carbohydrates,3.7,g
3719,Fiber,0.9,g
3719,Fat,2.2,g
3719,Cholesterol,1.1,mg
3719,Sodium,5.4,mg
3720,Energy,42,cal
3720,Protein,1.5,g
3720,Carbohydrates,3.7,g
3720,Fiber,0.9,g
3720,Fat,2.2,g
3720,Cholesterol,1.1,mg
3720,Sodium,5.4,mg
3721,Energy,114,cal
3721,Protein,2.5,g
3721,Carbohydrates,9.1,g
3721,Fiber,0.2,g
3721,Fat,6.3,g
3721,Cholesterol,8,mg
3721,Sodium,9.5,mg
3722,Energy,49,cal
3722,Protein,1.7,g
3722,Carbohydrates,10.2,g
3722,Fiber,0,g
3722,Fat,0.1,g
3722,Cholesterol,0,mg
3722,Sodium,170.9,mg
3723,Energy,49,cal
3723,Protein,1.7,g
3723,Carbohydrates,10.2,g
3723,Fiber,0,g
3723,Fat,0.1,g
3723,Cholesterol,0,mg
3723,Sodium,170.9,mg
3724,Energy,115,cal
3724,Protein,2.6,g
3724,Carbohydrates,15.7,g
3724,Fiber,0.3,g
3724,Fat,4.7,g
3724,Cholesterol,0,mg
3724,Sodium,4.5,mg
3725,Energy,126,cal
3725,Protein,2.6,g
3725,Carbohydrates,12.5,g
3725,Fiber,1.1,g
3725,Fat,6.8,g
3725,Cholesterol,1.2,mg
3725,Sodium,4.4,mg
3726,Energy,126,cal
3726,Protein,2.6,g
3726,Carbohydrates,12.5,g
3726,Fiber,1.1,g
3726,Fat,6.8,g
3726,Cholesterol,1.2,mg
3726,Sodium,4.4,mg
3727,Energy,126,cal
3727,Protein,2.6,g
3727,Carbohydrates,12.5,g
3727,Fiber,1.1,g
3727,Fat,6.8,g
3727,Cholesterol,1.2,mg
3727,Sodium,4.4,mg
3728,Energy,128,cal
3728,Protein,4.5,g
3728,Carbohydrates,23.9,g
3728,Fiber,2.4,g
3728,Fat,1.6,g
3728,Cholesterol,0,mg
3728,Sodium,6.7,mg
3729,Energy,128,cal
3729,Protein,4.5,g
3729,Carbohydrates,23.9,g
3729,Fiber,2.4,g
3729,Fat,1.6,g
3729,Cholesterol,0,mg
3729,Sodium,6.7,mg
3730,Energy,79,cal
3730,Protein,5.2,g
3730,Carbohydrates,8.6,g
3730,Fiber,3.2,g
3730,Fat,2.7,g
3730,Cholesterol,0,mg
3730,Sodium,73.2,mg
3731,Energy,79,cal
3731,Protein,5.2,g
3731,Carbohydrates,8.6,g
3731,Fiber,3.2,g
3731,Fat,2.7,g
3731,Cholesterol,0,mg
3731,Sodium,73.2,mg
3732,Energy,224,cal
3732,Protein,7.6,g
3732,Carbohydrates,30.5,g
3732,Fiber,8,g
3732,Fat,8,g
3732,Cholesterol,7.5,mg
3732,Sodium,74.1,mg
3733,Energy,224,cal
3733,Protein,7.6,g
3733,Carbohydrates,30.5,g
3733,Fiber,8,g
3733,Fat,8,g
3733,Cholesterol,7.5,mg
3733,Sodium,74.1,mg
3734,Energy,332,cal
3734,Protein,16.7,g
3734,Carbohydrates,37.3,g
3734,Fiber,10.2,g
3734,Fat,11.7,g
3734,Cholesterol,8,mg
3734,Sodium,28.3,mg
3735,Energy,332,cal
3735,Protein,16.7,g
3735,Carbohydrates,37.3,g
3735,Fiber,10.2,g
3735,Fat,11.7,g
3735,Cholesterol,8,mg
3735,Sodium,28.3,mg
3736,Energy,332,cal
3736,Protein,16.7,g
3736,Carbohydrates,37.3,g
3736,Fiber,10.2,g
3736,Fat,11.7,g
3736,Cholesterol,8,mg
3736,Sodium,28.3,mg
3737,Energy,315,cal
3737,Protein,4.8,g
3737,Carbohydrates,47.4,g
3737,Fiber,4.8,g
3737,Fat,11.9,g
3737,Cholesterol,0,mg
3737,Sodium,29.7,mg
3738,Energy,85,cal
3738,Protein,2.1,g
3738,Carbohydrates,7.3,g
3738,Fiber,1.6,g
3738,Fat,5.2,g
3738,Cholesterol,0,mg
3738,Vitamin A,245.6,mcg
3738,Vitamin B1,0.1,mg
3738,Vitamin B2,0.1,mg
3738,Vitamin B3,0.8,mg
3738,Vitamin C,13.1,mg
3738,Folic Acid,28.3,mcg
3738,Calcium,31.5,mg
3738,Iron,0.8,mg
3738,Magnesium,0,mg
3738,Phosphorus,0,mg
3738,Sodium,12.2,mg
3738,Potassium,234.2,mg
3738,Zinc,0.4,mg
3739,Energy,116,cal
3739,Protein,5.1,g
3739,Carbohydrates,20.5,g
3739,Fiber,2.6,g
3739,Fat,1.6,g
3739,Cholesterol,0,mg
3739,Sodium,11.7,mg
3740,Energy,116,cal
3740,Protein,5.1,g
3740,Carbohydrates,20.5,g
3740,Fiber,2.6,g
3740,Fat,1.6,g
3740,Cholesterol,0,mg
3740,Sodium,11.7,mg
3741,Energy,116,cal
3741,Protein,5.1,g
3741,Carbohydrates,20.5,g
3741,Fiber,2.6,g
3741,Fat,1.6,g
3741,Cholesterol,0,mg
3741,Sodium,11.7,mg
3742,Energy,116,cal
3742,Protein,5.1,g
3742,Carbohydrates,20.5,g
3742,Fiber,2.6,g
3742,Fat,1.6,g
3742,Cholesterol,0,mg
3742,Sodium,11.7,mg
3743,Energy,87,cal
3743,Protein,1.7,g
3743,Carbohydrates,6.6,g
3743,Fiber,1,g
3743,Fat,6,g
3743,Cholesterol,0,mg
3743,Sodium,3.9,mg
3745,Energy,59,cal
3745,Protein,0.4,g
3745,Carbohydrates,6.1,g
3745,Fiber,0.2,g
3745,Fat,3.6,g
3745,Cholesterol,0,mg
3745,Sodium,0,mg
3746,Energy,5,cal
3746,Protein,0.1,g
3746,Carbohydrates,1.1,g
3746,Fiber,0.1,g
3746,Fat,0,g
3746,Cholesterol,0,mg
3746,Sodium,0.8,mg
3747,Energy,5,cal
3747,Protein,0.1,g
3747,Carbohydrates,1.1,g
3747,Fiber,0.1,g
3747,Fat,0,g
3747,Cholesterol,0,mg
3747,Sodium,0.8,mg
3748,Energy,289,cal
3748,Protein,7.9,g
3748,Carbohydrates,47.2,g
3748,Fiber,7.9,g
3748,Fat,8.7,g
3748,Cholesterol,0,mg
3748,Sodium,13,mg
3749,Energy,298,cal
3749,Protein,4.2,g
3749,Carbohydrates,8.7,g
3749,Fiber,0.9,g
3749,Fat,27.1,g
3749,Cholesterol,1.6,mg
3749,Sodium,8.5,mg
3750,Energy,219,cal
3750,Protein,8.8,g
3750,Carbohydrates,14.4,g
3750,Fiber,4.1,g
3750,Fat,14.1,g
3750,Cholesterol,0,mg
3750,Sodium,6.4,mg
3751,Energy,219,cal
3751,Protein,8.8,g
3751,Carbohydrates,14.4,g
3751,Fiber,4.1,g
3751,Fat,14.1,g
3751,Cholesterol,0,mg
3751,Sodium,6.4,mg
3752,Energy,149,cal
3752,Protein,0.6,g
3752,Carbohydrates,26.4,g
3752,Fiber,1.1,g
3752,Fat,4.6,g
3752,Cholesterol,0,mg
3752,Sodium,3.6,mg
3753,Energy,149,cal
3753,Protein,0.6,g
3753,Carbohydrates,26.4,g
3753,Fiber,1.1,g
3753,Fat,4.6,g
3753,Cholesterol,0,mg
3753,Sodium,3.6,mg
3754,Energy,222,cal
3754,Protein,3.4,g
3754,Carbohydrates,34.7,g
3754,Fiber,2.1,g
3754,Fat,7.8,g
3754,Cholesterol,0,mg
3754,Vitamin A,87.8,mcg
3754,Vitamin B1,0,mg
3754,Vitamin B2,0.1,mg
3754,Vitamin B3,1.5,mg
3754,Vitamin C,3.6,mg
3754,Folic Acid,7.7,mcg
3754,Calcium,9.2,mg
3754,Iron,0.6,mg
3754,Magnesium,0,mg
3754,Phosphorus,0,mg
3754,Sodium,0.9,mg
3754,Potassium,76.5,mg
3754,Zinc,0.7,mg
3755,Energy,210,cal
3755,Protein,3.4,g
3755,Carbohydrates,14.7,g
3755,Fiber,1.3,g
3755,Fat,15.3,g
3755,Cholesterol,0,mg
3755,Vitamin A,201.2,mcg
3755,Vitamin B1,0.1,mg
3755,Vitamin B2,0.2,mg
3755,Vitamin B3,1.3,mg
3755,Vitamin C,7.7,mg
3755,Folic Acid,16.3,mcg
3755,Calcium,89.4,mg
3755,Iron,0.8,mg
3755,Magnesium,0,mg
3755,Phosphorus,0,mg
3755,Sodium,13.1,mg
3755,Potassium,232.8,mg
3755,Zinc,0.5,mg
3756,Energy,210,cal
3756,Protein,3.4,g
3756,Carbohydrates,14.7,g
3756,Fiber,1.3,g
3756,Fat,15.3,g
3756,Cholesterol,0,mg
3756,Vitamin A,201.2,mcg
3756,Vitamin B1,0.1,mg
3756,Vitamin B2,0.2,mg
3756,Vitamin B3,1.3,mg
3756,Vitamin C,7.7,mg
3756,Folic Acid,16.3,mcg
3756,Calcium,89.4,mg
3756,Iron,0.8,mg
3756,Magnesium,0,mg
3756,Phosphorus,0,mg
3756,Sodium,13.1,mg
3756,Potassium,232.8,mg
3756,Zinc,0.5,mg
3757,Energy,210,cal
3757,Protein,3.4,g
3757,Carbohydrates,14.7,g
3757,Fiber,1.3,g
3757,Fat,15.3,g
3757,Cholesterol,0,mg
3757,Vitamin A,201.2,mcg
3757,Vitamin B1,0.1,mg
3757,Vitamin B2,0.2,mg
3757,Vitamin B3,1.3,mg
3757,Vitamin C,7.7,mg
3757,Folic Acid,16.3,mcg
3757,Calcium,89.4,mg
3757,Iron,0.8,mg
3757,Magnesium,0,mg
3757,Phosphorus,0,mg
3757,Sodium,13.1,mg
3757,Potassium,232.8,mg
3757,Zinc,0.5,mg
3758,Energy,210,cal
3758,Protein,3.4,g
3758,Carbohydrates,14.7,g
3758,Fiber,1.3,g
3758,Fat,15.3,g
3758,Cholesterol,0,mg
3758,Vitamin A,201.2,mcg
3758,Vitamin B1,0.1,mg
3758,Vitamin B2,0.2,mg
3758,Vitamin B3,1.3,mg
3758,Vitamin C,7.7,mg
3758,Folic Acid,16.3,mcg
3758,Calcium,89.4,mg
3758,Iron,0.8,mg
3758,Magnesium,0,mg
3758,Phosphorus,0,mg
3758,Sodium,13.1,mg
3758,Potassium,232.8,mg
3758,Zinc,0.5,mg
3759,Energy,210,cal
3759,Protein,3.4,g
3759,Carbohydrates,14.7,g
3759,Fiber,1.3,g
3759,Fat,15.3,g
3759,Cholesterol,0,mg
3759,Vitamin A,201.2,mcg
3759,Vitamin B1,0.1,mg
3759,Vitamin B2,0.2,mg
3759,Vitamin B3,1.3,mg
3759,Vitamin C,7.7,mg
3759,Folic Acid,16.3,mcg
3759,Calcium,89.4,mg
3759,Iron,0.8,mg
3759,Magnesium,0,mg
3759,Phosphorus,0,mg
3759,Sodium,13.1,mg
3759,Potassium,232.8,mg
3759,Zinc,0.5,mg
3760,Energy,91,cal
3760,Protein,1.4,g
3760,Carbohydrates,3.7,g
3760,Fiber,0.6,g
3760,Fat,8,g
3760,Cholesterol,0,mg
3760,Vitamin A,129.5,mcg
3760,Vitamin B1,0.1,mg
3760,Vitamin B2,0.2,mg
3760,Vitamin B3,1.4,mg
3760,Vitamin C,4.6,mg
3760,Folic Acid,10.4,mcg
3760,Calcium,31.8,mg
3760,Iron,0.5,mg
3760,Magnesium,0,mg
3760,Phosphorus,0,mg
3760,Sodium,6.8,mg
3760,Potassium,158.7,mg
3760,Zinc,0.3,mg
3761,Energy,91,cal
3761,Protein,1.4,g
3761,Carbohydrates,3.7,g
3761,Fiber,0.6,g
3761,Fat,8,g
3761,Cholesterol,0,mg
3761,Vitamin A,129.5,mcg
3761,Vitamin B1,0.1,mg
3761,Vitamin B2,0.2,mg
3761,Vitamin B3,1.4,mg
3761,Vitamin C,4.6,mg
3761,Folic Acid,10.4,mcg
3761,Calcium,31.8,mg
3761,Iron,0.5,mg
3761,Magnesium,0,mg
3761,Phosphorus,0,mg
3761,Sodium,6.8,mg
3761,Potassium,158.7,mg
3761,Zinc,0.3,mg
3762,Energy,178,cal
3762,Protein,1.3,g
3762,Carbohydrates,42.2,g
3762,Fiber,2.1,g
3762,Fat,1.2,g
3762,Cholesterol,0,mg
3762,Sodium,2.5,mg
3763,Energy,55,cal
3763,Protein,0.1,g
3763,Carbohydrates,14.3,g
3763,Fiber,0.2,g
3763,Fat,0.1,g
3763,Cholesterol,0,mg
3763,Sodium,0.2,mg
3764,Energy,329,cal
3764,Protein,3,g
3764,Carbohydrates,68,g
3764,Fiber,0.2,g
3764,Fat,6.3,g
3764,Cholesterol,0,mg
3764,Sodium,5.2,mg
3765,Energy,329,cal
3765,Protein,3,g
3765,Carbohydrates,68,g
3765,Fiber,0.2,g
3765,Fat,6.3,g
3765,Cholesterol,0,mg
3765,Sodium,5.2,mg
3766,Energy,329,cal
3766,Protein,3,g
3766,Carbohydrates,68,g
3766,Fiber,0.2,g
3766,Fat,6.3,g
3766,Cholesterol,0,mg
3766,Sodium,5.2,mg
3767,Energy,329,cal
3767,Protein,3,g
3767,Carbohydrates,68,g
3767,Fiber,0.2,g
3767,Fat,6.3,g
3767,Cholesterol,0,mg
3767,Sodium,5.2,mg
3768,Energy,34,cal
3768,Protein,1.2,g
3768,Carbohydrates,1.5,g
3768,Fiber,0.1,g
3768,Fat,1.9,g
3768,Cholesterol,4.6,mg
3768,Sodium,5.7,mg
3769,Energy,133,cal
3769,Protein,5,g
3769,Carbohydrates,16,g
3769,Fiber,2,g
3769,Fat,5.4,g
3769,Cholesterol,0,mg
3769,Vitamin A,227.5,mcg
3769,Vitamin B1,0.1,mg
3769,Vitamin B2,0,mg
3769,Vitamin B3,0.3,mg
3769,Vitamin C,17.3,mg
3769,Folic Acid,17,mcg
3769,Calcium,85.9,mg
3769,Iron,1.4,mg
3769,Magnesium,0,mg
3769,Phosphorus,0,mg
3769,Sodium,7.7,mg
3769,Potassium,110.9,mg
3769,Zinc,0.9,mg
3770,Energy,176,cal
3770,Protein,4.5,g
3770,Carbohydrates,13.3,g
3770,Fiber,1.4,g
3770,Fat,11.6,g
3770,Cholesterol,0,mg
3770,Sodium,2.9,mg
3771,Energy,80,cal
3771,Protein,3.1,g
3771,Carbohydrates,11.8,g
3771,Fiber,1.7,g
3771,Fat,2.3,g
3771,Cholesterol,0,mg
3771,Sodium,9.1,mg
3772,Energy,65,cal
3772,Protein,1.2,g
3772,Carbohydrates,14.9,g
3772,Fiber,1.8,g
3772,Fat,0.1,g
3772,Cholesterol,0,mg
3772,Vitamin A,76.8,mcg
3772,Vitamin B1,0,mg
3772,Vitamin B2,0.1,mg
3772,Vitamin B3,0.3,mg
3772,Vitamin C,79.4,mg
3772,Folic Acid,14.7,mcg
3772,Calcium,25,mg
3772,Iron,0.5,mg
3772,Magnesium,0,mg
3772,Phosphorus,0,mg
3772,Sodium,0,mg
3772,Potassium,0,mg
3772,Zinc,0.2,mg
3773,Energy,85,cal
3773,Protein,0.2,g
3773,Carbohydrates,21.2,g
3773,Fiber,0.1,g
3773,Fat,0,g
3773,Cholesterol,0,mg
3773,Sodium,112.1,mg
3774,Energy,660,cal
3774,Protein,11.8,g
3774,Carbohydrates,68.1,g
3774,Fiber,1.8,g
3774,Fat,35.4,g
3774,Cholesterol,16,mg
3774,Sodium,105.7,mg
3775,Energy,660,cal
3775,Protein,11.8,g
3775,Carbohydrates,68.1,g
3775,Fiber,1.8,g
3775,Fat,35.4,g
3775,Cholesterol,16,mg
3775,Sodium,105.7,mg
3776,Energy,660,cal
3776,Protein,11.8,g
3776,Carbohydrates,68.1,g
3776,Fiber,1.8,g
3776,Fat,35.4,g
3776,Cholesterol,16,mg
3776,Sodium,105.7,mg
3777,Energy,660,cal
3777,Protein,11.8,g
3777,Carbohydrates,68.1,g
3777,Fiber,1.8,g
3777,Fat,35.4,g
3777,Cholesterol,16,mg
3777,Sodium,105.7,mg
3778,Energy,660,cal
3778,Protein,11.8,g
3778,Carbohydrates,68.1,g
3778,Fiber,1.8,g
3778,Fat,35.4,g
3778,Cholesterol,16,mg
3778,Sodium,105.7,mg
3781,Energy,21,cal
3781,Protein,0.3,g
3781,Carbohydrates,4.3,g
3781,Fiber,0.5,g
3781,Fat,0.3,g
3781,Cholesterol,0,mg
3781,Sodium,0.6,mg
3782,Energy,21,cal
3782,Protein,0.3,g
3782,Carbohydrates,4.3,g
3782,Fiber,0.5,g
3782,Fat,0.3,g
3782,Cholesterol,0,mg
3782,Sodium,0.6,mg
3783,Energy,21,cal
3783,Protein,0.3,g
3783,Carbohydrates,4.3,g
3783,Fiber,0.5,g
3783,Fat,0.3,g
3783,Cholesterol,0,mg
3783,Sodium,0.6,mg
3784,Energy,414,cal
3784,Protein,6.2,g
3784,Carbohydrates,79.4,g
3784,Fiber,6.1,g
3784,Fat,8.6,g
3784,Cholesterol,4.8,mg
3784,Sodium,11.8,mg
3786,Energy,22,cal
3786,Protein,0.5,g
3786,Carbohydrates,2.9,g
3786,Fiber,0,g
3786,Fat,1,g
3786,Cholesterol,0,mg
3786,Vitamin A,0,mcg
3786,Vitamin B1,0,mg
3786,Vitamin B2,0,mg
3786,Vitamin B3,0,mg
3786,Vitamin C,0,mg
3786,Folic Acid,0,mcg
3786,Calcium,22.9,mg
3786,Iron,0,mg
3786,Magnesium,0,mg
3786,Phosphorus,0,mg
3786,Sodium,0,mg
3786,Potassium,0,mg
3786,Zinc,0,mg
3787,Energy,152,cal
3787,Protein,2.1,g
3787,Carbohydrates,13.1,g
3787,Fiber,2.9,g
3787,Fat,10.1,g
3787,Cholesterol,0,mg
3787,Sodium,19,mg
3788,Energy,152,cal
3788,Protein,2.1,g
3788,Carbohydrates,13.1,g
3788,Fiber,2.9,g
3788,Fat,10.1,g
3788,Cholesterol,0,mg
3788,Sodium,19,mg
3789,Energy,31,cal
3789,Protein,0.3,g
3789,Carbohydrates,6,g
3789,Fiber,0.6,g
3789,Fat,0.5,g
3789,Cholesterol,0,mg
3789,Sodium,0,mg
3790,Energy,125,cal
3790,Protein,0,g
3790,Carbohydrates,2.8,g
3790,Fiber,0,g
3790,Fat,12.4,g
3790,Cholesterol,0,mg
3790,Sodium,0,mg
3791,Energy,51,cal
3791,Protein,0.2,g
3791,Carbohydrates,1.3,g
3791,Fiber,0.2,g
3791,Fat,5,g
3791,Cholesterol,0,mg
3791,Vitamin A,183.4,mcg
3791,Vitamin B1,0,mg
3791,Vitamin B2,0,mg
3791,Vitamin B3,0.1,mg
3791,Vitamin C,3.9,mg
3791,Folic Acid,0.7,mcg
3791,Calcium,8.8,mg
3791,Iron,0.1,mg
3791,Magnesium,0,mg
3791,Phosphorus,0,mg
3791,Sodium,1.6,mg
3791,Potassium,19.1,mg
3791,Zinc,0.1,mg
3792,Energy,160,cal
3792,Protein,0,g
3792,Carbohydrates,39.8,g
3792,Fiber,0,g
3792,Fat,0,g
3792,Cholesterol,0,mg
3792,Sodium,0,mg
3793,Energy,160,cal
3793,Protein,0,g
3793,Carbohydrates,39.8,g
3793,Fiber,0,g
3793,Fat,0,g
3793,Cholesterol,0,mg
3793,Sodium,0,mg
3794,Energy,113,cal
3794,Protein,1.2,g
3794,Carbohydrates,9.9,g
3794,Fiber,0.3,g
3794,Fat,7.6,g
3794,Cholesterol,0,mg
3794,Sodium,1,mg
3795,Energy,113,cal
3795,Protein,1.2,g
3795,Carbohydrates,9.9,g
3795,Fiber,0.3,g
3795,Fat,7.6,g
3795,Cholesterol,0,mg
3795,Sodium,1,mg
3796,Energy,159,cal
3796,Protein,2.2,g
3796,Carbohydrates,5.7,g
3796,Fiber,0,g
3796,Fat,12.8,g
3796,Cholesterol,8,mg
3796,Sodium,9.9,mg
3797,Energy,159,cal
3797,Protein,2.2,g
3797,Carbohydrates,5.7,g
3797,Fiber,0,g
3797,Fat,12.8,g
3797,Cholesterol,8,mg
3797,Sodium,9.9,mg
3798,Energy,159,cal
3798,Protein,2.2,g
3798,Carbohydrates,5.7,g
3798,Fiber,0,g
3798,Fat,12.8,g
3798,Cholesterol,8,mg
3798,Sodium,9.9,mg
3803,Energy,88,cal
3803,Protein,3,g
3803,Carbohydrates,8.4,g
3803,Fiber,2.3,g
3803,Fat,4.7,g
3803,Cholesterol,0,mg
3803,Vitamin A,341.1,mcg
3803,Vitamin B1,0.1,mg
3803,Vitamin B2,0,mg
3803,Vitamin B3,0.4,mg
3803,Vitamin C,5.8,mg
3803,Folic Acid,20.2,mcg
3803,Calcium,15.3,mg
3803,Iron,0.8,mg
3803,Magnesium,0,mg
3803,Phosphorus,0,mg
3803,Sodium,12.4,mg
3803,Potassium,109.1,mg
3803,Zinc,0.2,mg
3804,Energy,44,cal
3804,Protein,2.5,g
3804,Carbohydrates,7.1,g
3804,Fiber,1.9,g
3804,Fat,0.7,g
3804,Cholesterol,0,mg
3804,Sodium,9.8,mg
3805,Energy,309,cal
3805,Protein,8.6,g
3805,Carbohydrates,21.4,g
3805,Fiber,7.4,g
3805,Fat,21,g
3805,Cholesterol,0,mg
3805,Vitamin A,144.4,mcg
3805,Vitamin B1,0.1,mg
3805,Vitamin B2,0.1,mg
3805,Vitamin B3,1.1,mg
3805,Vitamin C,1.8,mg
3805,Folic Acid,14.3,mcg
3805,Calcium,25.5,mg
3805,Iron,2.7,mg
3805,Magnesium,0,mg
3805,Phosphorus,0,mg
3805,Sodium,0,mg
3805,Potassium,10.1,mg
3805,Zinc,0.9,mg
3806,Energy,309,cal
3806,Protein,8.6,g
3806,Carbohydrates,21.4,g
3806,Fiber,7.4,g
3806,Fat,21,g
3806,Cholesterol,0,mg
3806,Vitamin A,144.4,mcg
3806,Vitamin B1,0.1,mg
3806,Vitamin B2,0.1,mg
3806,Vitamin B3,1.1,mg
3806,Vitamin C,1.8,mg
3806,Folic Acid,14.3,mcg
3806,Calcium,25.5,mg
3806,Iron,2.7,mg
3806,Magnesium,0,mg
3806,Phosphorus,0,mg
3806,Sodium,0,mg
3806,Potassium,10.1,mg
3806,Zinc,0.9,mg
3809,Energy,112,cal
3809,Protein,1.9,g
3809,Carbohydrates,12.8,g
3809,Fiber,0,g
3809,Fat,5.8,g
3809,Cholesterol,0.5,mg
3809,Sodium,2.1,mg
3810,Energy,87,cal
3810,Protein,2.5,g
3810,Carbohydrates,14.8,g
3810,Fiber,2.4,g
3810,Fat,2.3,g
3810,Cholesterol,4.2,mg
3810,Sodium,16.9,mg
3811,Energy,221,cal
3811,Protein,7,g
3811,Carbohydrates,23.7,g
3811,Fiber,0.4,g
3811,Fat,9.1,g
3811,Cholesterol,13.3,mg
3811,Sodium,55.4,mg
3812,Energy,221,cal
3812,Protein,7,g
3812,Carbohydrates,23.7,g
3812,Fiber,0.4,g
3812,Fat,9.1,g
3812,Cholesterol,13.3,mg
3812,Sodium,55.4,mg
3813,Energy,88,cal
3813,Protein,3,g
3813,Carbohydrates,7.6,g
3813,Fiber,0,g
3813,Fat,4.1,g
3813,Cholesterol,7.1,mg
3813,Sodium,19.7,mg
3816,Energy,116,cal
3816,Protein,3.4,g
3816,Carbohydrates,15.7,g
3816,Fiber,4,g
3816,Fat,4.4,g
3816,Cholesterol,0,mg
3816,Sodium,10.3,mg
3817,Energy,114,cal
3817,Protein,1.7,g
3817,Carbohydrates,12,g
3817,Fiber,1.6,g
3817,Fat,6.8,g
3817,Cholesterol,0,mg
3817,Sodium,4.8,mg
3818,Energy,26,cal
3818,Protein,0.1,g
3818,Carbohydrates,5.7,g
3818,Fiber,0,g
3818,Fat,0.3,g
3818,Cholesterol,0,mg
3818,Sodium,0.1,mg
3819,Energy,32,cal
3819,Protein,0.3,g
3819,Carbohydrates,5.7,g
3819,Fiber,0.2,g
3819,Fat,0.9,g
3819,Cholesterol,0,mg
3819,Sodium,0.2,mg
3820,Energy,32,cal
3820,Protein,0.3,g
3820,Carbohydrates,5.7,g
3820,Fiber,0.2,g
3820,Fat,0.9,g
3820,Cholesterol,0,mg
3820,Sodium,0.2,mg
3821,Energy,32,cal
3821,Protein,0.3,g
3821,Carbohydrates,5.7,g
3821,Fiber,0.2,g
3821,Fat,0.9,g
3821,Cholesterol,0,mg
3821,Sodium,0.2,mg
3822,Energy,27,cal
3822,Protein,0.5,g
3822,Carbohydrates,0.6,g
3822,Fiber,0,g
3822,Fat,2.2,g
3822,Cholesterol,1.7,mg
3822,Sodium,2.4,mg
3826,Energy,31,cal
3826,Protein,0.7,g
3826,Carbohydrates,6.9,g
3826,Fiber,0.4,g
3826,Fat,0.1,g
3826,Cholesterol,0,mg
3826,Vitamin A,0,mcg
3826,Vitamin B1,0,mg
3826,Vitamin B2,0,mg
3826,Vitamin B3,0.2,mg
3826,Vitamin C,6.8,mg
3826,Folic Acid,3.7,mcg
3826,Calcium,29.1,mg
3826,Iron,0.4,mg
3826,Magnesium,0,mg
3826,Phosphorus,0,mg
3826,Sodium,2.5,mg
3826,Potassium,78.7,mg
3826,Zinc,0.3,mg
3827,Energy,13,cal
3827,Protein,0.3,g
3827,Carbohydrates,2.7,g
3827,Fiber,0.2,g
3827,Fat,0.1,g
3827,Cholesterol,0,mg
3827,Sodium,1.5,mg
3828,Energy,206,cal
3828,Protein,4.7,g
3828,Carbohydrates,19,g
3828,Fiber,3.1,g
3828,Fat,12.7,g
3828,Cholesterol,0,mg
3828,Sodium,5.5,mg
3829,Energy,250,cal
3829,Protein,4.5,g
3829,Carbohydrates,27,g
3829,Fiber,4.5,g
3829,Fat,14.4,g
3829,Cholesterol,0,mg
3829,Sodium,7.4,mg
3830,Energy,260,cal
3830,Protein,3.8,g
3830,Carbohydrates,27.3,g
3830,Fiber,0.2,g
3830,Fat,15,g
3830,Cholesterol,0,mg
3830,Sodium,3.1,mg
3831,Energy,188,cal
3831,Protein,3.3,g
3831,Carbohydrates,18.7,g
3831,Fiber,0.5,g
3831,Fat,11.1,g
3831,Cholesterol,0,mg
3831,Vitamin A,103.5,mcg
3831,Vitamin B1,0.1,mg
3831,Vitamin B2,0,mg
3831,Vitamin B3,1.2,mg
3831,Vitamin C,0,mg
3831,Folic Acid,9.7,mcg
3831,Calcium,13,mg
3831,Iron,1.3,mg
3831,Magnesium,0,mg
3831,Phosphorus,0,mg
3831,Sodium,5.4,mg
3831,Potassium,85.1,mg
3831,Zinc,0.6,mg
3832,Energy,57,cal
3832,Protein,2.3,g
3832,Carbohydrates,8.9,g
3832,Fiber,1.6,g
3832,Fat,1.6,g
3832,Cholesterol,0,mg
3832,Sodium,261.5,mg
3833,Energy,184,cal
3833,Protein,9.2,g
3833,Carbohydrates,27.9,g
3833,Fiber,3.7,g
3833,Fat,4,g
3833,Cholesterol,0,mg
3833,Sodium,11.7,mg
3834,Energy,51,cal
3834,Protein,0.8,g
3834,Carbohydrates,7.5,g
3834,Fiber,0.4,g
3834,Fat,2,g
3834,Cholesterol,0,mg
3834,Sodium,1.1,mg
3835,Energy,516,cal
3835,Protein,13.8,g
3835,Carbohydrates,73,g
3835,Fiber,4.1,g
3835,Fat,18.8,g
3835,Cholesterol,45.3,mg
3835,Sodium,247.3,mg
3836,Energy,82,cal
3836,Protein,1.6,g
3836,Carbohydrates,10.4,g
3836,Fiber,0,g
3836,Fat,3.8,g
3836,Cholesterol,0,mg
3836,Vitamin A,144,mcg
3836,Vitamin B1,0,mg
3836,Vitamin B2,0,mg
3836,Vitamin B3,0.1,mg
3836,Vitamin C,0,mg
3836,Folic Acid,0,mcg
3836,Calcium,2.2,mg
3836,Iron,0.2,mg
3836,Magnesium,0,mg
3836,Phosphorus,0,mg
3836,Sodium,37.2,mg
3836,Potassium,1.2,mg
3836,Zinc,0,mg
3837,Energy,82,cal
3837,Protein,1.6,g
3837,Carbohydrates,10.4,g
3837,Fiber,0,g
3837,Fat,3.8,g
3837,Cholesterol,0,mg
3837,Vitamin A,144,mcg
3837,Vitamin B1,0,mg
3837,Vitamin B2,0,mg
3837,Vitamin B3,0.1,mg
3837,Vitamin C,0,mg
3837,Folic Acid,0,mcg
3837,Calcium,2.2,mg
3837,Iron,0.2,mg
3837,Magnesium,0,mg
3837,Phosphorus,0,mg
3837,Sodium,37.2,mg
3837,Potassium,1.2,mg
3837,Zinc,0,mg
3838,Energy,82,cal
3838,Protein,1.6,g
3838,Carbohydrates,10.4,g
3838,Fiber,0,g
3838,Fat,3.8,g
3838,Cholesterol,0,mg
3838,Vitamin A,144,mcg
3838,Vitamin B1,0,mg
3838,Vitamin B2,0,mg
3838,Vitamin B3,0.1,mg
3838,Vitamin C,0,mg
3838,Folic Acid,0,mcg
3838,Calcium,2.2,mg
3838,Iron,0.2,mg
3838,Magnesium,0,mg
3838,Phosphorus,0,mg
3838,Sodium,37.2,mg
3838,Potassium,1.2,mg
3838,Zinc,0,mg
3839,Energy,276,cal
3839,Protein,10.3,g
3839,Carbohydrates,27.3,g
3839,Fiber,4.2,g
3839,Fat,14,g
3839,Cholesterol,0,mg
3839,Vitamin A,563.5,mcg
3839,Vitamin B1,0.2,mg
3839,Vitamin B2,0.1,mg
3839,Vitamin B3,1.2,mg
3839,Vitamin C,6.6,mg
3839,Folic Acid,16.1,mcg
3839,Calcium,55.7,mg
3839,Iron,3.1,mg
3839,Magnesium,0,mg
3839,Phosphorus,0,mg
3839,Sodium,104.8,mg
3839,Potassium,77.5,mg
3839,Zinc,1.3,mg
3840,Energy,92,cal
3840,Protein,0.1,g
3840,Carbohydrates,2.5,g
3840,Fiber,0.2,g
3840,Fat,9.1,g
3840,Cholesterol,0,mg
3840,Sodium,387.8,mg
3841,Energy,126,cal
3841,Protein,1.7,g
3841,Carbohydrates,6.8,g
3841,Fiber,3,g
3841,Fat,10.2,g
3841,Cholesterol,0,mg
3841,Sodium,6.1,mg
3842,Energy,144,cal
3842,Protein,4.1,g
3842,Carbohydrates,24.1,g
3842,Fiber,4,g
3842,Fat,3.4,g
3842,Cholesterol,0,mg
3842,Sodium,65.4,mg
3843,Energy,167,cal
3843,Protein,2.7,g
3843,Carbohydrates,19.1,g
3843,Fiber,2.5,g
3843,Fat,8.9,g
3843,Cholesterol,0,mg
3843,Sodium,32.2,mg
3844,Energy,167,cal
3844,Protein,2.7,g
3844,Carbohydrates,19.1,g
3844,Fiber,2.5,g
3844,Fat,8.9,g
3844,Cholesterol,0,mg
3844,Sodium,32.2,mg
3845,Energy,314,cal
3845,Protein,10.8,g
3845,Carbohydrates,14.2,g
3845,Fiber,3.1,g
3845,Fat,23.1,g
3845,Cholesterol,0,mg
3845,Vitamin A,379.6,mcg
3845,Vitamin B1,-0.5,mg
3845,Vitamin B2,-0.4,mg
3845,Vitamin B3,-0.4,mg
3845,Vitamin C,7.2,mg
3845,Folic Acid,6.6,mcg
3845,Calcium,323.8,mg
3845,Iron,0.7,mg
3845,Magnesium,0,mg
3845,Phosphorus,0,mg
3845,Sodium,13.3,mg
3845,Potassium,92.8,mg
3845,Zinc,0.1,mg
3846,Energy,314,cal
3846,Protein,10.8,g
3846,Carbohydrates,14.2,g
3846,Fiber,3.1,g
3846,Fat,23.1,g
3846,Cholesterol,0,mg
3846,Vitamin A,379.6,mcg
3846,Vitamin B1,-0.5,mg
3846,Vitamin B2,-0.4,mg
3846,Vitamin B3,-0.4,mg
3846,Vitamin C,7.2,mg
3846,Folic Acid,6.6,mcg
3846,Calcium,323.8,mg
3846,Iron,0.7,mg
3846,Magnesium,0,mg
3846,Phosphorus,0,mg
3846,Sodium,13.3,mg
3846,Potassium,92.8,mg
3846,Zinc,0.1,mg
3847,Energy,314,cal
3847,Protein,10.8,g
3847,Carbohydrates,14.2,g
3847,Fiber,3.1,g
3847,Fat,23.1,g
3847,Cholesterol,0,mg
3847,Vitamin A,379.6,mcg
3847,Vitamin B1,-0.5,mg
3847,Vitamin B2,-0.4,mg
3847,Vitamin B3,-0.4,mg
3847,Vitamin C,7.2,mg
3847,Folic Acid,6.6,mcg
3847,Calcium,323.8,mg
3847,Iron,0.7,mg
3847,Magnesium,0,mg
3847,Phosphorus,0,mg
3847,Sodium,13.3,mg
3847,Potassium,92.8,mg
3847,Zinc,0.1,mg
3848,Energy,314,cal
3848,Protein,10.8,g
3848,Carbohydrates,14.2,g
3848,Fiber,3.1,g
3848,Fat,23.1,g
3848,Cholesterol,0,mg
3848,Vitamin A,379.6,mcg
3848,Vitamin B1,-0.5,mg
3848,Vitamin B2,-0.4,mg
3848,Vitamin B3,-0.4,mg
3848,Vitamin C,7.2,mg
3848,Folic Acid,6.6,mcg
3848,Calcium,323.8,mg
3848,Iron,0.7,mg
3848,Magnesium,0,mg
3848,Phosphorus,0,mg
3848,Sodium,13.3,mg
3848,Potassium,92.8,mg
3848,Zinc,0.1,mg
3849,Energy,309,cal
3849,Protein,3.6,g
3849,Carbohydrates,38.7,g
3849,Fiber,0.4,g
3849,Fat,15.2,g
3849,Cholesterol,1.8,mg
3849,Sodium,3,mg
3850,Energy,309,cal
3850,Protein,3.6,g
3850,Carbohydrates,38.7,g
3850,Fiber,0.4,g
3850,Fat,15.2,g
3850,Cholesterol,1.8,mg
3850,Sodium,3,mg
3851,Energy,309,cal
3851,Protein,3.6,g
3851,Carbohydrates,38.7,g
3851,Fiber,0.4,g
3851,Fat,15.2,g
3851,Cholesterol,1.8,mg
3851,Sodium,3,mg
3852,Energy,309,cal
3852,Protein,3.6,g
3852,Carbohydrates,38.7,g
3852,Fiber,0.4,g
3852,Fat,15.2,g
3852,Cholesterol,1.8,mg
3852,Sodium,3,mg
3853,Energy,309,cal
3853,Protein,3.6,g
3853,Carbohydrates,38.7,g
3853,Fiber,0.4,g
3853,Fat,15.2,g
3853,Cholesterol,1.8,mg
3853,Sodium,3,mg
3854,Energy,512,cal
3854,Protein,16.7,g
3854,Carbohydrates,84.2,g
3854,Fiber,0.1,g
3854,Fat,11.8,g
3854,Cholesterol,0,mg
3854,Sodium,4.5,mg
3855,Energy,512,cal
3855,Protein,16.7,g
3855,Carbohydrates,84.2,g
3855,Fiber,0.1,g
3855,Fat,11.8,g
3855,Cholesterol,0,mg
3855,Sodium,4.5,mg
3857,Energy,307,cal
3857,Protein,0.2,g
3857,Carbohydrates,0.3,g
3857,Fiber,0,g
3857,Fat,3.1,g
3857,Cholesterol,0,mg
3857,Sodium,3.5,mg
3858,Energy,24,cal
3858,Protein,2,g
3858,Carbohydrates,3.8,g
3858,Fiber,0.7,g
3858,Fat,0.1,g
3858,Cholesterol,0,mg
3858,Sodium,25.4,mg
3859,Energy,127,cal
3859,Protein,4.5,g
3859,Carbohydrates,14.9,g
3859,Fiber,2.9,g
3859,Fat,5.4,g
3859,Cholesterol,1.1,mg
3859,Sodium,15.5,mg
3860,Energy,45,cal
3860,Protein,2.7,g
3860,Carbohydrates,5.3,g
3860,Fiber,1.2,g
3860,Fat,1.4,g
3860,Cholesterol,0,mg
3860,Sodium,38.6,mg
3861,Energy,168,cal
3861,Protein,6.1,g
3861,Carbohydrates,6.7,g
3861,Fiber,1.8,g
3861,Fat,11.9,g
3861,Cholesterol,10.7,mg
3861,Sodium,15.7,mg
3862,Energy,152,cal
3862,Protein,4.3,g
3862,Carbohydrates,13.6,g
3862,Fiber,0.5,g
3862,Fat,6.5,g
3862,Cholesterol,16,mg
3862,Sodium,19.4,mg
3863,Energy,152,cal
3863,Protein,4.3,g
3863,Carbohydrates,13.6,g
3863,Fiber,0.5,g
3863,Fat,6.5,g
3863,Cholesterol,16,mg
3863,Sodium,19.4,mg
3864,Energy,152,cal
3864,Protein,4.3,g
3864,Carbohydrates,13.6,g
3864,Fiber,0.5,g
3864,Fat,6.5,g
3864,Cholesterol,16,mg
3864,Sodium,19.4,mg
3865,Energy,25,cal
3865,Protein,2,g
3865,Carbohydrates,4.1,g
3865,Fiber,0.8,g
3865,Fat,0.1,g
3865,Cholesterol,0,mg
3865,Sodium,26.7,mg
3866,Energy,25,cal
3866,Protein,2,g
3866,Carbohydrates,4.1,g
3866,Fiber,0.8,g
3866,Fat,0.1,g
3866,Cholesterol,0,mg
3866,Sodium,26.7,mg
3867,Energy,20,cal
3867,Protein,0.3,g
3867,Carbohydrates,1.7,g
3867,Fiber,0,g
3867,Fat,1.3,g
3867,Cholesterol,0,mg
3867,Vitamin A,11.9,mcg
3867,Vitamin B1,0,mg
3867,Vitamin B2,0,mg
3867,Vitamin B3,0.1,mg
3867,Vitamin C,0,mg
3867,Folic Acid,0,mcg
3867,Calcium,1.7,mg
3867,Iron,0.1,mg
3867,Magnesium,0,mg
3867,Phosphorus,0,mg
3867,Sodium,0.2,mg
3867,Potassium,3,mg
3867,Zinc,0,mg
3868,Energy,34,cal
3868,Protein,0.7,g
3868,Carbohydrates,2.8,g
3868,Fiber,0.3,g
3868,Fat,2.2,g
3868,Cholesterol,0,mg
3868,Sodium,0.5,mg
3869,Energy,144,cal
3869,Protein,6.8,g
3869,Carbohydrates,20.9,g
3869,Fiber,5.9,g
3869,Fat,3.7,g
3869,Cholesterol,0.7,mg
3869,Sodium,19.8,mg
3870,Energy,144,cal
3870,Protein,6.8,g
3870,Carbohydrates,20.9,g
3870,Fiber,5.9,g
3870,Fat,3.7,g
3870,Cholesterol,0.7,mg
3870,Sodium,19.8,mg
3871,Energy,50,cal
3871,Protein,0.8,g
3871,Carbohydrates,1.1,g
3871,Fiber,0.5,g
3871,Fat,4.7,g
3871,Cholesterol,0,mg
3871,Sodium,3.9,mg
3872,Energy,50,cal
3872,Protein,0.8,g
3872,Carbohydrates,1.1,g
3872,Fiber,0.5,g
3872,Fat,4.7,g
3872,Cholesterol,0,mg
3872,Sodium,3.9,mg
3873,Energy,50,cal
3873,Protein,0.8,g
3873,Carbohydrates,1.1,g
3873,Fiber,0.5,g
3873,Fat,4.7,g
3873,Cholesterol,0,mg
3873,Sodium,3.9,mg
3874,Energy,144,cal
3874,Protein,5.2,g
3874,Carbohydrates,11,g
3874,Fiber,0.7,g
3874,Fat,8.8,g
3874,Cholesterol,0,mg
3874,Sodium,4.9,mg
3875,Energy,144,cal
3875,Protein,5.2,g
3875,Carbohydrates,11,g
3875,Fiber,0.7,g
3875,Fat,8.8,g
3875,Cholesterol,0,mg
3875,Sodium,4.9,mg
3876,Energy,144,cal
3876,Protein,5.2,g
3876,Carbohydrates,11,g
3876,Fiber,0.7,g
3876,Fat,8.8,g
3876,Cholesterol,0,mg
3876,Sodium,4.9,mg
3877,Energy,269,cal
3877,Protein,6.6,g
3877,Carbohydrates,28.5,g
3877,Fiber,2.8,g
3877,Fat,14.3,g
3877,Cholesterol,0,mg
3877,Sodium,7,mg
3878,Energy,269,cal
3878,Protein,6.6,g
3878,Carbohydrates,28.5,g
3878,Fiber,2.8,g
3878,Fat,14.3,g
3878,Cholesterol,0,mg
3878,Sodium,7,mg
3879,Energy,437,cal
3879,Protein,10.4,g
3879,Carbohydrates,58.9,g
3879,Fiber,4,g
3879,Fat,17.6,g
3879,Cholesterol,12,mg
3879,Sodium,17.8,mg
3880,Energy,547,cal
3880,Protein,4.1,g
3880,Carbohydrates,55.2,g
3880,Fiber,1.2,g
3880,Fat,34.5,g
3880,Cholesterol,52.5,mg
3880,Sodium,203.6,mg
3881,Energy,547,cal
3881,Protein,4.1,g
3881,Carbohydrates,55.2,g
3881,Fiber,1.2,g
3881,Fat,34.5,g
3881,Cholesterol,52.5,mg
3881,Sodium,203.6,mg
3882,Energy,547,cal
3882,Protein,4.1,g
3882,Carbohydrates,55.2,g
3882,Fiber,1.2,g
3882,Fat,34.5,g
3882,Cholesterol,52.5,mg
3882,Sodium,203.6,mg
3883,Energy,170,cal
3883,Protein,6.7,g
3883,Carbohydrates,13.1,g
3883,Fiber,2,g
3883,Fat,10.3,g
3883,Cholesterol,0,mg
3883,Vitamin A,3299.6,mcg
3883,Vitamin B1,-0.2,mg
3883,Vitamin B2,-0.1,mg
3883,Vitamin B3,0.3,mg
3883,Vitamin C,22.8,mg
3883,Folic Acid,74.8,mcg
3883,Calcium,218.4,mg
3883,Iron,1,mg
3883,Magnesium,0,mg
3883,Phosphorus,0,mg
3883,Sodium,53.4,mg
3883,Potassium,202.3,mg
3883,Zinc,0.3,mg
3884,Energy,170,cal
3884,Protein,6.7,g
3884,Carbohydrates,13.1,g
3884,Fiber,2,g
3884,Fat,10.3,g
3884,Cholesterol,0,mg
3884,Vitamin A,3299.6,mcg
3884,Vitamin B1,-0.2,mg
3884,Vitamin B2,-0.1,mg
3884,Vitamin B3,0.3,mg
3884,Vitamin C,22.8,mg
3884,Folic Acid,74.8,mcg
3884,Calcium,218.4,mg
3884,Iron,1,mg
3884,Magnesium,0,mg
3884,Phosphorus,0,mg
3884,Sodium,53.4,mg
3884,Potassium,202.3,mg
3884,Zinc,0.3,mg
3885,Energy,205,cal
3885,Protein,4.4,g
3885,Carbohydrates,31.1,g
3885,Fiber,2.2,g
3885,Fat,7.7,g
3885,Cholesterol,0,mg
3885,Sodium,193.3,mg
3886,Energy,205,cal
3886,Protein,4.4,g
3886,Carbohydrates,31.1,g
3886,Fiber,2.2,g
3886,Fat,7.7,g
3886,Cholesterol,0,mg
3886,Sodium,193.3,mg
3887,Energy,205,cal
3887,Protein,4.4,g
3887,Carbohydrates,31.1,g
3887,Fiber,2.2,g
3887,Fat,7.7,g
3887,Cholesterol,0,mg
3887,Sodium,193.3,mg
3888,Energy,205,cal
3888,Protein,4.4,g
3888,Carbohydrates,31.1,g
3888,Fiber,2.2,g
3888,Fat,7.7,g
3888,Cholesterol,0,mg
3888,Sodium,193.3,mg
3889,Energy,205,cal
3889,Protein,4.4,g
3889,Carbohydrates,31.1,g
3889,Fiber,2.2,g
3889,Fat,7.7,g
3889,Cholesterol,0,mg
3889,Sodium,193.3,mg
3890,Energy,68,cal
3890,Protein,2.2,g
3890,Carbohydrates,13.2,g
3890,Fiber,1.9,g
3890,Fat,0.9,g
3890,Cholesterol,0,mg
3890,Sodium,4.2,mg
3891,Energy,185,cal
3891,Protein,3.9,g
3891,Carbohydrates,6.3,g
3891,Fiber,0.3,g
3891,Fat,16.1,g
3891,Cholesterol,0.8,mg
3891,Sodium,283.8,mg
3893,Energy,125,cal
3893,Protein,0,g
3893,Carbohydrates,0.5,g
3893,Fiber,0.1,g
3893,Fat,13.7,g
3893,Cholesterol,0,mg
3893,Sodium,0.1,mg
3894,Energy,122,cal
3894,Protein,3.7,g
3894,Carbohydrates,16.3,g
3894,Fiber,1.4,g
3894,Fat,3.6,g
3894,Cholesterol,8,mg
3894,Sodium,10.6,mg
3895,Energy,122,cal
3895,Protein,3.7,g
3895,Carbohydrates,16.3,g
3895,Fiber,1.4,g
3895,Fat,3.6,g
3895,Cholesterol,8,mg
3895,Sodium,10.6,mg
3896,Energy,122,cal
3896,Protein,3.7,g
3896,Carbohydrates,16.3,g
3896,Fiber,1.4,g
3896,Fat,3.6,g
3896,Cholesterol,8,mg
3896,Sodium,10.6,mg
3897,Energy,122,cal
3897,Protein,3.7,g
3897,Carbohydrates,16.3,g
3897,Fiber,1.4,g
3897,Fat,3.6,g
3897,Cholesterol,8,mg
3897,Sodium,10.6,mg
3898,Energy,122,cal
3898,Protein,3.7,g
3898,Carbohydrates,16.3,g
3898,Fiber,1.4,g
3898,Fat,3.6,g
3898,Cholesterol,8,mg
3898,Sodium,10.6,mg
3899,Energy,31,cal
3899,Protein,0.9,g
3899,Carbohydrates,2.9,g
3899,Fiber,0,g
3899,Fat,1.3,g
3899,Cholesterol,3.2,mg
3899,Sodium,3.8,mg
3900,Energy,40,cal
3900,Protein,1.3,g
3900,Carbohydrates,3.8,g
3900,Fiber,0.2,g
3900,Fat,1.6,g
3900,Cholesterol,4,mg
3900,Sodium,6,mg
3901,Energy,40,cal
3901,Protein,1.3,g
3901,Carbohydrates,3.8,g
3901,Fiber,0.2,g
3901,Fat,1.6,g
3901,Cholesterol,4,mg
3901,Sodium,6,mg
3902,Energy,85,cal
3902,Protein,2.6,g
3902,Carbohydrates,14.5,g
3902,Fiber,2.5,g
3902,Fat,2,g
3902,Cholesterol,0,mg
3902,Sodium,4.9,mg
3903,Energy,17,cal
3903,Protein,0.2,g
3903,Carbohydrates,0.5,g
3903,Fiber,0.2,g
3903,Fat,1.6,g
3903,Cholesterol,0,mg
3903,Sodium,3.6,mg
3904,Energy,410,cal
3904,Protein,13.6,g
3904,Carbohydrates,12.8,g
3904,Fiber,3.5,g
3904,Fat,33.6,g
3904,Cholesterol,2,mg
3904,Sodium,91.2,mg
3905,Energy,185,cal
3905,Protein,10,g
3905,Carbohydrates,23.7,g
3905,Fiber,3.2,g
3905,Fat,5.2,g
3905,Cholesterol,0,mg
3905,Vitamin A,97.4,mcg
3905,Vitamin B1,0.2,mg
3905,Vitamin B2,0.1,mg
3905,Vitamin B3,1,mg
3905,Vitamin C,1.8,mg
3905,Folic Acid,31.1,mcg
3905,Calcium,35.9,mg
3905,Iron,46.4,mg
3905,Magnesium,0,mg
3905,Phosphorus,0,mg
3905,Sodium,440.6,mg
3905,Potassium,23.3,mg
3905,Zinc,0,mg
3906,Energy,185,cal
3906,Protein,10,g
3906,Carbohydrates,23.7,g
3906,Fiber,3.2,g
3906,Fat,5.2,g
3906,Cholesterol,0,mg
3906,Vitamin A,97.4,mcg
3906,Vitamin B1,0.2,mg
3906,Vitamin B2,0.1,mg
3906,Vitamin B3,1,mg
3906,Vitamin C,1.8,mg
3906,Folic Acid,31.1,mcg
3906,Calcium,35.9,mg
3906,Iron,46.4,mg
3906,Magnesium,0,mg
3906,Phosphorus,0,mg
3906,Sodium,440.6,mg
3906,Potassium,23.3,mg
3906,Zinc,0,mg
3907,Energy,31,cal
3907,Protein,0.8,g
3907,Carbohydrates,5.9,g
3907,Fiber,1.2,g
3907,Fat,0.4,g
3907,Cholesterol,0,mg
3907,Sodium,0.8,mg
3908,Energy,221,cal
3908,Protein,4.2,g
3908,Carbohydrates,25.9,g
3908,Fiber,0.2,g
3908,Fat,10.7,g
3908,Cholesterol,13.3,mg
3908,Sodium,21.7,mg
3909,Energy,87,cal
3909,Protein,2.3,g
3909,Carbohydrates,19.1,g
3909,Fiber,0.5,g
3909,Fat,0.1,g
3909,Cholesterol,0,mg
3909,Sodium,7.5,mg
3910,Energy,220,cal
3910,Protein,4.2,g
3910,Carbohydrates,22.3,g
3910,Fiber,0.3,g
3910,Fat,10.7,g
3910,Cholesterol,13.3,mg
3910,Sodium,21.8,mg
3911,Energy,131,cal
3911,Protein,0,g
3911,Carbohydrates,0.5,g
3911,Fiber,0.1,g
3911,Fat,14.3,g
3911,Cholesterol,0,mg
3911,Vitamin A,128.6,mcg
3911,Vitamin B1,0,mg
3911,Vitamin B2,0,mg
3911,Vitamin B3,0,mg
3911,Vitamin C,1.7,mg
3911,Folic Acid,0,mcg
3911,Calcium,3,mg
3911,Iron,0,mg
3911,Magnesium,0,mg
3911,Phosphorus,0,mg
3911,Sodium,0,mg
3911,Potassium,11.6,mg
3911,Zinc,0,mg
3912,Energy,89,cal
3912,Protein,0,g
3912,Carbohydrates,0.1,g
3912,Fiber,0,g
3912,Fat,9.8,g
3912,Cholesterol,30.4,mg
3912,Sodium,100.3,mg
3913,Energy,1152,cal
3913,Protein,0.1,g
3913,Carbohydrates,209.8,g
3913,Fiber,0.2,g
3913,Fat,34.1,g
3913,Cholesterol,105,mg
3913,Sodium,347.1,mg
3914,Energy,332,cal
3914,Protein,5.1,g
3914,Carbohydrates,51.4,g
3914,Fiber,0.4,g
3914,Fat,10.9,g
3914,Cholesterol,5.3,mg
3914,Sodium,9.6,mg
3915,Energy,332,cal
3915,Protein,5.1,g
3915,Carbohydrates,51.4,g
3915,Fiber,0.4,g
3915,Fat,10.9,g
3915,Cholesterol,5.3,mg
3915,Sodium,9.6,mg
3916,Energy,332,cal
3916,Protein,5.1,g
3916,Carbohydrates,51.4,g
3916,Fiber,0.4,g
3916,Fat,10.9,g
3916,Cholesterol,5.3,mg
3916,Sodium,9.6,mg
3918,Energy,90,cal
3918,Protein,0,g
3918,Carbohydrates,0.2,g
3918,Fiber,0.1,g
3918,Fat,9.9,g
3918,Cholesterol,30.4,mg
3918,Sodium,100.8,mg
3919,Energy,117,cal
3919,Protein,0.4,g
3919,Carbohydrates,28,g
3919,Fiber,0.6,g
3919,Fat,0.3,g
3919,Cholesterol,0,mg
3919,Sodium,0.8,mg
3920,Energy,117,cal
3920,Protein,0.4,g
3920,Carbohydrates,28,g
3920,Fiber,0.6,g
3920,Fat,0.3,g
3920,Cholesterol,0,mg
3920,Sodium,0.8,mg
3921,Energy,436,cal
3921,Protein,10.4,g
3921,Carbohydrates,70.4,g
3921,Fiber,11.8,g
3921,Fat,12.5,g
3921,Cholesterol,0,mg
3921,Vitamin A,664.1,mcg
3921,Vitamin B1,0.5,mg
3921,Vitamin B2,0.2,mg
3921,Vitamin B3,3.6,mg
3921,Vitamin C,47.5,mg
3921,Folic Acid,79.3,mcg
3921,Calcium,181.4,mg
3921,Iron,5.7,mg
3921,Magnesium,0,mg
3921,Phosphorus,0,mg
3921,Sodium,22.9,mg
3921,Potassium,402.6,mg
3921,Zinc,1.3,mg
3922,Energy,270,cal
3922,Protein,3.6,g
3922,Carbohydrates,25.9,g
3922,Fiber,0.2,g
3922,Fat,16.9,g
3922,Cholesterol,42.5,mg
3922,Sodium,144.4,mg
3923,Energy,80,cal
3923,Protein,1.3,g
3923,Carbohydrates,9,g
3923,Fiber,0.1,g
3923,Fat,4.4,g
3923,Cholesterol,9.5,mg
3923,Sodium,31.6,mg
3924,Energy,73,cal
3924,Protein,1.2,g
3924,Carbohydrates,0.6,g
3924,Fiber,0,g
3924,Fat,7.4,g
3924,Cholesterol,20.4,mg
3924,Sodium,106.9,mg
3925,Energy,132,cal
3925,Protein,0.1,g
3925,Carbohydrates,0.8,g
3925,Fiber,0.1,g
3925,Fat,14.3,g
3925,Cholesterol,0,mg
3925,Vitamin A,179.9,mcg
3925,Vitamin B1,0,mg
3925,Vitamin B2,0,mg
3925,Vitamin B3,0,mg
3925,Vitamin C,1.7,mg
3925,Folic Acid,0,mcg
3925,Calcium,4.4,mg
3925,Iron,0.1,mg
3925,Magnesium,0,mg
3925,Phosphorus,0,mg
3925,Sodium,0,mg
3925,Potassium,11.6,mg
3925,Zinc,0,mg
3927,Energy,289,cal
3927,Protein,7,g
3927,Carbohydrates,47.7,g
3927,Fiber,1.6,g
3927,Fat,7.7,g
3927,Cholesterol,2.7,mg
3927,Sodium,89.8,mg
3928,Energy,289,cal
3928,Protein,7,g
3928,Carbohydrates,47.7,g
3928,Fiber,1.6,g
3928,Fat,7.7,g
3928,Cholesterol,2.7,mg
3928,Sodium,89.8,mg
3929,Energy,124,cal
3929,Protein,0.1,g
3929,Carbohydrates,30.5,g
3929,Fiber,0.1,g
3929,Fat,0.1,g
3929,Cholesterol,0,mg
3929,Sodium,0.1,mg
3930,Energy,408,cal
3930,Protein,4.7,g
3930,Carbohydrates,17.6,g
3930,Fiber,13,g
3930,Fat,35.6,g
3930,Cholesterol,0,mg
3930,Vitamin A,328.6,mcg
3930,Vitamin B1,0.1,mg
3930,Vitamin B2,0.1,mg
3930,Vitamin B3,1.3,mg
3930,Vitamin C,6.3,mg
3930,Folic Acid,30.3,mcg
3930,Calcium,37.2,mg
3930,Iron,2.3,mg
3930,Magnesium,0,mg
3930,Phosphorus,0,mg
3930,Sodium,6.6,mg
3930,Potassium,69.6,mg
3930,Zinc,0.2,mg
3931,Energy,124,cal
3931,Protein,2.9,g
3931,Carbohydrates,14.6,g
3931,Fiber,0,g
3931,Fat,4.4,g
3931,Cholesterol,10.7,mg
3931,Sodium,12.8,mg
3933,Energy,95,cal
3933,Protein,0.1,g
3933,Carbohydrates,23.7,g
3933,Fiber,0,g
3933,Fat,0,g
3933,Cholesterol,0,mg
3933,Sodium,0.2,mg
3934,Energy,89,cal
3934,Protein,0.5,g
3934,Carbohydrates,21.7,g
3934,Fiber,0.5,g
3934,Fat,0.1,g
3934,Cholesterol,0,mg
3934,Sodium,0.5,mg
3935,Energy,89,cal
3935,Protein,0.5,g
3935,Carbohydrates,21.7,g
3935,Fiber,0.5,g
3935,Fat,0.1,g
3935,Cholesterol,0,mg
3935,Sodium,0.5,mg
3938,Energy,11,cal
3938,Protein,0.5,g
3938,Carbohydrates,2.3,g
3938,Fiber,0.5,g
3938,Fat,0.1,g
3938,Cholesterol,0,mg
3938,Sodium,0.5,mg
3940,Energy,57,cal
3940,Protein,0.7,g
3940,Carbohydrates,2.2,g
3940,Fiber,0.8,g
3940,Fat,5.1,g
3940,Cholesterol,0,mg
3940,Sodium,518.6,mg
3941,Energy,51,cal
3941,Protein,0.1,g
3941,Carbohydrates,13.5,g
3941,Fiber,0.2,g
3941,Fat,0.1,g
3941,Cholesterol,0,mg
3941,Sodium,0.8,mg
3942,Energy,163,cal
3942,Protein,0.8,g
3942,Carbohydrates,18.6,g
3942,Fiber,0.1,g
3942,Fat,9.2,g
3942,Cholesterol,1.3,mg
3942,Sodium,13.3,mg
3943,Energy,45,cal
3943,Protein,0.6,g
3943,Carbohydrates,7.8,g
3943,Fiber,0,g
3943,Fat,1.2,g
3943,Cholesterol,0,mg
3943,Vitamin A,0,mcg
3943,Vitamin B1,0,mg
3943,Vitamin B2,0,mg
3943,Vitamin B3,0,mg
3943,Vitamin C,0.9,mg
3943,Folic Acid,0,mcg
3943,Calcium,29.1,mg
3943,Iron,0,mg
3943,Magnesium,0,mg
3943,Phosphorus,0,mg
3943,Sodium,1,mg
3943,Potassium,6.1,mg
3943,Zinc,0,mg
3944,Energy,45,cal
3944,Protein,0.6,g
3944,Carbohydrates,7.8,g
3944,Fiber,0,g
3944,Fat,1.2,g
3944,Cholesterol,0,mg
3944,Vitamin A,0,mcg
3944,Vitamin B1,0,mg
3944,Vitamin B2,0,mg
3944,Vitamin B3,0,mg
3944,Vitamin C,0.9,mg
3944,Folic Acid,0,mcg
3944,Calcium,29.1,mg
3944,Iron,0,mg
3944,Magnesium,0,mg
3944,Phosphorus,0,mg
3944,Sodium,1,mg
3944,Potassium,6.1,mg
3944,Zinc,0,mg
3945,Energy,254,cal
3945,Protein,3.1,g
3945,Carbohydrates,25.5,g
3945,Fiber,0.1,g
3945,Fat,15.4,g
3945,Cholesterol,42.8,mg
3945,Sodium,142.2,mg
3946,Energy,202,cal
3946,Protein,0.1,g
3946,Carbohydrates,50.8,g
3946,Fiber,0.1,g
3946,Fat,0.2,g
3946,Cholesterol,0,mg
3946,Sodium,10.1,mg
3947,Energy,10,cal
3947,Protein,0.3,g
3947,Carbohydrates,1.8,g
3947,Fiber,0.4,g
3947,Fat,0.2,g
3947,Cholesterol,0,mg
3947,Sodium,0.3,mg
3948,Energy,45,cal
3948,Protein,1.3,g
3948,Carbohydrates,3.3,g
3948,Fiber,1.3,g
3948,Fat,2.9,g
3948,Cholesterol,0,mg
3948,Sodium,277.9,mg
3949,Energy,45,cal
3949,Protein,1.3,g
3949,Carbohydrates,3.3,g
3949,Fiber,1.3,g
3949,Fat,2.9,g
3949,Cholesterol,0,mg
3949,Sodium,277.9,mg
3950,Energy,284,cal
3950,Protein,7.7,g
3950,Carbohydrates,43.5,g
3950,Fiber,0.6,g
3950,Fat,7.7,g
3950,Cholesterol,7.1,mg
3950,Sodium,268.3,mg
3951,Energy,175,cal
3951,Protein,2.6,g
3951,Carbohydrates,26.7,g
3951,Fiber,1.7,g
3951,Fat,6.4,g
3951,Cholesterol,0,mg
3951,Sodium,3.5,mg
3952,Energy,175,cal
3952,Protein,2.6,g
3952,Carbohydrates,26.7,g
3952,Fiber,1.7,g
3952,Fat,6.4,g
3952,Cholesterol,0,mg
3952,Sodium,3.5,mg
3953,Energy,20,cal
3953,Protein,0.1,g
3953,Carbohydrates,4.6,g
3953,Fiber,0.2,g
3953,Fat,0.1,g
3953,Cholesterol,0,mg
3953,Sodium,0.1,mg
3955,Energy,24,cal
3955,Protein,0.1,g
3955,Carbohydrates,6.2,g
3955,Fiber,0.1,g
3955,Fat,0.1,g
3955,Cholesterol,0,mg
3955,Sodium,0.4,mg
3956,Energy,213,cal
3956,Protein,0.6,g
3956,Carbohydrates,52.3,g
3956,Fiber,0.4,g
3956,Fat,0.3,g
3956,Cholesterol,0,mg
3956,Sodium,1,mg
3957,Energy,237,cal
3957,Protein,4.6,g
3957,Carbohydrates,38,g
3957,Fiber,3.4,g
3957,Fat,7.3,g
3957,Cholesterol,0,mg
3957,Sodium,4,mg
3958,Energy,24,cal
3958,Protein,0,g
3958,Carbohydrates,26.4,g
3958,Fiber,0,g
3958,Fat,0,g
3958,Cholesterol,0,mg
3958,Sodium,193.8,mg
3959,Energy,24,cal
3959,Protein,0,g
3959,Carbohydrates,26.4,g
3959,Fiber,0,g
3959,Fat,0,g
3959,Cholesterol,0,mg
3959,Sodium,193.8,mg
3961,Energy,115,cal
3961,Protein,4.5,g
3961,Carbohydrates,22.4,g
3961,Fiber,7,g
3961,Fat,1.8,g
3961,Cholesterol,0,mg
3961,Sodium,29.8,mg
3962,Energy,115,cal
3962,Protein,4.5,g
3962,Carbohydrates,22.4,g
3962,Fiber,7,g
3962,Fat,1.8,g
3962,Cholesterol,0,mg
3962,Sodium,29.8,mg
3965,Vitamin A,885.9,mcg
3965,Vitamin C,9.3,mg
3965,Calcium,92.4,mg
3965,Iron,2.9,mg
3965,Folic Acid,0,mcg
3965,Fibre,2.5,gm
3966,Energy,147,cal
3966,Protein,9.2,g
3966,Carbohydrates,21.5,g
3966,Fiber,4.4,g
3966,Fat,2.1,g
3966,Cholesterol,4,mg
3966,Sodium,24.6,mg
3967,Energy,147,cal
3967,Protein,9.2,g
3967,Carbohydrates,21.5,g
3967,Fiber,4.4,g
3967,Fat,2.1,g
3967,Cholesterol,4,mg
3967,Sodium,24.6,mg
3968,Energy,147,cal
3968,Protein,9.2,g
3968,Carbohydrates,21.5,g
3968,Fiber,4.4,g
3968,Fat,2.1,g
3968,Cholesterol,4,mg
3968,Sodium,24.6,mg
3969,Energy,122,cal
3969,Protein,2.9,g
3969,Carbohydrates,9.9,g
3969,Fiber,2.2,g
3969,Fat,7.8,g
3969,Cholesterol,0,mg
3969,Vitamin A,390.2,mcg
3969,Vitamin B1,0.1,mg
3969,Vitamin B2,0.1,mg
3969,Vitamin B3,0.4,mg
3969,Vitamin C,34.2,mg
3969,Folic Acid,27.1,mcg
3969,Calcium,74.1,mg
3969,Iron,1.4,mg
3969,Magnesium,0,mg
3969,Phosphorus,0,mg
3969,Sodium,10.3,mg
3969,Potassium,122.3,mg
3969,Zinc,0.4,mg
3970,Protein,5.5,g
3970,Cho,16,g
3970,Fat,2,g
3971,Energy,96,cal
3971,Protein,4.8,g
3971,Carbohydrates,14.5,g
3971,Fiber,3.7,g
3971,Fat,2.1,g
3971,Cholesterol,5,mg
3971,Sodium,41.8,mg
3972,Energy,40,cal
3972,Protein,1.7,g
3972,Carbohydrates,7.6,g
3972,Fiber,2.4,g
3972,Fat,0.4,g
3972,Cholesterol,0,mg
3972,Sodium,65.9,mg
3974,Energy,91,cal
3974,Protein,5.3,g
3974,Carbohydrates,15.6,g
3974,Fiber,4.4,g
3974,Fat,0.9,g
3974,Cholesterol,0,mg
3974,Sodium,17,mg
3975,Energy,55,cal
3975,Protein,1.7,g
3975,Carbohydrates,4.4,g
3975,Fiber,1.3,g
3975,Fat,3.6,g
3975,Cholesterol,0,mg
3975,Sodium,20.1,mg
3976,Energy,50,cal
3976,Protein,2.3,g
3976,Carbohydrates,3.9,g
3976,Fiber,1.7,g
3976,Fat,2.8,g
3976,Cholesterol,0,mg
3976,Sodium,55,mg
3977,Energy,111,cal
3977,Protein,2.4,g
3977,Carbohydrates,10.2,g
3977,Fiber,2.2,g
3977,Fat,6.9,g
3977,Cholesterol,0,mg
3977,Vitamin A,717.9,mcg
3977,Vitamin B1,0.2,mg
3977,Vitamin B2,0.1,mg
3977,Vitamin B3,1.3,mg
3977,Vitamin C,8.1,mg
3977,Folic Acid,29.4,mcg
3977,Calcium,51.6,mg
3977,Iron,2.2,mg
3977,Magnesium,0,mg
3977,Phosphorus,0,mg
3977,Sodium,71.8,mg
3977,Potassium,77.5,mg
3977,Zinc,0.3,mg
3978,Energy,133,cal
3978,Protein,3.1,g
3978,Carbohydrates,7.6,g
3978,Fiber,2.2,g
3978,Fat,10,g
3978,Cholesterol,0,mg
3978,Sodium,29.9,mg
3979,Energy,139,cal
3979,Protein,2.9,g
3979,Carbohydrates,3.6,g
3979,Fiber,0.2,g
3979,Fat,12.6,g
3979,Cholesterol,0,mg
3979,Vitamin A,145,mcg
3979,Vitamin B1,0,mg
3979,Vitamin B2,0,mg
3979,Vitamin B3,0,mg
3979,Vitamin C,3.1,mg
3979,Folic Acid,0.9,mcg
3979,Calcium,84,mg
3979,Iron,0.4,mg
3979,Magnesium,0,mg
3979,Phosphorus,0,mg
3979,Sodium,0.7,mg
3979,Potassium,17.5,mg
3979,Zinc,0,mg
3980,Energy,139,cal
3980,Protein,2.9,g
3980,Carbohydrates,3.6,g
3980,Fiber,0.2,g
3980,Fat,12.6,g
3980,Cholesterol,0,mg
3980,Vitamin A,145,mcg
3980,Vitamin B1,0,mg
3980,Vitamin B2,0,mg
3980,Vitamin B3,0,mg
3980,Vitamin C,3.1,mg
3980,Folic Acid,0.9,mcg
3980,Calcium,84,mg
3980,Iron,0.4,mg
3980,Magnesium,0,mg
3980,Phosphorus,0,mg
3980,Sodium,0.7,mg
3980,Potassium,17.5,mg
3980,Zinc,0,mg
3986,Energy,92,cal
3986,Protein,0.8,g
3986,Carbohydrates,5.6,g
3986,Fiber,1.2,g
3986,Fat,7.6,g
3986,Cholesterol,0,mg
3986,Vitamin A,130.4,mcg
3986,Vitamin B1,0,mg
3986,Vitamin B2,0,mg
3986,Vitamin B3,0.1,mg
3986,Vitamin C,8.6,mg
3986,Folic Acid,10.4,mcg
3986,Calcium,14.7,mg
3986,Iron,0.3,mg
3986,Magnesium,0,mg
3986,Phosphorus,0,mg
3986,Sodium,4.7,mg
3986,Potassium,75.5,mg
3986,Zinc,0.1,mg
3987,Energy,92,cal
3987,Protein,0.8,g
3987,Carbohydrates,5.6,g
3987,Fiber,1.2,g
3987,Fat,7.6,g
3987,Cholesterol,0,mg
3987,Vitamin A,130.4,mcg
3987,Vitamin B1,0,mg
3987,Vitamin B2,0,mg
3987,Vitamin B3,0.1,mg
3987,Vitamin C,8.6,mg
3987,Folic Acid,10.4,mcg
3987,Calcium,14.7,mg
3987,Iron,0.3,mg
3987,Magnesium,0,mg
3987,Phosphorus,0,mg
3987,Sodium,4.7,mg
3987,Potassium,75.5,mg
3987,Zinc,0.1,mg
3988,Energy,41,cal
3988,Protein,1.7,g
3988,Carbohydrates,6,g
3988,Fiber,1.3,g
3988,Fat,1.3,g
3988,Cholesterol,0,mg
3988,Sodium,29.1,mg
3990,Energy,169,cal
3990,Protein,4.4,g
3990,Carbohydrates,23.1,g
3990,Fiber,0.4,g
3990,Fat,6,g
3990,Cholesterol,11.5,mg
3990,Sodium,34.1,mg
3991,Energy,169,cal
3991,Protein,4.4,g
3991,Carbohydrates,23.1,g
3991,Fiber,0.4,g
3991,Fat,6,g
3991,Cholesterol,11.5,mg
3991,Sodium,34.1,mg
3995,Energy,194,cal
3995,Protein,4,g
3995,Carbohydrates,33.7,g
3995,Fiber,2.3,g
3995,Fat,4.8,g
3995,Cholesterol,0,mg
3995,Sodium,20.6,mg
3997,Energy,64,cal
3997,Protein,1.7,g
3997,Carbohydrates,7.6,g
3997,Fiber,2.1,g
3997,Fat,2.9,g
3997,Cholesterol,0,mg
3997,Sodium,13.6,mg
3998,Energy,301,cal
3998,Protein,2.9,g
3998,Carbohydrates,60.7,g
3998,Fiber,0,g
3998,Fat,6.2,g
3998,Cholesterol,0,mg
3998,Sodium,10,mg
3999,Energy,90,cal
3999,Protein,3.3,g
3999,Carbohydrates,4.2,g
3999,Fiber,0.1,g
3999,Fat,4.9,g
3999,Cholesterol,12,mg
3999,Sodium,14.3,mg
4001,Energy,900,cal
4001,Protein,0,g
4001,Carbohydrates,0,g
4001,Fiber,0,g
4001,Fat,100,g
4001,Cholesterol,0,mg
4001,Sodium,10335.5,mg
4002,Energy,76,cal
4002,Protein,1.6,g
4002,Carbohydrates,13,g
4002,Fiber,0.3,g
4002,Fat,2.1,g
4002,Cholesterol,0,mg
4002,Sodium,4.2,mg
4003,Energy,76,cal
4003,Protein,1.6,g
4003,Carbohydrates,13,g
4003,Fiber,0.3,g
4003,Fat,2.1,g
4003,Cholesterol,0,mg
4003,Sodium,4.2,mg
4004,Energy,59,cal
4004,Protein,3.8,g
4004,Carbohydrates,7.1,g
4004,Fiber,1.4,g
4004,Fat,1.7,g
4004,Cholesterol,0,mg
4004,Sodium,68.2,mg
4005,Energy,76,cal
4005,Protein,1,g
4005,Carbohydrates,14.3,g
4005,Fiber,1.1,g
4005,Fat,1.7,g
4005,Cholesterol,0,mg
4005,Vitamin A,30.2,mcg
4005,Vitamin B1,0.1,mg
4005,Vitamin B2,0,mg
4005,Vitamin B3,0.8,mg
4005,Vitamin C,10.8,mg
4005,Folic Acid,10.8,mcg
4005,Calcium,6.3,mg
4005,Iron,0.3,mg
4005,Magnesium,0,mg
4005,Phosphorus,0,mg
4005,Sodium,7,mg
4005,Potassium,156.4,mg
4005,Zinc,0.3,mg
4006,Energy,76,cal
4006,Protein,1,g
4006,Carbohydrates,14.3,g
4006,Fiber,1.1,g
4006,Fat,1.7,g
4006,Cholesterol,0,mg
4006,Vitamin A,30.2,mcg
4006,Vitamin B1,0.1,mg
4006,Vitamin B2,0,mg
4006,Vitamin B3,0.8,mg
4006,Vitamin C,10.8,mg
4006,Folic Acid,10.8,mcg
4006,Calcium,6.3,mg
4006,Iron,0.3,mg
4006,Magnesium,0,mg
4006,Phosphorus,0,mg
4006,Sodium,7,mg
4006,Potassium,156.4,mg
4006,Zinc,0.3,mg
4007,Energy,76,cal
4007,Protein,1,g
4007,Carbohydrates,14.3,g
4007,Fiber,1.1,g
4007,Fat,1.7,g
4007,Cholesterol,0,mg
4007,Vitamin A,30.2,mcg
4007,Vitamin B1,0.1,mg
4007,Vitamin B2,0,mg
4007,Vitamin B3,0.8,mg
4007,Vitamin C,10.8,mg
4007,Folic Acid,10.8,mcg
4007,Calcium,6.3,mg
4007,Iron,0.3,mg
4007,Magnesium,0,mg
4007,Phosphorus,0,mg
4007,Sodium,7,mg
4007,Potassium,156.4,mg
4007,Zinc,0.3,mg
4008,Energy,76,cal
4008,Protein,1,g
4008,Carbohydrates,14.3,g
4008,Fiber,1.1,g
4008,Fat,1.7,g
4008,Cholesterol,0,mg
4008,Vitamin A,30.2,mcg
4008,Vitamin B1,0.1,mg
4008,Vitamin B2,0,mg
4008,Vitamin B3,0.8,mg
4008,Vitamin C,10.8,mg
4008,Folic Acid,10.8,mcg
4008,Calcium,6.3,mg
4008,Iron,0.3,mg
4008,Magnesium,0,mg
4008,Phosphorus,0,mg
4008,Sodium,7,mg
4008,Potassium,156.4,mg
4008,Zinc,0.3,mg
4009,Energy,76,cal
4009,Protein,1,g
4009,Carbohydrates,14.3,g
4009,Fiber,1.1,g
4009,Fat,1.7,g
4009,Cholesterol,0,mg
4009,Vitamin A,30.2,mcg
4009,Vitamin B1,0.1,mg
4009,Vitamin B2,0,mg
4009,Vitamin B3,0.8,mg
4009,Vitamin C,10.8,mg
4009,Folic Acid,10.8,mcg
4009,Calcium,6.3,mg
4009,Iron,0.3,mg
4009,Magnesium,0,mg
4009,Phosphorus,0,mg
4009,Sodium,7,mg
4009,Potassium,156.4,mg
4009,Zinc,0.3,mg
4010,Energy,169,cal
4010,Protein,2.9,g
4010,Carbohydrates,23,g
4010,Fiber,3.9,g
4010,Fat,6.9,g
4010,Cholesterol,1.6,mg
4010,Sodium,33.2,mg
4011,Energy,8,cal
4011,Protein,0.6,g
4011,Carbohydrates,1.2,g
4011,Fiber,0.4,g
4011,Fat,0.1,g
4011,Cholesterol,0,mg
4011,Sodium,6.9,mg
4012,Energy,155,cal
4012,Protein,10.1,g
4012,Carbohydrates,25,g
4012,Fiber,4.9,g
4012,Fat,1.6,g
4012,Cholesterol,0,mg
4012,Sodium,16.7,mg
4013,Energy,50,kcal
4013,Protein,1.7,gm
4013,Carbohydrate,7.3,gm
4013,Fat,1.5,gm
4013,Fibre,2.4,gm
4013,Vitamin A,505.7,mcg
4013,Vitamin C,46.6,mg
4013,Calcium,64.2,mg
4013,Iron,0.8,mg
4013,Folic Acid,24.5,mcg
4014,Energy,50,kcal
4014,Protein,1.7,gm
4014,Carbohydrate,7.3,gm
4014,Fat,1.5,gm
4014,Fibre,2.4,gm
4014,Vitamin A,505.7,mcg
4014,Vitamin C,46.6,mg
4014,Calcium,64.2,mg
4014,Iron,0.8,mg
4014,Folic Acid,24.5,mcg
4015,Energy,49,cal
4015,Protein,2.9,g
4015,Carbohydrates,5.7,g
4015,Fiber,1.3,g
4015,Fat,1.6,g
4015,Cholesterol,0,mg
4015,Sodium,52.2,mg
4016,Energy,20,cal
4016,Protein,0.9,g
4016,Carbohydrates,1.4,g
4016,Fiber,0.5,g
4016,Fat,0.9,g
4016,Cholesterol,2.2,mg
4016,Sodium,10.2,mg
4017,Energy,48,cal
4017,Protein,2.2,g
4017,Carbohydrates,9.4,g
4017,Fiber,2.4,g
4017,Fat,0.2,g
4017,Cholesterol,0,mg
4017,Sodium,40.7,mg
4018,Energy,48,cal
4018,Protein,2.2,g
4018,Carbohydrates,9.4,g
4018,Fiber,2.4,g
4018,Fat,0.2,g
4018,Cholesterol,0,mg
4018,Sodium,40.7,mg
4019,Energy,48,cal
4019,Protein,2.2,g
4019,Carbohydrates,9.4,g
4019,Fiber,2.4,g
4019,Fat,0.2,g
4019,Cholesterol,0,mg
4019,Sodium,40.7,mg
4020,Energy,48,cal
4020,Protein,2.2,g
4020,Carbohydrates,9.4,g
4020,Fiber,2.4,g
4020,Fat,0.2,g
4020,Cholesterol,0,mg
4020,Sodium,40.7,mg
4021,Energy,48,cal
4021,Protein,2.2,g
4021,Carbohydrates,9.4,g
4021,Fiber,2.4,g
4021,Fat,0.2,g
4021,Cholesterol,0,mg
4021,Sodium,40.7,mg
4022,Energy,48,cal
4022,Protein,2.2,g
4022,Carbohydrates,9.4,g
4022,Fiber,2.4,g
4022,Fat,0.2,g
4022,Cholesterol,0,mg
4022,Sodium,40.7,mg
4023,Energy,48,cal
4023,Protein,2.2,g
4023,Carbohydrates,9.4,g
4023,Fiber,2.4,g
4023,Fat,0.2,g
4023,Cholesterol,0,mg
4023,Sodium,40.7,mg
4024,Energy,179,cal
4024,Protein,1.8,g
4024,Carbohydrates,25,g
4024,Fiber,1.9,g
4024,Fat,8.1,g
4024,Cholesterol,0,mg
4024,Sodium,12.1,mg
4025,Energy,97,cal
4025,Protein,6,g
4025,Carbohydrates,17.6,g
4025,Fiber,0.5,g
4025,Fat,0.2,g
4025,Cholesterol,0,mg
4025,Sodium,83.5,mg
4026,Energy,97,cal
4026,Protein,6,g
4026,Carbohydrates,17.6,g
4026,Fiber,0.5,g
4026,Fat,0.2,g
4026,Cholesterol,0,mg
4026,Sodium,83.5,mg
4027,Energy,44,cal
4027,Protein,3.7,g
4027,Carbohydrates,7,g
4027,Fiber,0.2,g
4027,Fat,0.2,g
4027,Cholesterol,0,mg
4027,Sodium,50.1,mg
4028,Energy,44,cal
4028,Protein,3.7,g
4028,Carbohydrates,7,g
4028,Fiber,0.2,g
4028,Fat,0.2,g
4028,Cholesterol,0,mg
4028,Sodium,50.1,mg
4029,Energy,44,cal
4029,Protein,3.7,g
4029,Carbohydrates,7,g
4029,Fiber,0.2,g
4029,Fat,0.2,g
4029,Cholesterol,0,mg
4029,Sodium,50.1,mg
4030,Energy,44,cal
4030,Protein,3.7,g
4030,Carbohydrates,7,g
4030,Fiber,0.2,g
4030,Fat,0.2,g
4030,Cholesterol,0,mg
4030,Sodium,50.1,mg
4032,Energy,85,cal
4032,Protein,2.7,g
4032,Carbohydrates,17.1,g
4032,Fiber,2.8,g
4032,Fat,0.9,g
4032,Cholesterol,0,mg
4032,Sodium,52.5,mg
4033,Energy,90,cal
4033,Protein,2.7,g
4033,Carbohydrates,16,g
4033,Fiber,2.9,g
4033,Fat,2.1,g
4033,Cholesterol,0,mg
4033,Sodium,71.9,mg
4034,Energy,35,cal
4034,Protein,1.4,g
4034,Carbohydrates,4.7,g
4034,Fiber,0,g
4034,Fat,1.1,g
4034,Cholesterol,0,mg
4034,Sodium,14.3,mg
4035,Energy,30,cal
4035,Protein,1,g
4035,Carbohydrates,4,g
4035,Fiber,0,g
4035,Fat,1.1,g
4035,Cholesterol,0,mg
4035,Sodium,7.2,mg
4036,Energy,30,cal
4036,Protein,1,g
4036,Carbohydrates,4,g
4036,Fiber,0,g
4036,Fat,1.1,g
4036,Cholesterol,0,mg
4036,Sodium,7.2,mg
4037,Energy,11,cal
4037,Protein,0.8,g
4037,Carbohydrates,1.4,g
4037,Fiber,0.5,g
4037,Fat,0.2,g
4037,Cholesterol,0.4,mg
4037,Sodium,13.7,mg
4038,Energy,116,cal
4038,Protein,1.8,g
4038,Carbohydrates,5.5,g
4038,Fiber,0.2,g
4038,Fat,12.4,g
4038,Cholesterol,9,mg
4038,Sodium,30.7,mg
4039,Energy,76,cal
4039,Protein,1.5,g
4039,Carbohydrates,3.5,g
4039,Fiber,0.1,g
4039,Fat,7.8,g
4039,Cholesterol,0,mg
4039,Sodium,0.4,mg
4040,Energy,129,cal
4040,Protein,5.5,g
4040,Carbohydrates,6.7,g
4040,Fiber,0,g
4040,Fat,6.5,g
4040,Cholesterol,16,mg
4040,Sodium,35.7,mg
4041,Energy,103,cal
4041,Protein,6.8,g
4041,Carbohydrates,18.3,g
4041,Fiber,0.6,g
4041,Fat,0.3,g
4041,Cholesterol,0,mg
4041,Sodium,93.3,mg
4042,Energy,103,cal
4042,Protein,6.8,g
4042,Carbohydrates,18.3,g
4042,Fiber,0.6,g
4042,Fat,0.3,g
4042,Cholesterol,0,mg
4042,Sodium,93.3,mg
4043,Energy,14,cal
4043,Protein,1.2,g
4043,Carbohydrates,2.2,g
4043,Fiber,0.1,g
4043,Fat,0,g
4043,Cholesterol,0,mg
4043,Sodium,28.5,mg
4044,Energy,95,cal
4044,Protein,1.2,g
4044,Carbohydrates,8.1,g
4044,Fiber,0,g
4044,Fat,6.4,g
4044,Cholesterol,0,mg
4044,Sodium,1,mg
4045,Energy,95,cal
4045,Protein,1.2,g
4045,Carbohydrates,8.1,g
4045,Fiber,0,g
4045,Fat,6.4,g
4045,Cholesterol,0,mg
4045,Sodium,1,mg
4046,Energy,117,cal
4046,Protein,0.8,g
4046,Carbohydrates,28.3,g
4046,Fiber,0.6,g
4046,Fat,0.3,g
4046,Cholesterol,0,mg
4046,Sodium,98.1,mg
4047,Energy,120,cal
4047,Protein,1.9,g
4047,Carbohydrates,27,g
4047,Fiber,1,g
4047,Fat,0.4,g
4047,Cholesterol,0,mg
4047,Sodium,213,mg
4048,Energy,332,cal
4048,Protein,9.3,g
4048,Carbohydrates,34.1,g
4048,Fiber,0.4,g
4048,Fat,15.7,g
4048,Cholesterol,13.3,mg
4048,Sodium,69.2,mg
4051,Energy,69,cal
4051,Protein,1.1,g
4051,Carbohydrates,4.3,g
4051,Fiber,2,g
4051,Fat,5.2,g
4051,Cholesterol,0,mg
4051,Sodium,15.5,mg
4052,Energy,234,cal
4052,Protein,7.1,g
4052,Carbohydrates,21.1,g
4052,Fiber,6.4,g
4052,Fat,13.7,g
4052,Cholesterol,12,mg
4052,Sodium,64.2,mg
4053,Energy,230,cal
4053,Protein,8.9,g
4053,Carbohydrates,15.8,g
4053,Fiber,0.4,g
4053,Fat,13.4,g
4053,Cholesterol,0,mg
4053,Vitamin A,327.2,mcg
4053,Vitamin B1,0,mg
4053,Vitamin B2,0.1,mg
4053,Vitamin B3,0.2,mg
4053,Vitamin C,0.5,mg
4053,Folic Acid,4.4,mcg
4053,Calcium,265.9,mg
4053,Iron,1,mg
4053,Magnesium,0,mg
4053,Phosphorus,0,mg
4053,Sodium,59.4,mg
4053,Potassium,56.3,mg
4053,Zinc,0.1,mg
4054,Energy,409,cal
4054,Protein,51.9,g
4054,Carbohydrates,31.7,g
4054,Fiber,0.6,g
4054,Fat,20.5,g
4054,Cholesterol,55.5,mg
4054,Vitamin A,309.8,mcg
4054,Vitamin B1,0,mg
4054,Vitamin B2,0.1,mg
4054,Vitamin B3,0.2,mg
4054,Vitamin C,0.7,mg
4054,Folic Acid,4.8,mcg
4054,Calcium,493.2,mg
4054,Iron,0.4,mg
4054,Magnesium,0,mg
4054,Phosphorus,0,mg
4054,Sodium,551.7,mg
4054,Potassium,78.3,mg
4054,Zinc,0.4,mg
4056,Energy,411,cal
4056,Protein,74.8,g
4056,Carbohydrates,54.7,g
4056,Fiber,2.8,g
4056,Fat,12.2,g
4056,Cholesterol,0,mg
4056,Vitamin A,536.3,mcg
4056,Vitamin B1,0.1,mg
4056,Vitamin B2,0.1,mg
4056,Vitamin B3,0.6,mg
4056,Vitamin C,5.3,mg
4056,Folic Acid,25.6,mcg
4056,Calcium,368.9,mg
4056,Iron,1.3,mg
4056,Magnesium,0,mg
4056,Phosphorus,0,mg
4056,Sodium,29.4,mg
4056,Potassium,119.7,mg
4056,Zinc,0.3,mg
4057,Energy,411,cal
4057,Protein,74.8,g
4057,Carbohydrates,54.7,g
4057,Fiber,2.8,g
4057,Fat,12.2,g
4057,Cholesterol,0,mg
4057,Vitamin A,536.3,mcg
4057,Vitamin B1,0.1,mg
4057,Vitamin B2,0.1,mg
4057,Vitamin B3,0.6,mg
4057,Vitamin C,5.3,mg
4057,Folic Acid,25.6,mcg
4057,Calcium,368.9,mg
4057,Iron,1.3,mg
4057,Magnesium,0,mg
4057,Phosphorus,0,mg
4057,Sodium,29.4,mg
4057,Potassium,119.7,mg
4057,Zinc,0.3,mg
4058,Energy,239,cal
4058,Protein,26,g
4058,Carbohydrates,41.6,g
4058,Fiber,10.6,g
4058,Fat,4.8,g
4058,Cholesterol,4.6,mg
4058,Vitamin A,469.1,mcg
4058,Vitamin B1,0.2,mg
4058,Vitamin B2,0.1,mg
4058,Vitamin B3,0.3,mg
4058,Vitamin C,61.6,mg
4058,Folic Acid,45.3,mcg
4058,Calcium,140.9,mg
4058,Iron,0.9,mg
4058,Magnesium,0,mg
4058,Phosphorus,0,mg
4058,Sodium,721.7,mg
4058,Potassium,433.2,mg
4058,Zinc,1.6,mg
4059,Energy,299,cal
4059,Protein,9.8,g
4059,Carbohydrates,25,g
4059,Fiber,2.9,g
4059,Fat,17,g
4059,Cholesterol,0,mg
4059,Vitamin A,869.1,mcg
4059,Vitamin B1,0.2,mg
4059,Vitamin B2,0.1,mg
4059,Vitamin B3,0.5,mg
4059,Vitamin C,49.5,mg
4059,Folic Acid,35,mcg
4059,Calcium,275.8,mg
4059,Iron,2.1,mg
4059,Magnesium,0,mg
4059,Phosphorus,0,mg
4059,Sodium,117.6,mg
4059,Potassium,219.6,mg
4059,Zinc,0.4,mg
4060,Energy,299,cal
4060,Protein,9.8,g
4060,Carbohydrates,25,g
4060,Fiber,2.9,g
4060,Fat,17,g
4060,Cholesterol,0,mg
4060,Vitamin A,869.1,mcg
4060,Vitamin B1,0.2,mg
4060,Vitamin B2,0.1,mg
4060,Vitamin B3,0.5,mg
4060,Vitamin C,49.5,mg
4060,Folic Acid,35,mcg
4060,Calcium,275.8,mg
4060,Iron,2.1,mg
4060,Magnesium,0,mg
4060,Phosphorus,0,mg
4060,Sodium,117.6,mg
4060,Potassium,219.6,mg
4060,Zinc,0.4,mg
4061,Energy,163,cal
4061,Protein,34.2,g
4061,Carbohydrates,24,g
4061,Fiber,1.4,g
4061,Fat,3.9,g
4061,Cholesterol,0,mg
4061,Vitamin A,168.1,mcg
4061,Vitamin B1,0.1,mg
4061,Vitamin B2,0.1,mg
4061,Vitamin B3,0.1,mg
4061,Vitamin C,18.4,mg
4061,Folic Acid,6.2,mcg
4061,Calcium,103.8,mg
4061,Iron,0.6,mg
4061,Magnesium,0,mg
4061,Phosphorus,0,mg
4061,Sodium,11.3,mg
4061,Potassium,64.3,mg
4061,Zinc,0.1,mg
4062,Energy,357,cal
4062,Protein,8.2,g
4062,Carbohydrates,29.5,g
4062,Fiber,1,g
4062,Fat,20.8,g
4062,Cholesterol,0,mg
4062,Vitamin A,1080.4,mcg
4062,Vitamin B1,0.1,mg
4062,Vitamin B2,0.1,mg
4062,Vitamin B3,0.7,mg
4062,Vitamin C,15.4,mg
4062,Folic Acid,7.9,mcg
4062,Calcium,223.5,mg
4062,Iron,2.2,mg
4062,Magnesium,0,mg
4062,Phosphorus,0,mg
4062,Sodium,184.8,mg
4062,Potassium,136.6,mg
4062,Zinc,0.3,mg
4063,Energy,159,cal
4063,Protein,26.4,g
4063,Carbohydrates,29.6,g
4063,Fiber,2.1,g
4063,Fat,2.6,g
4063,Cholesterol,0,mg
4063,Vitamin A,450.2,mcg
4063,Vitamin B1,0.1,mg
4063,Vitamin B2,0,mg
4063,Vitamin B3,0.6,mg
4063,Vitamin C,19.9,mg
4063,Folic Acid,17.1,mcg
4063,Calcium,36.5,mg
4063,Iron,0.6,mg
4063,Magnesium,0,mg
4063,Phosphorus,0,mg
4063,Sodium,113,mg
4063,Potassium,135.8,mg
4063,Zinc,0.3,mg
4064,Energy,246,cal
4064,Protein,8.4,g
4064,Carbohydrates,20.6,g
4064,Fiber,0.4,g
4064,Fat,12.6,g
4064,Cholesterol,0,mg
4064,Vitamin A,413,mcg
4064,Vitamin B1,0.2,mg
4064,Vitamin B2,0.2,mg
4064,Vitamin B3,1.5,mg
4064,Vitamin C,7.6,mg
4064,Folic Acid,20.5,mcg
4064,Calcium,250.6,mg
4064,Iron,1.6,mg
4064,Magnesium,0,mg
4064,Phosphorus,0,mg
4064,Sodium,68.5,mg
4064,Potassium,142,mg
4064,Zinc,0.3,mg
4066,Energy,50,cal
4066,Protein,0.9,g
4066,Carbohydrates,8.8,g
4066,Fiber,0.2,g
4066,Fat,1.1,g
4066,Cholesterol,0,mg
4066,Sodium,0.8,mg
4067,Energy,163,cal
4067,Protein,2.4,g
4067,Carbohydrates,16.9,g
4067,Fiber,0,g
4067,Fat,9.3,g
4067,Cholesterol,24.8,mg
4067,Sodium,81.1,mg
4068,Energy,24,cal
4068,Protein,0.1,g
4068,Carbohydrates,1.1,g
4068,Fiber,0.1,g
4068,Fat,2.1,g
4068,Cholesterol,0,mg
4068,Sodium,387.9,mg
4069,Energy,146,cal
4069,Protein,0.8,g
4069,Carbohydrates,8.8,g
4069,Fiber,1,g
4069,Fat,11.8,g
4069,Cholesterol,0,mg
4069,Sodium,2.9,mg
4070,Energy,146,cal
4070,Protein,0.8,g
4070,Carbohydrates,8.8,g
4070,Fiber,1,g
4070,Fat,11.8,g
4070,Cholesterol,0,mg
4070,Sodium,2.9,mg
4071,Energy,158,cal
4071,Protein,11.2,g
4071,Carbohydrates,25.7,g
4071,Fiber,7.2,g
4071,Fat,1.2,g
4071,Cholesterol,0,mg
4071,Sodium,24.6,mg
4072,Energy,203,cal
4072,Protein,9.3,g
4072,Carbohydrates,23.5,g
4072,Fiber,3.2,g
4072,Fat,8,g
4072,Cholesterol,0,mg
4072,Sodium,10.4,mg
4073,Energy,203,cal
4073,Protein,9.3,g
4073,Carbohydrates,23.5,g
4073,Fiber,3.2,g
4073,Fat,8,g
4073,Cholesterol,0,mg
4073,Sodium,10.4,mg
4074,Energy,203,cal
4074,Protein,9.3,g
4074,Carbohydrates,23.5,g
4074,Fiber,3.2,g
4074,Fat,8,g
4074,Cholesterol,0,mg
4074,Sodium,10.4,mg
4075,Energy,203,cal
4075,Protein,9.3,g
4075,Carbohydrates,23.5,g
4075,Fiber,3.2,g
4075,Fat,8,g
4075,Cholesterol,0,mg
4075,Sodium,10.4,mg
4076,Energy,203,cal
4076,Protein,9.3,g
4076,Carbohydrates,23.5,g
4076,Fiber,3.2,g
4076,Fat,8,g
4076,Cholesterol,0,mg
4076,Sodium,10.4,mg
4077,Energy,97,cal
4077,Protein,1.2,g
4077,Carbohydrates,16.3,g
4077,Fiber,0.5,g
4077,Fat,2.8,g
4077,Cholesterol,0,mg
4077,Sodium,0,mg
4080,Energy,163,cal
4080,Protein,5.6,g
4080,Carbohydrates,16.1,g
4080,Fiber,5.1,g
4080,Fat,8.9,g
4080,Cholesterol,0,mg
4080,Sodium,12.5,mg
4081,Energy,458,cal
4081,Protein,17.6,g
4081,Carbohydrates,52.9,g
4081,Fiber,12.9,g
4081,Fat,19.6,g
4081,Cholesterol,0,mg
4081,Sodium,63.1,mg
4082,Energy,128,cal
4082,Protein,2.2,g
4082,Carbohydrates,13.8,g
4082,Fiber,0.9,g
4082,Fat,7.1,g
4082,Cholesterol,0,mg
4082,Vitamin A,117.2,mcg
4082,Vitamin B1,0,mg
4082,Vitamin B2,0,mg
4082,Vitamin B3,0.5,mg
4082,Vitamin C,0.1,mg
4082,Folic Acid,0.8,mcg
4082,Calcium,4.6,mg
4082,Iron,0.6,mg
4082,Magnesium,0,mg
4082,Phosphorus,0,mg
4082,Sodium,26.4,mg
4082,Potassium,23.2,mg
4082,Zinc,0.1,mg
4083,Energy,128,cal
4083,Protein,2.2,g
4083,Carbohydrates,13.8,g
4083,Fiber,0.9,g
4083,Fat,7.1,g
4083,Cholesterol,0,mg
4083,Vitamin A,117.2,mcg
4083,Vitamin B1,0,mg
4083,Vitamin B2,0,mg
4083,Vitamin B3,0.5,mg
4083,Vitamin C,0.1,mg
4083,Folic Acid,0.8,mcg
4083,Calcium,4.6,mg
4083,Iron,0.6,mg
4083,Magnesium,0,mg
4083,Phosphorus,0,mg
4083,Sodium,26.4,mg
4083,Potassium,23.2,mg
4083,Zinc,0.1,mg
4084,Energy,147,cal
4084,Protein,4.2,g
4084,Carbohydrates,18.9,g
4084,Fiber,0.7,g
4084,Fat,6.4,g
4084,Cholesterol,0,mg
4084,Sodium,3.9,mg
4085,Energy,211,cal
4085,Protein,2.2,g
4085,Carbohydrates,32,g
4085,Fiber,0.8,g
4085,Fat,8.1,g
4085,Cholesterol,4,mg
4085,Sodium,6.6,mg
4086,Energy,211,cal
4086,Protein,2.2,g
4086,Carbohydrates,32,g
4086,Fiber,0.8,g
4086,Fat,8.1,g
4086,Cholesterol,4,mg
4086,Sodium,6.6,mg
4088,Energy,266,cal
4088,Protein,4.5,g
4088,Carbohydrates,34.7,g
4088,Fiber,3,g
4088,Fat,12.1,g
4088,Cholesterol,5.3,mg
4088,Sodium,9.3,mg
4089,Energy,345,cal
4089,Protein,6.3,g
4089,Carbohydrates,44.8,g
4089,Fiber,2.6,g
4089,Fat,15.6,g
4089,Cholesterol,8,mg
4089,Sodium,14.8,mg
4090,Energy,99,cal
4090,Protein,5.4,g
4090,Carbohydrates,15.1,g
4090,Fiber,2.4,g
4090,Fat,2.8,g
4090,Cholesterol,0,mg
4090,Sodium,96.2,mg
4091,Energy,140,cal
4091,Protein,3.3,g
4091,Carbohydrates,16.1,g
4091,Fiber,2.2,g
4091,Fat,7.8,g
4091,Cholesterol,0,mg
4091,Vitamin A,281.2,mcg
4091,Vitamin B1,0.2,mg
4091,Vitamin B2,0.2,mg
4091,Vitamin B3,1.4,mg
4091,Vitamin C,39,mg
4091,Folic Acid,27.4,mcg
4091,Calcium,39.5,mg
4091,Iron,1,mg
4091,Magnesium,0,mg
4091,Phosphorus,0,mg
4091,Sodium,85.7,mg
4091,Potassium,231.5,mg
4091,Zinc,0.4,mg
4092,Energy,140,cal
4092,Protein,3.3,g
4092,Carbohydrates,16.1,g
4092,Fiber,2.2,g
4092,Fat,7.8,g
4092,Cholesterol,0,mg
4092,Vitamin A,281.2,mcg
4092,Vitamin B1,0.2,mg
4092,Vitamin B2,0.2,mg
4092,Vitamin B3,1.4,mg
4092,Vitamin C,39,mg
4092,Folic Acid,27.4,mcg
4092,Calcium,39.5,mg
4092,Iron,1,mg
4092,Magnesium,0,mg
4092,Phosphorus,0,mg
4092,Sodium,85.7,mg
4092,Potassium,231.5,mg
4092,Zinc,0.4,mg
4093,Energy,79,cal
4093,Protein,1.1,g
4093,Carbohydrates,12,g
4093,Fiber,1.1,g
4093,Fat,3.1,g
4093,Cholesterol,0,mg
4093,Sodium,0.8,mg
4094,Energy,90,cal
4094,Protein,1.3,g
4094,Carbohydrates,14.4,g
4094,Fiber,1.4,g
4094,Fat,3.2,g
4094,Cholesterol,7.5,mg
4094,Sodium,25.7,mg
4095,Energy,90,cal
4095,Protein,1.3,g
4095,Carbohydrates,14.4,g
4095,Fiber,1.4,g
4095,Fat,3.2,g
4095,Cholesterol,7.5,mg
4095,Sodium,25.7,mg
4096,Energy,246,cal
4096,Protein,7.2,g
4096,Carbohydrates,38.3,g
4096,Fiber,3.5,g
4096,Fat,8.4,g
4096,Cholesterol,8,mg
4096,Sodium,17.8,mg
4097,Energy,191,cal
4097,Protein,4.6,g
4097,Carbohydrates,20.7,g
4097,Fiber,3.3,g
4097,Fat,10.3,g
4097,Cholesterol,0,mg
4097,Vitamin A,101.9,mcg
4097,Vitamin B1,0.1,mg
4097,Vitamin B2,0.1,mg
4097,Vitamin B3,0.2,mg
4097,Vitamin C,2.8,mg
4097,Folic Acid,20.8,mcg
4097,Calcium,81.9,mg
4097,Iron,0.5,mg
4097,Magnesium,0,mg
4097,Phosphorus,0,mg
4097,Sodium,11.3,mg
4097,Potassium,151.5,mg
4097,Zinc,0.3,mg
4098,Energy,131,cal
4098,Protein,1.8,g
4098,Carbohydrates,18.2,g
4098,Fiber,2,g
4098,Fat,5.9,g
4098,Cholesterol,7.5,mg
4098,Sodium,28.2,mg
4099,Energy,116,cal
4099,Protein,1.2,g
4099,Carbohydrates,12.5,g
4099,Fiber,1.6,g
4099,Fat,7,g
4099,Cholesterol,0,mg
4099,Sodium,5.5,mg
4100,Energy,116,cal
4100,Protein,1.2,g
4100,Carbohydrates,12.5,g
4100,Fiber,1.6,g
4100,Fat,7,g
4100,Cholesterol,0,mg
4100,Sodium,5.5,mg
4101,Energy,89,cal
4101,Protein,2.6,g
4101,Carbohydrates,19.5,g
4101,Fiber,1.9,g
4101,Fat,1.3,g
4101,Cholesterol,0,mg
4101,Vitamin A,24.2,mcg
4101,Vitamin B1,0.1,mg
4101,Vitamin B2,0.1,mg
4101,Vitamin B3,0.1,mg
4101,Vitamin C,3.8,mg
4101,Folic Acid,17.7,mcg
4101,Calcium,4.7,mg
4101,Iron,0.3,mg
4101,Magnesium,0,mg
4101,Phosphorus,0,mg
4101,Sodium,4.2,mg
4101,Potassium,130.6,mg
4101,Zinc,0.3,mg
4102,Energy,227,cal
4102,Protein,6.6,g
4102,Carbohydrates,36,g
4102,Fiber,3.2,g
4102,Fat,7.1,g
4102,Cholesterol,8,mg
4102,Sodium,16.9,mg
4103,Energy,266,cal
4103,Protein,7,g
4103,Carbohydrates,47.9,g
4103,Fiber,4.7,g
4103,Fat,8.2,g
4103,Cholesterol,1.2,mg
4103,Sodium,12.5,mg
4104,Energy,294,cal
4104,Protein,9.8,g
4104,Carbohydrates,51.9,g
4104,Fiber,5.3,g
4104,Fat,5.3,g
4104,Cholesterol,0,mg
4104,Sodium,32.3,mg
4105,Energy,54,cal
4105,Protein,2.6,g
4105,Carbohydrates,9.4,g
4105,Fiber,3.3,g
4105,Fat,0.8,g
4105,Cholesterol,0,mg
4105,Vitamin A,4660.5,mcg
4105,Vitamin B1,0.1,mg
4105,Vitamin B2,0.1,mg
4105,Vitamin B3,0.7,mg
4105,Vitamin C,7.3,mg
4105,Folic Acid,0.1,mcg
4105,Calcium,110.8,mg
4105,Iron,4.7,mg
4105,Magnesium,0,mg
4105,Phosphorus,0,mg
4105,Sodium,7.3,mg
4105,Potassium,41.9,mg
4105,Zinc,0,mg
4107,Energy,190,cal
4107,Protein,8.6,g
4107,Carbohydrates,24.6,g
4107,Fiber,6.3,g
4107,Fat,6.4,g
4107,Cholesterol,0,mg
4107,Vitamin A,89.1,mcg
4107,Vitamin B1,0.2,mg
4107,Vitamin B2,0.1,mg
4107,Vitamin B3,1,mg
4107,Vitamin C,0.4,mg
4107,Folic Acid,60.5,mcg
4107,Calcium,26.6,mg
4107,Iron,2.2,mg
4107,Magnesium,0,mg
4107,Phosphorus,0,mg
4107,Sodium,30,mg
4107,Potassium,295.6,mg
4107,Zinc,0.7,mg
4108,Energy,65,cal
4108,Protein,1.4,g
4108,Carbohydrates,10.2,g
4108,Fiber,1.2,g
4108,Fat,2.6,g
4108,Cholesterol,0,mg
4108,Sodium,5,mg
4109,Energy,81,cal
4109,Protein,3.7,g
4109,Carbohydrates,13.6,g
4109,Fiber,1.3,g
4109,Fat,1.8,g
4109,Cholesterol,0,mg
4109,Sodium,39,mg
4110,Energy,157,cal
4110,Protein,5,g
4110,Carbohydrates,15.2,g
4110,Fiber,1.3,g
4110,Fat,7.3,g
4110,Cholesterol,12.8,mg
4110,Sodium,19.9,mg
4111,Energy,229,cal
4111,Protein,6.6,g
4111,Carbohydrates,33.8,g
4111,Fiber,3.2,g
4111,Fat,8.4,g
4111,Cholesterol,8,mg
4111,Sodium,16.9,mg
4112,Energy,75,cal
4112,Protein,6.4,g
4112,Carbohydrates,9.6,g
4112,Fiber,0,g
4112,Fat,1.2,g
4112,Cholesterol,0,mg
4112,Sodium,90,mg
4113,Energy,495,cal
4113,Protein,10.9,g
4113,Carbohydrates,48.1,g
4113,Fiber,0,g
4113,Fat,22.8,g
4113,Cholesterol,40,mg
4113,Sodium,47.5,mg
4114,Energy,495,cal
4114,Protein,10.9,g
4114,Carbohydrates,48.1,g
4114,Fiber,0,g
4114,Fat,22.8,g
4114,Cholesterol,40,mg
4114,Sodium,47.5,mg
4115,Energy,495,cal
4115,Protein,10.9,g
4115,Carbohydrates,48.1,g
4115,Fiber,0,g
4115,Fat,22.8,g
4115,Cholesterol,40,mg
4115,Sodium,47.5,mg
4116,Energy,495,cal
4116,Protein,10.9,g
4116,Carbohydrates,48.1,g
4116,Fiber,0,g
4116,Fat,22.8,g
4116,Cholesterol,40,mg
4116,Sodium,47.5,mg
4117,Energy,133,cal
4117,Protein,3.9,g
4117,Carbohydrates,23.6,g
4117,Fiber,4,g
4117,Fat,3,g
4117,Cholesterol,7.5,mg
4117,Sodium,31.3,mg
4118,Energy,114,cal
4118,Protein,2,g
4118,Carbohydrates,11.8,g
4118,Fiber,2,g
4118,Fat,6.8,g
4118,Cholesterol,20,mg
4118,Sodium,69.3,mg
4119,Energy,24,cal
4119,Protein,0.3,g
4119,Carbohydrates,1.3,g
4119,Fiber,0.3,g
4119,Fat,2,g
4119,Cholesterol,1.4,mg
4119,Sodium,10,mg
4120,Energy,24,cal
4120,Protein,0.3,g
4120,Carbohydrates,1.3,g
4120,Fiber,0.3,g
4120,Fat,2,g
4120,Cholesterol,1.4,mg
4120,Sodium,10,mg
4121,Energy,464,cal
4121,Protein,20,g
4121,Carbohydrates,15,g
4121,Fiber,0.1,g
4121,Fat,34.2,g
4121,Cholesterol,11.6,mg
4121,Vitamin A,506.7,mcg
4121,Vitamin B1,-1,mg
4121,Vitamin B2,-1,mg
4121,Vitamin B3,-0.9,mg
4121,Vitamin C,3.9,mg
4121,Folic Acid,4.2,mcg
4121,Calcium,663.5,mg
4121,Iron,0.4,mg
4121,Magnesium,0,mg
4121,Phosphorus,0,mg
4121,Sodium,152.9,mg
4121,Potassium,67.5,mg
4121,Zinc,0.2,mg
4122,Energy,464,cal
4122,Protein,20,g
4122,Carbohydrates,15,g
4122,Fiber,0.1,g
4122,Fat,34.2,g
4122,Cholesterol,11.6,mg
4122,Vitamin A,506.7,mcg
4122,Vitamin B1,-1,mg
4122,Vitamin B2,-1,mg
4122,Vitamin B3,-0.9,mg
4122,Vitamin C,3.9,mg
4122,Folic Acid,4.2,mcg
4122,Calcium,663.5,mg
4122,Iron,0.4,mg
4122,Magnesium,0,mg
4122,Phosphorus,0,mg
4122,Sodium,152.9,mg
4122,Potassium,67.5,mg
4122,Zinc,0.2,mg
4123,Energy,464,cal
4123,Protein,20,g
4123,Carbohydrates,15,g
4123,Fiber,0.1,g
4123,Fat,34.2,g
4123,Cholesterol,11.6,mg
4123,Vitamin A,506.7,mcg
4123,Vitamin B1,-1,mg
4123,Vitamin B2,-1,mg
4123,Vitamin B3,-0.9,mg
4123,Vitamin C,3.9,mg
4123,Folic Acid,4.2,mcg
4123,Calcium,663.5,mg
4123,Iron,0.4,mg
4123,Magnesium,0,mg
4123,Phosphorus,0,mg
4123,Sodium,152.9,mg
4123,Potassium,67.5,mg
4123,Zinc,0.2,mg
4124,Energy,464,cal
4124,Protein,20,g
4124,Carbohydrates,15,g
4124,Fiber,0.1,g
4124,Fat,34.2,g
4124,Cholesterol,11.6,mg
4124,Vitamin A,506.7,mcg
4124,Vitamin B1,-1,mg
4124,Vitamin B2,-1,mg
4124,Vitamin B3,-0.9,mg
4124,Vitamin C,3.9,mg
4124,Folic Acid,4.2,mcg
4124,Calcium,663.5,mg
4124,Iron,0.4,mg
4124,Magnesium,0,mg
4124,Phosphorus,0,mg
4124,Sodium,152.9,mg
4124,Potassium,67.5,mg
4124,Zinc,0.2,mg
4125,Energy,464,cal
4125,Protein,20,g
4125,Carbohydrates,15,g
4125,Fiber,0.1,g
4125,Fat,34.2,g
4125,Cholesterol,11.6,mg
4125,Vitamin A,506.7,mcg
4125,Vitamin B1,-1,mg
4125,Vitamin B2,-1,mg
4125,Vitamin B3,-0.9,mg
4125,Vitamin C,3.9,mg
4125,Folic Acid,4.2,mcg
4125,Calcium,663.5,mg
4125,Iron,0.4,mg
4125,Magnesium,0,mg
4125,Phosphorus,0,mg
4125,Sodium,152.9,mg
4125,Potassium,67.5,mg
4125,Zinc,0.2,mg
4126,Energy,464,cal
4126,Protein,20,g
4126,Carbohydrates,15,g
4126,Fiber,0.1,g
4126,Fat,34.2,g
4126,Cholesterol,11.6,mg
4126,Vitamin A,506.7,mcg
4126,Vitamin B1,-1,mg
4126,Vitamin B2,-1,mg
4126,Vitamin B3,-0.9,mg
4126,Vitamin C,3.9,mg
4126,Folic Acid,4.2,mcg
4126,Calcium,663.5,mg
4126,Iron,0.4,mg
4126,Magnesium,0,mg
4126,Phosphorus,0,mg
4126,Sodium,152.9,mg
4126,Potassium,67.5,mg
4126,Zinc,0.2,mg
4127,Energy,34,cal
4127,Protein,1.7,g
4127,Carbohydrates,6.2,g
4127,Fiber,0.8,g
4127,Fat,0.3,g
4127,Cholesterol,0,mg
4127,Sodium,2.7,mg
4128,Energy,174,cal
4128,Protein,6,g
4128,Carbohydrates,16.7,g
4128,Fiber,0,g
4128,Fat,9.1,g
4128,Cholesterol,0.8,mg
4128,Sodium,0.9,mg
4129,Energy,174,cal
4129,Protein,6,g
4129,Carbohydrates,16.7,g
4129,Fiber,0,g
4129,Fat,9.1,g
4129,Cholesterol,0.8,mg
4129,Sodium,0.9,mg
4130,Energy,174,cal
4130,Protein,6,g
4130,Carbohydrates,16.7,g
4130,Fiber,0,g
4130,Fat,9.1,g
4130,Cholesterol,0.8,mg
4130,Sodium,0.9,mg
4131,Energy,174,cal
4131,Protein,6,g
4131,Carbohydrates,16.7,g
4131,Fiber,0,g
4131,Fat,9.1,g
4131,Cholesterol,0.8,mg
4131,Sodium,0.9,mg
4132,Energy,174,cal
4132,Protein,6,g
4132,Carbohydrates,16.7,g
4132,Fiber,0,g
4132,Fat,9.1,g
4132,Cholesterol,0.8,mg
4132,Sodium,0.9,mg
4133,Energy,174,cal
4133,Protein,6,g
4133,Carbohydrates,16.7,g
4133,Fiber,0,g
4133,Fat,9.1,g
4133,Cholesterol,0.8,mg
4133,Sodium,0.9,mg
4134,Energy,206,cal
4134,Protein,6.9,g
4134,Carbohydrates,20.4,g
4134,Fiber,0,g
4134,Fat,9,g
4134,Cholesterol,13.3,mg
4134,Sodium,49.7,mg
4135,Energy,341,cal
4135,Protein,7.8,g
4135,Carbohydrates,24.3,g
4135,Fiber,0.1,g
4135,Fat,20.6,g
4135,Cholesterol,21.3,mg
4135,Sodium,34,mg
4136,Energy,341,cal
4136,Protein,7.8,g
4136,Carbohydrates,24.3,g
4136,Fiber,0.1,g
4136,Fat,20.6,g
4136,Cholesterol,21.3,mg
4136,Sodium,34,mg
4137,Energy,24,cal
4137,Protein,1.1,g
4137,Carbohydrates,0.9,g
4137,Fiber,0.1,g
4137,Fat,1.8,g
4137,Cholesterol,0,mg
4137,Sodium,0.2,mg
4138,Energy,22,cal
4138,Protein,1,g
4138,Carbohydrates,0.6,g
4138,Fiber,0,g
4138,Fat,1.7,g
4138,Cholesterol,0,mg
4138,Sodium,0,mg
4139,Energy,23,cal
4139,Protein,1.1,g
4139,Carbohydrates,0.7,g
4139,Fiber,0,g
4139,Fat,1.8,g
4139,Cholesterol,0,mg
4139,Sodium,0,mg
4140,Energy,22,cal
4140,Protein,1,g
4140,Carbohydrates,0.6,g
4140,Fiber,0,g
4140,Fat,1.7,g
4140,Cholesterol,0,mg
4140,Sodium,0,mg
4141,Energy,45,cal
4141,Protein,1.8,g
4141,Carbohydrates,1.6,g
4141,Fiber,0.7,g
4141,Fat,3.5,g
4141,Cholesterol,0,mg
4141,Sodium,0.4,mg
4142,Energy,45,cal
4142,Protein,1.8,g
4142,Carbohydrates,1.6,g
4142,Fiber,0.7,g
4142,Fat,3.5,g
4142,Cholesterol,0,mg
4142,Sodium,0.4,mg
4143,Energy,45,cal
4143,Protein,1.8,g
4143,Carbohydrates,1.6,g
4143,Fiber,0.7,g
4143,Fat,3.5,g
4143,Cholesterol,0,mg
4143,Sodium,0.4,mg
4144,Energy,100,cal
4144,Protein,2.8,g
4144,Carbohydrates,8.8,g
4144,Fiber,0.1,g
4144,Fat,4.6,g
4144,Cholesterol,0,mg
4144,Vitamin A,91.9,mcg
4144,Vitamin B1,0,mg
4144,Vitamin B2,0.1,mg
4144,Vitamin B3,0.1,mg
4144,Vitamin C,0.6,mg
4144,Folic Acid,3.8,mcg
4144,Calcium,122.5,mg
4144,Iron,0.2,mg
4144,Magnesium,0,mg
4144,Phosphorus,0,mg
4144,Sodium,10.8,mg
4144,Potassium,51.8,mg
4144,Zinc,0,mg
4147,Energy,34,cal
4147,Protein,1.7,g
4147,Carbohydrates,6.2,g
4147,Fiber,0.8,g
4147,Fat,0.3,g
4147,Cholesterol,0,mg
4147,Sodium,2.7,mg
4148,Energy,10,cal
4148,Protein,0.2,g
4148,Carbohydrates,1,g
4148,Fiber,0.4,g
4148,Fat,0.6,g
4148,Cholesterol,0,mg
4148,Sodium,1.6,mg
4149,Energy,10,cal
4149,Protein,0.2,g
4149,Carbohydrates,1,g
4149,Fiber,0.4,g
4149,Fat,0.6,g
4149,Cholesterol,0,mg
4149,Sodium,1.6,mg
4150,Energy,10,cal
4150,Protein,0.2,g
4150,Carbohydrates,1,g
4150,Fiber,0.4,g
4150,Fat,0.6,g
4150,Cholesterol,0,mg
4150,Sodium,1.6,mg
4151,Energy,10,cal
4151,Protein,0.2,g
4151,Carbohydrates,1,g
4151,Fiber,0.4,g
4151,Fat,0.6,g
4151,Cholesterol,0,mg
4151,Sodium,1.6,mg
4152,Energy,10,cal
4152,Protein,0.2,g
4152,Carbohydrates,1,g
4152,Fiber,0.4,g
4152,Fat,0.6,g
4152,Cholesterol,0,mg
4152,Sodium,1.6,mg
4153,Energy,10,cal
4153,Protein,0.2,g
4153,Carbohydrates,1,g
4153,Fiber,0.4,g
4153,Fat,0.6,g
4153,Cholesterol,0,mg
4153,Sodium,1.6,mg
4154,Energy,984,cal
4154,Protein,2.2,g
4154,Carbohydrates,174,g
4154,Fiber,0,g
4154,Fat,31.2,g
4154,Cholesterol,0,mg
4154,Vitamin A,615.6,mcg
4154,Vitamin B1,0,mg
4154,Vitamin B2,0,mg
4154,Vitamin B3,0,mg
4154,Vitamin C,0.6,mg
4154,Folic Acid,3.8,mcg
4154,Calcium,70,mg
4154,Iron,0,mg
4154,Magnesium,0,mg
4154,Phosphorus,0,mg
4154,Sodium,34.7,mg
4154,Potassium,97.5,mg
4154,Zinc,0.2,mg
4155,Energy,984,cal
4155,Protein,2.2,g
4155,Carbohydrates,174,g
4155,Fiber,0,g
4155,Fat,31.2,g
4155,Cholesterol,0,mg
4155,Vitamin A,615.6,mcg
4155,Vitamin B1,0,mg
4155,Vitamin B2,0,mg
4155,Vitamin B3,0,mg
4155,Vitamin C,0.6,mg
4155,Folic Acid,3.8,mcg
4155,Calcium,70,mg
4155,Iron,0,mg
4155,Magnesium,0,mg
4155,Phosphorus,0,mg
4155,Sodium,34.7,mg
4155,Potassium,97.5,mg
4155,Zinc,0.2,mg
4156,Energy,72,cal
4156,Protein,0,g
4156,Carbohydrates,0,g
4156,Fiber,0,g
4156,Fat,8,g
4156,Cholesterol,0,mg
4156,Sodium,0,mg
4157,Energy,174,cal
4157,Protein,6,g
4157,Carbohydrates,19.5,g
4157,Fiber,1.8,g
4157,Fat,8,g
4157,Cholesterol,0,mg
4157,Sodium,9.3,mg
4158,Energy,380,cal
4158,Protein,13.9,g
4158,Carbohydrates,26.5,g
4158,Fiber,4.9,g
4158,Fat,24.2,g
4158,Cholesterol,0,mg
4158,Sodium,22.6,mg
4161,Energy,87,cal
4161,Protein,1.7,g
4161,Carbohydrates,11,g
4161,Fiber,2.2,g
4161,Fat,4.2,g
4161,Cholesterol,0,mg
4161,Vitamin A,531.3,mcg
4161,Vitamin B1,0.2,mg
4161,Vitamin B2,0.1,mg
4161,Vitamin B3,1,mg
4161,Vitamin C,25.6,mg
4161,Folic Acid,25.5,mcg
4161,Calcium,73,mg
4161,Iron,1.7,mg
4161,Magnesium,0,mg
4161,Phosphorus,0,mg
4161,Sodium,266.3,mg
4161,Potassium,86.7,mg
4161,Zinc,0.3,mg
4162,Energy,87,cal
4162,Protein,1.7,g
4162,Carbohydrates,11,g
4162,Fiber,2.2,g
4162,Fat,4.2,g
4162,Cholesterol,0,mg
4162,Vitamin A,531.3,mcg
4162,Vitamin B1,0.2,mg
4162,Vitamin B2,0.1,mg
4162,Vitamin B3,1,mg
4162,Vitamin C,25.6,mg
4162,Folic Acid,25.5,mcg
4162,Calcium,73,mg
4162,Iron,1.7,mg
4162,Magnesium,0,mg
4162,Phosphorus,0,mg
4162,Sodium,266.3,mg
4162,Potassium,86.7,mg
4162,Zinc,0.3,mg
4163,Energy,87,cal
4163,Protein,1.7,g
4163,Carbohydrates,11,g
4163,Fiber,2.2,g
4163,Fat,4.2,g
4163,Cholesterol,0,mg
4163,Vitamin A,531.3,mcg
4163,Vitamin B1,0.2,mg
4163,Vitamin B2,0.1,mg
4163,Vitamin B3,1,mg
4163,Vitamin C,25.6,mg
4163,Folic Acid,25.5,mcg
4163,Calcium,73,mg
4163,Iron,1.7,mg
4163,Magnesium,0,mg
4163,Phosphorus,0,mg
4163,Sodium,266.3,mg
4163,Potassium,86.7,mg
4163,Zinc,0.3,mg
4164,Energy,77,cal
4164,Protein,0.8,g
4164,Carbohydrates,5.3,g
4164,Fiber,0.2,g
4164,Fat,5.8,g
4164,Cholesterol,0.2,mg
4164,Vitamin A,57.5,mcg
4164,Vitamin B1,0,mg
4164,Vitamin B2,0,mg
4164,Vitamin B3,0.3,mg
4164,Vitamin C,0.3,mg
4164,Folic Acid,2,mcg
4164,Calcium,6.3,mg
4164,Iron,0.3,mg
4164,Magnesium,0,mg
4164,Phosphorus,0,mg
4164,Sodium,2.6,mg
4164,Potassium,21.4,mg
4164,Zinc,0.1,mg
4165,Energy,77,cal
4165,Protein,0.8,g
4165,Carbohydrates,5.3,g
4165,Fiber,0.2,g
4165,Fat,5.8,g
4165,Cholesterol,0.2,mg
4165,Vitamin A,57.5,mcg
4165,Vitamin B1,0,mg
4165,Vitamin B2,0,mg
4165,Vitamin B3,0.3,mg
4165,Vitamin C,0.3,mg
4165,Folic Acid,2,mcg
4165,Calcium,6.3,mg
4165,Iron,0.3,mg
4165,Magnesium,0,mg
4165,Phosphorus,0,mg
4165,Sodium,2.6,mg
4165,Potassium,21.4,mg
4165,Zinc,0.1,mg
4166,Energy,132,cal
4166,Protein,3.7,g
4166,Carbohydrates,9.2,g
4166,Fiber,2.9,g
4166,Fat,9.2,g
4166,Cholesterol,0,mg
4166,Sodium,34,mg
4167,Energy,176,cal
4167,Protein,2,g
4167,Carbohydrates,13.2,g
4167,Fiber,3.3,g
4167,Fat,12.8,g
4167,Cholesterol,0,mg
4167,Sodium,10.2,mg
4168,Energy,43,cal
4168,Protein,1.2,g
4168,Carbohydrates,8.7,g
4168,Fiber,0.1,g
4168,Fat,0.4,g
4168,Cholesterol,0,mg
4168,Vitamin A,142.1,mcg
4168,Vitamin B1,0,mg
4168,Vitamin B2,0,mg
4168,Vitamin B3,0.3,mg
4168,Vitamin C,0.8,mg
4168,Folic Acid,0.2,mcg
4168,Calcium,3.3,mg
4168,Iron,0.3,mg
4168,Magnesium,0,mg
4168,Phosphorus,0,mg
4168,Sodium,2.3,mg
4168,Potassium,24.3,mg
4168,Zinc,0.1,mg
4169,Amt,155,gm
4169,Energy,119,kcal
4169,Protein,2.7,gm
4169,CHO,16.3,gm
4169,Fat,3.7,gm
4169,Vit A,1992.1,mcg
4169,Vit C,11.7,mg
4169,Calcium,107.8,mg
4169,Iron,1.3,mg
4169,F Acid,2.5,mcg
4169,Fibre,0.5,gm
4170,Energy,182,cal
4170,Protein,2.6,g
4170,Carbohydrates,32.1,g
4170,Fiber,0.5,g
4170,Fat,3.5,g
4170,Cholesterol,8,mg
4170,Sodium,27.7,mg
4171,Energy,299,cal
4171,Protein,4.3,g
4171,Carbohydrates,56.5,g
4171,Fiber,2.5,g
4171,Fat,5.4,g
4171,Cholesterol,4.8,mg
4171,Sodium,35.1,mg
4172,Energy,109,cal
4172,Protein,0.8,g
4172,Carbohydrates,25.2,g
4172,Fiber,2.2,g
4172,Fat,0.4,g
4172,Cholesterol,0,mg
4172,Sodium,43.7,mg
4173,Energy,303,cal
4173,Protein,2.4,g
4173,Carbohydrates,70.8,g
4173,Fiber,8.8,g
4173,Fat,0.9,g
4173,Cholesterol,0,mg
4173,Sodium,140.1,mg
4174,Energy,110,cal
4174,Protein,1,g
4174,Carbohydrates,25.5,g
4174,Fiber,4,g
4174,Fat,0.8,g
4174,Cholesterol,0,mg
4174,Sodium,34.1,mg
4175,Energy,205,cal
4175,Protein,3.7,g
4175,Carbohydrates,31.4,g
4175,Fiber,1.4,g
4175,Fat,5.3,g
4175,Cholesterol,12,mg
4175,Sodium,40.6,mg
4176,Energy,332,cal
4176,Protein,7.2,g
4176,Carbohydrates,62.5,g
4176,Fiber,2.4,g
4176,Fat,4.7,g
4176,Cholesterol,8,mg
4176,Sodium,62.5,mg
4177,Energy,183,cal
4177,Protein,6.5,g
4177,Carbohydrates,20.3,g
4177,Fiber,0.1,g
4177,Fat,8.3,g
4177,Cholesterol,0,mg
4177,Sodium,3.2,mg
4178,Energy,183,cal
4178,Protein,6.5,g
4178,Carbohydrates,20.3,g
4178,Fiber,0.1,g
4178,Fat,8.3,g
4178,Cholesterol,0,mg
4178,Sodium,3.2,mg
4179,Energy,183,cal
4179,Protein,6.5,g
4179,Carbohydrates,20.3,g
4179,Fiber,0.1,g
4179,Fat,8.3,g
4179,Cholesterol,0,mg
4179,Sodium,3.2,mg
4180,Energy,183,cal
4180,Protein,6.5,g
4180,Carbohydrates,20.3,g
4180,Fiber,0.1,g
4180,Fat,8.3,g
4180,Cholesterol,0,mg
4180,Sodium,3.2,mg
4181,Energy,183,cal
4181,Protein,6.5,g
4181,Carbohydrates,20.3,g
4181,Fiber,0.1,g
4181,Fat,8.3,g
4181,Cholesterol,0,mg
4181,Sodium,3.2,mg
4182,Energy,183,cal
4182,Protein,6.5,g
4182,Carbohydrates,20.3,g
4182,Fiber,0.1,g
4182,Fat,8.3,g
4182,Cholesterol,0,mg
4182,Sodium,3.2,mg
4183,Energy,238,cal
4183,Protein,5.8,g
4183,Carbohydrates,28,g
4183,Fiber,0.5,g
4183,Fat,8.4,g
4183,Cholesterol,20,mg
4183,Sodium,41.9,mg
4184,Energy,15,cal
4184,Protein,0.3,g
4184,Carbohydrates,1.6,g
4184,Fiber,0.1,g
4184,Fat,0.7,g
4184,Cholesterol,0.9,mg
4184,Sodium,3.4,mg
4185,Energy,393,cal
4185,Protein,7.8,g
4185,Carbohydrates,61,g
4185,Fiber,0.8,g
4185,Fat,10.3,g
4185,Cholesterol,18.7,mg
4185,Sodium,84.9,mg
4186,Energy,290,cal
4186,Protein,5.8,g
4186,Carbohydrates,39.8,g
4186,Fiber,0.1,g
4186,Fat,10.4,g
4186,Cholesterol,10.6,mg
4186,Sodium,17.7,mg
4187,Energy,191,cal
4187,Protein,4.1,g
4187,Carbohydrates,18.6,g
4187,Fiber,0.2,g
4187,Fat,11.3,g
4187,Cholesterol,0,mg
4187,Sodium,17.8,mg
4188,Energy,178,cal
4188,Protein,1.2,g
4188,Carbohydrates,27.1,g
4188,Fiber,0.5,g
4188,Fat,6.9,g
4188,Cholesterol,2,mg
4188,Sodium,24.5,mg
4189,Energy,151,cal
4189,Protein,0.8,g
4189,Carbohydrates,35.3,g
4189,Fiber,1.1,g
4189,Fat,0.6,g
4189,Cholesterol,0,mg
4189,Sodium,26.5,mg
4190,Energy,252,cal
4190,Protein,5.2,g
4190,Carbohydrates,39.3,g
4190,Fiber,0.3,g
4190,Fat,6.8,g
4190,Cholesterol,10.7,mg
4190,Sodium,55.7,mg
4191,Energy,144,cal
4191,Protein,1.7,g
4191,Carbohydrates,17.6,g
4191,Fiber,0.2,g
4191,Fat,6.9,g
4191,Cholesterol,0,mg
4191,Vitamin A,621.6,mcg
4191,Vitamin B1,0,mg
4191,Vitamin B2,0.1,mg
4191,Vitamin B3,0.3,mg
4191,Vitamin C,3.2,mg
4191,Folic Acid,4.9,mcg
4191,Calcium,68.3,mg
4191,Iron,0.4,mg
4191,Magnesium,0,mg
4191,Phosphorus,0,mg
4191,Sodium,15.1,mg
4191,Potassium,78.2,mg
4191,Zinc,0.1,mg
4192,Energy,144,cal
4192,Protein,1.7,g
4192,Carbohydrates,17.6,g
4192,Fiber,0.2,g
4192,Fat,6.9,g
4192,Cholesterol,0,mg
4192,Vitamin A,621.6,mcg
4192,Vitamin B1,0,mg
4192,Vitamin B2,0.1,mg
4192,Vitamin B3,0.3,mg
4192,Vitamin C,3.2,mg
4192,Folic Acid,4.9,mcg
4192,Calcium,68.3,mg
4192,Iron,0.4,mg
4192,Magnesium,0,mg
4192,Phosphorus,0,mg
4192,Sodium,15.1,mg
4192,Potassium,78.2,mg
4192,Zinc,0.1,mg
4193,Energy,299,cal
4193,Protein,7,g
4193,Carbohydrates,34.2,g
4193,Fiber,0.1,g
4193,Fat,11.3,g
4193,Cholesterol,24,mg
4193,Sodium,34.6,mg
4194,Energy,144,cal
4194,Protein,3.8,g
4194,Carbohydrates,15.2,g
4194,Fiber,0.2,g
4194,Fat,5.5,g
4194,Cholesterol,13.3,mg
4194,Sodium,20.1,mg
4195,Energy,360,cal
4195,Protein,9.2,g
4195,Carbohydrates,39.7,g
4195,Fiber,0.7,g
4195,Fat,13.4,g
4195,Cholesterol,32,mg
4195,Sodium,65.3,mg
4196,Energy,583,cal
4196,Protein,1.1,g
4196,Carbohydrates,30,g
4196,Fiber,1.5,g
4196,Fat,50.8,g
4196,Cholesterol,0,mg
4196,Sodium,37,mg
4197,Energy,252,cal
4197,Protein,4.6,g
4197,Carbohydrates,37.7,g
4197,Fiber,0.4,g
4197,Fat,6.7,g
4197,Cholesterol,16,mg
4197,Sodium,32.7,mg
4198,Energy,252,cal
4198,Protein,4.6,g
4198,Carbohydrates,37.7,g
4198,Fiber,0.4,g
4198,Fat,6.7,g
4198,Cholesterol,16,mg
4198,Sodium,32.7,mg
4199,Energy,5436,cal
4199,Protein,7.2,g
4199,Carbohydrates,244.8,g
4199,Fiber,25.9,g
4199,Fat,504.3,g
4199,Cholesterol,0,mg
4199,Vitamin A,7801.9,mcg
4199,Vitamin B1,1.4,mg
4199,Vitamin B2,1.4,mg
4199,Vitamin B3,8.6,mg
4199,Vitamin C,398.9,mg
4199,Folic Acid,201.6,mcg
4199,Calcium,144,mg
4199,Iron,1.4,mg
4199,Magnesium,0,mg
4199,Phosphorus,0,mg
4199,Sodium,28.8,mg
4199,Potassium,2246.4,mg
4199,Zinc,0,mg
4200,Energy,36,cal
4200,Protein,0.9,g
4200,Carbohydrates,8.1,g
4200,Fiber,0.4,g
4200,Fat,0.1,g
4200,Cholesterol,0,mg
4200,Sodium,2.4,mg
4201,Energy,36,cal
4201,Protein,0.9,g
4201,Carbohydrates,8.1,g
4201,Fiber,0.4,g
4201,Fat,0.1,g
4201,Cholesterol,0,mg
4201,Sodium,2.4,mg
4202,Energy,145,cal
4202,Protein,3.5,g
4202,Carbohydrates,17.1,g
4202,Fiber,0.4,g
4202,Fat,5.1,g
4202,Cholesterol,12,mg
4202,Sodium,27.9,mg
4203,Energy,8,cal
4203,Protein,0.1,g
4203,Carbohydrates,1.9,g
4203,Fiber,0.2,g
4203,Fat,0.1,g
4203,Cholesterol,0,mg
4203,Sodium,2.7,mg
4204,Energy,250,cal
4204,Protein,1.8,g
4204,Carbohydrates,16.8,g
4204,Fiber,5.2,g
4204,Fat,19.4,g
4204,Cholesterol,0,mg
4204,Vitamin A,582.4,mcg
4204,Vitamin B1,0,mg
4204,Vitamin B2,0.1,mg
4204,Vitamin B3,0.5,mg
4204,Vitamin C,3.6,mg
4204,Folic Acid,4.7,mcg
4204,Calcium,13.8,mg
4204,Iron,1.1,mg
4204,Magnesium,0,mg
4204,Phosphorus,0,mg
4204,Sodium,5.2,mg
4204,Potassium,41,mg
4204,Zinc,0.1,mg
4205,Energy,21,cal
4205,Protein,0.2,g
4205,Carbohydrates,4.9,g
4205,Fiber,0.2,g
4205,Fat,0.1,g
4205,Cholesterol,0,mg
4205,Sodium,3.3,mg
4206,Energy,45,cal
4206,Protein,1,g
4206,Carbohydrates,5.3,g
4206,Fiber,0.7,g
4206,Fat,2.1,g
4206,Cholesterol,0,mg
4206,Sodium,5.2,mg
4207,Energy,354,cal
4207,Protein,3.3,g
4207,Carbohydrates,46.1,g
4207,Fiber,0.2,g
4207,Fat,16.9,g
4207,Cholesterol,2.7,mg
4207,Sodium,15.2,mg
4208,Energy,354,cal
4208,Protein,3.3,g
4208,Carbohydrates,46.1,g
4208,Fiber,0.2,g
4208,Fat,16.9,g
4208,Cholesterol,2.7,mg
4208,Sodium,15.2,mg
4209,Energy,88,cal
4209,Protein,1,g
4209,Carbohydrates,16.9,g
4209,Fiber,0.4,g
4209,Fat,1.3,g
4209,Cholesterol,2.7,mg
4209,Sodium,15.4,mg
4210,Energy,98,cal
4210,Protein,0.4,g
4210,Carbohydrates,12.1,g
4210,Fiber,0.2,g
4210,Fat,5.3,g
4210,Cholesterol,0,mg
4210,Sodium,15.5,mg
4211,Energy,98,cal
4211,Protein,0.4,g
4211,Carbohydrates,12.1,g
4211,Fiber,0.2,g
4211,Fat,5.3,g
4211,Cholesterol,0,mg
4211,Sodium,15.5,mg
4212,Energy,410,cal
4212,Protein,7.3,g
4212,Carbohydrates,60,g
4212,Fiber,0.3,g
4212,Fat,15.8,g
4212,Cholesterol,36.3,mg
4212,Sodium,342,mg
4213,Energy,410,cal
4213,Protein,7.3,g
4213,Carbohydrates,60,g
4213,Fiber,0.3,g
4213,Fat,15.8,g
4213,Cholesterol,36.3,mg
4213,Sodium,342,mg
4214,Energy,410,cal
4214,Protein,7.3,g
4214,Carbohydrates,60,g
4214,Fiber,0.3,g
4214,Fat,15.8,g
4214,Cholesterol,36.3,mg
4214,Sodium,342,mg
4215,Energy,30,cal
4215,Protein,0.2,g
4215,Carbohydrates,6.8,g
4215,Fiber,0.3,g
4215,Fat,0.2,g
4215,Cholesterol,0,mg
4215,Sodium,10.4,mg
4216,Energy,169,cal
4216,Protein,4.7,g
4216,Carbohydrates,16.8,g
4216,Fiber,0.5,g
4216,Fat,6.8,g
4216,Cholesterol,16,mg
4216,Sodium,37.2,mg
4217,Energy,259,cal
4217,Protein,3.8,g
4217,Carbohydrates,56.2,g
4217,Fiber,5.3,g
4217,Fat,1.9,g
4217,Cholesterol,0,mg
4217,Sodium,105.5,mg
4218,Energy,27,cal
4218,Protein,0.3,g
4218,Carbohydrates,1.3,g
4218,Fiber,0.5,g
4218,Fat,2.2,g
4218,Cholesterol,0,mg
4218,Sodium,3.4,mg
4219,Energy,117,cal
4219,Protein,1.4,g
4219,Carbohydrates,26.7,g
4219,Fiber,6.5,g
4219,Fat,0.5,g
4219,Cholesterol,0,mg
4219,Sodium,237.4,mg
4220,Energy,70,cal
4220,Protein,0.3,g
4220,Carbohydrates,8,g
4220,Fiber,0.3,g
4220,Fat,0.2,g
4220,Cholesterol,0,mg
4220,Vitamin A,0,mcg
4220,Vitamin B1,0,mg
4220,Vitamin B2,0,mg
4220,Vitamin B3,0,mg
4220,Vitamin C,5.9,mg
4220,Folic Acid,0,mcg
4220,Calcium,10.5,mg
4220,Iron,0,mg
4220,Magnesium,0,mg
4220,Phosphorus,0,mg
4220,Sodium,32.1,mg
4220,Potassium,40.5,mg
4220,Zinc,0,mg
4221,Energy,70,cal
4221,Protein,0.3,g
4221,Carbohydrates,8,g
4221,Fiber,0.3,g
4221,Fat,0.2,g
4221,Cholesterol,0,mg
4221,Vitamin A,0,mcg
4221,Vitamin B1,0,mg
4221,Vitamin B2,0,mg
4221,Vitamin B3,0,mg
4221,Vitamin C,5.9,mg
4221,Folic Acid,0,mcg
4221,Calcium,10.5,mg
4221,Iron,0,mg
4221,Magnesium,0,mg
4221,Phosphorus,0,mg
4221,Sodium,32.1,mg
4221,Potassium,40.5,mg
4221,Zinc,0,mg
4226,Energy,219,cal
4226,Protein,1.5,g
4226,Carbohydrates,19.4,g
4226,Fiber,1.6,g
4226,Fat,15.1,g
4226,Cholesterol,0,mg
4226,Vitamin A,362.3,mcg
4226,Vitamin B1,0.1,mg
4226,Vitamin B2,0,mg
4226,Vitamin B3,1,mg
4226,Vitamin C,20,mg
4226,Folic Acid,14,mcg
4226,Calcium,17.3,mg
4226,Iron,0.5,mg
4226,Magnesium,0,mg
4226,Phosphorus,0,mg
4226,Sodium,10.8,mg
4226,Potassium,225,mg
4226,Zinc,0.5,mg
4227,Energy,219,cal
4227,Protein,1.5,g
4227,Carbohydrates,19.4,g
4227,Fiber,1.6,g
4227,Fat,15.1,g
4227,Cholesterol,0,mg
4227,Vitamin A,362.3,mcg
4227,Vitamin B1,0.1,mg
4227,Vitamin B2,0,mg
4227,Vitamin B3,1,mg
4227,Vitamin C,20,mg
4227,Folic Acid,14,mcg
4227,Calcium,17.3,mg
4227,Iron,0.5,mg
4227,Magnesium,0,mg
4227,Phosphorus,0,mg
4227,Sodium,10.8,mg
4227,Potassium,225,mg
4227,Zinc,0.5,mg
4228,Energy,219,cal
4228,Protein,1.5,g
4228,Carbohydrates,19.4,g
4228,Fiber,1.6,g
4228,Fat,15.1,g
4228,Cholesterol,0,mg
4228,Vitamin A,362.3,mcg
4228,Vitamin B1,0.1,mg
4228,Vitamin B2,0,mg
4228,Vitamin B3,1,mg
4228,Vitamin C,20,mg
4228,Folic Acid,14,mcg
4228,Calcium,17.3,mg
4228,Iron,0.5,mg
4228,Magnesium,0,mg
4228,Phosphorus,0,mg
4228,Sodium,10.8,mg
4228,Potassium,225,mg
4228,Zinc,0.5,mg
4229,Energy,201,cal
4229,Protein,3.2,g
4229,Carbohydrates,30.1,g
4229,Fiber,3.4,g
4229,Fat,7.5,g
4229,Cholesterol,0,mg
4229,Vitamin A,162.1,mcg
4229,Vitamin B1,0,mg
4229,Vitamin B2,0,mg
4229,Vitamin B3,0.9,mg
4229,Vitamin C,6.2,mg
4229,Folic Acid,9.2,mcg
4229,Calcium,15.2,mg
4229,Iron,0.5,mg
4229,Magnesium,0,mg
4229,Phosphorus,0,mg
4229,Sodium,2.8,mg
4229,Potassium,60.9,mg
4229,Zinc,0.5,mg
4230,Energy,201,cal
4230,Protein,3.2,g
4230,Carbohydrates,30.1,g
4230,Fiber,3.4,g
4230,Fat,7.5,g
4230,Cholesterol,0,mg
4230,Vitamin A,162.1,mcg
4230,Vitamin B1,0,mg
4230,Vitamin B2,0,mg
4230,Vitamin B3,0.9,mg
4230,Vitamin C,6.2,mg
4230,Folic Acid,9.2,mcg
4230,Calcium,15.2,mg
4230,Iron,0.5,mg
4230,Magnesium,0,mg
4230,Phosphorus,0,mg
4230,Sodium,2.8,mg
4230,Potassium,60.9,mg
4230,Zinc,0.5,mg
4231,Energy,201,cal
4231,Protein,3.2,g
4231,Carbohydrates,30.1,g
4231,Fiber,3.4,g
4231,Fat,7.5,g
4231,Cholesterol,0,mg
4231,Vitamin A,162.1,mcg
4231,Vitamin B1,0,mg
4231,Vitamin B2,0,mg
4231,Vitamin B3,0.9,mg
4231,Vitamin C,6.2,mg
4231,Folic Acid,9.2,mcg
4231,Calcium,15.2,mg
4231,Iron,0.5,mg
4231,Magnesium,0,mg
4231,Phosphorus,0,mg
4231,Sodium,2.8,mg
4231,Potassium,60.9,mg
4231,Zinc,0.5,mg
4232,Energy,201,cal
4232,Protein,3.2,g
4232,Carbohydrates,30.1,g
4232,Fiber,3.4,g
4232,Fat,7.5,g
4232,Cholesterol,0,mg
4232,Vitamin A,162.1,mcg
4232,Vitamin B1,0,mg
4232,Vitamin B2,0,mg
4232,Vitamin B3,0.9,mg
4232,Vitamin C,6.2,mg
4232,Folic Acid,9.2,mcg
4232,Calcium,15.2,mg
4232,Iron,0.5,mg
4232,Magnesium,0,mg
4232,Phosphorus,0,mg
4232,Sodium,2.8,mg
4232,Potassium,60.9,mg
4232,Zinc,0.5,mg
4233,Energy,152,cal
4233,Protein,1.8,g
4233,Carbohydrates,7.5,g
4233,Fiber,3.8,g
4233,Fat,12.7,g
4233,Cholesterol,0,mg
4233,Sodium,6,mg
4234,Energy,154,cal
4234,Protein,2.5,g
4234,Carbohydrates,16.9,g
4234,Fiber,1.5,g
4234,Fat,8.6,g
4234,Cholesterol,0,mg
4234,Sodium,4.4,mg
4235,Energy,97,cal
4235,Protein,1.7,g
4235,Carbohydrates,11.2,g
4235,Fiber,1,g
4235,Fat,5.2,g
4235,Cholesterol,0,mg
4235,Sodium,2.9,mg
4236,Energy,97,cal
4236,Protein,1.7,g
4236,Carbohydrates,11.2,g
4236,Fiber,1,g
4236,Fat,5.2,g
4236,Cholesterol,0,mg
4236,Sodium,2.9,mg
4237,Energy,97,cal
4237,Protein,1.7,g
4237,Carbohydrates,11.2,g
4237,Fiber,1,g
4237,Fat,5.2,g
4237,Cholesterol,0,mg
4237,Sodium,2.9,mg
4238,Energy,97,cal
4238,Protein,1.7,g
4238,Carbohydrates,11.2,g
4238,Fiber,1,g
4238,Fat,5.2,g
4238,Cholesterol,0,mg
4238,Sodium,2.9,mg
4239,Energy,107,cal
4239,Protein,5.3,g
4239,Carbohydrates,13.1,g
4239,Fiber,6.5,g
4239,Fat,3.8,g
4239,Cholesterol,0,mg
4239,Sodium,26.9,mg
4240,Energy,107,cal
4240,Protein,5.3,g
4240,Carbohydrates,13.1,g
4240,Fiber,6.5,g
4240,Fat,3.8,g
4240,Cholesterol,0,mg
4240,Sodium,26.9,mg
4241,Energy,105,cal
4241,Protein,2.5,g
4241,Carbohydrates,12.2,g
4241,Fiber,0,g
4241,Fat,3.7,g
4241,Cholesterol,9.1,mg
4241,Sodium,10.9,mg
4243,Energy,106,cal
4243,Protein,6,g
4243,Carbohydrates,16.1,g
4243,Fiber,2.9,g
4243,Fat,1.9,g
4243,Cholesterol,3.8,mg
4243,Sodium,69,mg
4244,Energy,244,cal
4244,Protein,11.2,g
4244,Carbohydrates,34.8,g
4244,Fiber,8.8,g
4244,Fat,6.7,g
4244,Cholesterol,0,mg
4244,Sodium,45.1,mg
4245,Energy,122,cal
4245,Protein,5.8,g
4245,Carbohydrates,15.2,g
4245,Fiber,4.6,g
4245,Fat,4.1,g
4245,Cholesterol,0,mg
4245,Sodium,12.9,mg
4246,Energy,145,cal
4246,Protein,5.3,g
4246,Carbohydrates,13.3,g
4246,Fiber,3.8,g
4246,Fat,7.8,g
4246,Cholesterol,0,mg
4246,Sodium,7.1,mg
4247,Energy,145,cal
4247,Protein,5.3,g
4247,Carbohydrates,13.3,g
4247,Fiber,3.8,g
4247,Fat,7.8,g
4247,Cholesterol,0,mg
4247,Sodium,7.1,mg
4248,Energy,179,cal
4248,Protein,4.2,g
4248,Carbohydrates,15,g
4248,Fiber,7,g
4248,Fat,11.3,g
4248,Cholesterol,0,mg
4248,Sodium,5.9,mg
4249,Energy,54,cal
4249,Protein,0.1,g
4249,Carbohydrates,13.7,g
4249,Fiber,0,g
4249,Fat,0.1,g
4249,Cholesterol,0,mg
4249,Sodium,7.2,mg
4250,Energy,94,cal
4250,Protein,0.7,g
4250,Carbohydrates,8.9,g
4250,Fiber,0.3,g
4250,Fat,6.1,g
4250,Cholesterol,0,mg
4250,Vitamin A,79.9,mcg
4250,Vitamin B1,0,mg
4250,Vitamin B2,0,mg
4250,Vitamin B3,0.3,mg
4250,Vitamin C,0.5,mg
4250,Folic Acid,0.6,mcg
4250,Calcium,1.8,mg
4250,Iron,0.1,mg
4250,Magnesium,0,mg
4250,Phosphorus,0,mg
4250,Sodium,0.2,mg
4250,Potassium,7.4,mg
4250,Zinc,0.1,mg
4251,Energy,94,cal
4251,Protein,0.7,g
4251,Carbohydrates,8.9,g
4251,Fiber,0.3,g
4251,Fat,6.1,g
4251,Cholesterol,0,mg
4251,Vitamin A,79.9,mcg
4251,Vitamin B1,0,mg
4251,Vitamin B2,0,mg
4251,Vitamin B3,0.3,mg
4251,Vitamin C,0.5,mg
4251,Folic Acid,0.6,mcg
4251,Calcium,1.8,mg
4251,Iron,0.1,mg
4251,Magnesium,0,mg
4251,Phosphorus,0,mg
4251,Sodium,0.2,mg
4251,Potassium,7.4,mg
4251,Zinc,0.1,mg
4252,Energy,94,cal
4252,Protein,0.7,g
4252,Carbohydrates,8.9,g
4252,Fiber,0.3,g
4252,Fat,6.1,g
4252,Cholesterol,0,mg
4252,Vitamin A,79.9,mcg
4252,Vitamin B1,0,mg
4252,Vitamin B2,0,mg
4252,Vitamin B3,0.3,mg
4252,Vitamin C,0.5,mg
4252,Folic Acid,0.6,mcg
4252,Calcium,1.8,mg
4252,Iron,0.1,mg
4252,Magnesium,0,mg
4252,Phosphorus,0,mg
4252,Sodium,0.2,mg
4252,Potassium,7.4,mg
4252,Zinc,0.1,mg
4253,Energy,153,cal
4253,Protein,8.4,g
4253,Carbohydrates,21.5,g
4253,Fiber,3.7,g
4253,Fat,3.7,g
4253,Cholesterol,0,mg
4253,Sodium,11.9,mg
4254,Energy,153,cal
4254,Protein,8.4,g
4254,Carbohydrates,21.5,g
4254,Fiber,3.7,g
4254,Fat,3.7,g
4254,Cholesterol,0,mg
4254,Sodium,11.9,mg
4255,Energy,404,kcal
4255,Protein,2.2,gm
4255,Carbohydrate,31.2,gm
4255,Fat,30.1,gm
4255,Fibre,2.3,gm
4255,Vitamin A,303.1,mcg
4255,Vitamin C,23.5,mg
4255,Calcium,13.8,mg
4255,Iron,0.7,mg
4255,Folic Acid,23.5,mcg
4256,Energy,404,kcal
4256,Protein,2.2,gm
4256,Carbohydrate,31.2,gm
4256,Fat,30.1,gm
4256,Fibre,2.3,gm
4256,Vitamin A,303.1,mcg
4256,Vitamin C,23.5,mg
4256,Calcium,13.8,mg
4256,Iron,0.7,mg
4256,Folic Acid,23.5,mcg
4257,Energy,33,cal
4257,Protein,1.1,g
4257,Carbohydrates,5.5,g
4257,Fiber,1.2,g
4257,Fat,0.9,g
4257,Cholesterol,0,mg
4257,Sodium,1.8,mg
4258,Energy,276,cal
4258,Protein,11.8,g
4258,Carbohydrates,40.7,g
4258,Fiber,4.1,g
4258,Fat,6.8,g
4258,Cholesterol,0,mg
4258,Vitamin A,559,mcg
4258,Vitamin B1,0.3,mg
4258,Vitamin B2,0.1,mg
4258,Vitamin B3,2,mg
4258,Vitamin C,12.8,mg
4258,Folic Acid,8.3,mcg
4258,Calcium,109.6,mg
4258,Iron,4,mg
4258,Magnesium,0,mg
4258,Phosphorus,0,mg
4258,Sodium,20.5,mg
4258,Potassium,442.5,mg
4258,Zinc,1.3,mg
4259,Energy,106,cal
4259,Protein,3.1,g
4259,Carbohydrates,10.8,g
4259,Fiber,4,g
4259,Fat,5.6,g
4259,Cholesterol,0,mg
4259,Sodium,14.6,mg
4260,Energy,54,cal
4260,Protein,1.4,g
4260,Carbohydrates,7.9,g
4260,Fiber,1.4,g
4260,Fat,2,g
4260,Cholesterol,0,mg
4260,Sodium,2.2,mg
4261,Energy,54,cal
4261,Protein,1.4,g
4261,Carbohydrates,7.9,g
4261,Fiber,1.4,g
4261,Fat,2,g
4261,Cholesterol,0,mg
4261,Sodium,2.2,mg
4262,Energy,131,cal
4262,Protein,4.2,g
4262,Carbohydrates,18.9,g
4262,Fiber,3.4,g
4262,Fat,4.4,g
4262,Cholesterol,0,mg
4262,Sodium,10.8,mg
4266,Energy,128,cal
4266,Protein,3.8,g
4266,Carbohydrates,16.1,g
4266,Fiber,0,g
4266,Fat,5.5,g
4266,Cholesterol,0,mg
4266,Sodium,1.2,mg
4267,Energy,146,cal
4267,Protein,7.9,g
4267,Carbohydrates,19.5,g
4267,Fiber,3.5,g
4267,Fat,4,g
4267,Cholesterol,0,mg
4267,Sodium,4.6,mg
4268,Energy,121,cal
4268,Protein,8.2,g
4268,Carbohydrates,21.3,g
4268,Fiber,3.8,g
4268,Fat,0.3,g
4268,Cholesterol,0,mg
4268,Sodium,7.5,mg
4269,Energy,144,cal
4269,Protein,7.3,g
4269,Carbohydrates,18.5,g
4269,Fiber,3.9,g
4269,Fat,4.6,g
4269,Cholesterol,0,mg
4269,Sodium,9,mg
4270,Energy,159,cal
4270,Protein,2.9,g
4270,Carbohydrates,19.2,g
4270,Fiber,0.1,g
4270,Fat,7.8,g
4270,Cholesterol,0,mg
4270,Sodium,2.4,mg
4271,Energy,159,cal
4271,Protein,2.9,g
4271,Carbohydrates,19.2,g
4271,Fiber,0.1,g
4271,Fat,7.8,g
4271,Cholesterol,0,mg
4271,Sodium,2.4,mg
4272,Energy,209,cal
4272,Protein,5.4,g
4272,Carbohydrates,18.5,g
4272,Fiber,0.1,g
4272,Fat,10,g
4272,Cholesterol,16,mg
4272,Sodium,19.3,mg
4273,Energy,105,cal
4273,Protein,3.4,g
4273,Carbohydrates,10.4,g
4273,Fiber,4.4,g
4273,Fat,5.6,g
4273,Cholesterol,0,mg
4273,Sodium,2917.4,mg
4274,Energy,45,cal
4274,Protein,0,g
4274,Carbohydrates,0,g
4274,Fiber,0,g
4274,Fat,5,g
4274,Cholesterol,0,mg
4274,Sodium,0,mg
4275,Energy,240,cal
4275,Protein,14,g
4275,Carbohydrates,4.6,g
4275,Fiber,0.7,g
4275,Fat,18.4,g
4275,Cholesterol,0,mg
4275,Sodium,5.6,mg
4276,Energy,240,cal
4276,Protein,14,g
4276,Carbohydrates,4.6,g
4276,Fiber,0.7,g
4276,Fat,18.4,g
4276,Cholesterol,0,mg
4276,Sodium,5.6,mg
4277,Energy,79,cal
4277,Protein,2.5,g
4277,Carbohydrates,7.6,g
4277,Fiber,0,g
4277,Fat,4.3,g
4277,Cholesterol,0,mg
4277,Vitamin A,106.4,mcg
4277,Vitamin B1,-0.1,mg
4277,Vitamin B2,-0.1,mg
4277,Vitamin B3,0.1,mg
4277,Vitamin C,0.7,mg
4277,Folic Acid,0,mcg
4277,Calcium,57.5,mg
4277,Iron,0.2,mg
4277,Magnesium,0,mg
4277,Phosphorus,0,mg
4277,Sodium,11.6,mg
4277,Potassium,12.9,mg
4277,Zinc,0.1,mg
4278,Energy,38,cal
4278,Protein,1.6,g
4278,Carbohydrates,7,g
4278,Fiber,2.8,g
4278,Fat,0.3,g
4278,Cholesterol,0,mg
4278,Sodium,21.2,mg
4279,Energy,32,cal
4279,Protein,2,g
4279,Carbohydrates,5.5,g
4279,Fiber,1.7,g
4279,Fat,0.2,g
4279,Cholesterol,0,mg
4279,Sodium,3,mg
4280,Energy,164,cal
4280,Protein,4.5,g
4280,Carbohydrates,20.1,g
4280,Fiber,3.4,g
4280,Fat,7.5,g
4280,Cholesterol,0,mg
4280,Sodium,10.4,mg
4281,Energy,164,cal
4281,Protein,4.5,g
4281,Carbohydrates,20.1,g
4281,Fiber,3.4,g
4281,Fat,7.5,g
4281,Cholesterol,0,mg
4281,Sodium,10.4,mg
4282,Energy,164,cal
4282,Protein,4.5,g
4282,Carbohydrates,20.1,g
4282,Fiber,3.4,g
4282,Fat,7.5,g
4282,Cholesterol,0,mg
4282,Sodium,10.4,mg
4283,Energy,164,cal
4283,Protein,4.5,g
4283,Carbohydrates,20.1,g
4283,Fiber,3.4,g
4283,Fat,7.5,g
4283,Cholesterol,0,mg
4283,Sodium,10.4,mg
4284,Energy,164,cal
4284,Protein,4.5,g
4284,Carbohydrates,20.1,g
4284,Fiber,3.4,g
4284,Fat,7.5,g
4284,Cholesterol,0,mg
4284,Sodium,10.4,mg
4285,Energy,164,cal
4285,Protein,4.5,g
4285,Carbohydrates,20.1,g
4285,Fiber,3.4,g
4285,Fat,7.5,g
4285,Cholesterol,0,mg
4285,Sodium,10.4,mg
4286,Energy,525,cal
4286,Protein,20.3,g
4286,Carbohydrates,38.8,g
4286,Fiber,11.2,g
4286,Fat,32.1,g
4286,Cholesterol,0,mg
4286,Vitamin A,382.5,mcg
4286,Vitamin B1,0.6,mg
4286,Vitamin B2,0.2,mg
4286,Vitamin B3,8.7,mg
4286,Vitamin C,8.4,mg
4286,Folic Acid,67.3,mcg
4286,Calcium,71.8,mg
4286,Iron,3.4,mg
4286,Magnesium,0,mg
4286,Phosphorus,0,mg
4286,Sodium,68,mg
4286,Potassium,443.6,mg
4286,Zinc,2,mg
4287,Energy,81,cal
4287,Protein,3,g
4287,Carbohydrates,1.9,g
4287,Fiber,1,g
4287,Fat,7.4,g
4287,Cholesterol,0,mg
4287,Sodium,2.1,mg
4288,Energy,81,cal
4288,Protein,3,g
4288,Carbohydrates,1.9,g
4288,Fiber,1,g
4288,Fat,7.4,g
4288,Cholesterol,0,mg
4288,Sodium,2.1,mg
4289,Energy,0,cal
4289,Protein,0,g
4289,Carbohydrates,0,g
4289,Fiber,0,g
4289,Fat,0,g
4289,Cholesterol,0,mg
4289,Vitamin A,0,mcg
4289,Vitamin B1,0,mg
4289,Vitamin B2,0,mg
4289,Vitamin B3,0,mg
4289,Vitamin C,0,mg
4289,Folic Acid,0,mcg
4289,Calcium,0,mg
4289,Iron,0,mg
4289,Magnesium,0,mg
4289,Phosphorus,0,mg
4289,Sodium,0,mg
4289,Potassium,0,mg
4289,Zinc,0,mg
4290,Energy,95,cal
4290,Protein,1.3,g
4290,Carbohydrates,7.5,g
4290,Fiber,0.2,g
4290,Fat,6.7,g
4290,Cholesterol,0,mg
4290,Vitamin A,61.6,mcg
4290,Vitamin B1,0.1,mg
4290,Vitamin B2,0,mg
4290,Vitamin B3,0.5,mg
4290,Vitamin C,0,mg
4290,Folic Acid,3.9,mcg
4290,Calcium,5.2,mg
4290,Iron,0.5,mg
4290,Magnesium,0,mg
4290,Phosphorus,0,mg
4290,Sodium,2.2,mg
4290,Potassium,34,mg
4290,Zinc,0.2,mg
4291,Energy,28,cal
4291,Protein,0.7,g
4291,Carbohydrates,3.9,g
4291,Fiber,0.7,g
4291,Fat,1.2,g
4291,Cholesterol,0,mg
4291,Sodium,1.1,mg
4292,Energy,51,cal
4292,Protein,0.8,g
4292,Carbohydrates,4.7,g
4292,Fiber,0.8,g
4292,Fat,3.4,g
4292,Cholesterol,0,mg
4292,Sodium,1.3,mg
4293,Energy,395,cal
4293,Protein,7.2,g
4293,Carbohydrates,53.4,g
4293,Fiber,10.9,g
4293,Fat,17,g
4293,Cholesterol,0,mg
4293,Sodium,18,mg
4294,Energy,60,cal
4294,Protein,3,g
4294,Carbohydrates,10.5,g
4294,Fiber,2.2,g
4294,Fat,1,g
4294,Cholesterol,0,mg
4294,Sodium,3.2,mg
4295,Energy,96,cal
4295,Protein,3.2,g
4295,Carbohydrates,16.5,g
4295,Fiber,2.8,g
4295,Fat,2.2,g
4295,Cholesterol,0,mg
4295,Sodium,12.5,mg
4296,Energy,554,cal
4296,Protein,19.5,g
4296,Carbohydrates,56,g
4296,Fiber,14.3,g
4296,Fat,28.1,g
4296,Cholesterol,0,mg
4296,Vitamin A,326.6,mcg
4296,Vitamin B1,0.4,mg
4296,Vitamin B2,0.2,mg
4296,Vitamin B3,2.2,mg
4296,Vitamin C,0.9,mg
4296,Folic Acid,138.2,mcg
4296,Calcium,52.5,mg
4296,Iron,5,mg
4296,Magnesium,0,mg
4296,Phosphorus,0,mg
4296,Sodium,68.6,mg
4296,Potassium,674.7,mg
4296,Zinc,1.6,mg
4297,Energy,93,cal
4297,Protein,2.6,g
4297,Carbohydrates,15.7,g
4297,Fiber,2.6,g
4297,Fat,2.6,g
4297,Cholesterol,0,mg
4297,Sodium,133.5,mg
4298,Energy,93,cal
4298,Protein,2.6,g
4298,Carbohydrates,15.7,g
4298,Fiber,2.6,g
4298,Fat,2.6,g
4298,Cholesterol,0,mg
4298,Sodium,133.5,mg
4299,Energy,212,cal
4299,Protein,1,g
4299,Carbohydrates,23.3,g
4299,Fiber,3.2,g
4299,Fat,12.7,g
4299,Cholesterol,0,mg
4299,Sodium,7.4,mg
4300,Energy,134,cal
4300,Protein,3.1,g
4300,Carbohydrates,18.9,g
4300,Fiber,3.2,g
4300,Fat,5.5,g
4300,Cholesterol,0,mg
4300,Sodium,5.2,mg
4301,Energy,100,cal
4301,Protein,2.2,g
4301,Carbohydrates,5.2,g
4301,Fiber,1.5,g
4301,Fat,7.8,g
4301,Cholesterol,0,mg
4301,Sodium,53.9,mg
4302,Energy,100,cal
4302,Protein,2.2,g
4302,Carbohydrates,5.2,g
4302,Fiber,1.5,g
4302,Fat,7.8,g
4302,Cholesterol,0,mg
4302,Sodium,53.9,mg
4303,Energy,108,cal
4303,Protein,2.2,g
4303,Carbohydrates,13.5,g
4303,Fiber,2.2,g
4303,Fat,5.3,g
4303,Cholesterol,0,mg
4303,Sodium,5.1,mg
4304,Energy,73,cal
4304,Protein,0.5,g
4304,Carbohydrates,2.8,g
4304,Fiber,0.7,g
4304,Fat,6.6,g
4304,Cholesterol,0,mg
4304,Sodium,5.2,mg
4305,Energy,73,cal
4305,Protein,0.5,g
4305,Carbohydrates,2.8,g
4305,Fiber,0.7,g
4305,Fat,6.6,g
4305,Cholesterol,0,mg
4305,Sodium,5.2,mg
4306,Energy,85,cal
4306,Protein,2.2,g
4306,Carbohydrates,6.6,g
4306,Fiber,1.6,g
4306,Fat,5.6,g
4306,Cholesterol,0,mg
4306,Vitamin A,84.2,mcg
4306,Vitamin B1,0.1,mg
4306,Vitamin B2,0,mg
4306,Vitamin B3,0.3,mg
4306,Vitamin C,1.1,mg
4306,Folic Acid,15.4,mcg
4306,Calcium,8.4,mg
4306,Iron,0.6,mg
4306,Magnesium,0,mg
4306,Phosphorus,0,mg
4306,Sodium,7.9,mg
4306,Potassium,80,mg
4306,Zinc,0.2,mg
4308,Energy,246,cal
4308,Protein,4.1,g
4308,Carbohydrates,16.8,g
4308,Fiber,6.7,g
4308,Fat,18.1,g
4308,Cholesterol,0,mg
4308,Vitamin A,400.4,mcg
4308,Vitamin B1,0.1,mg
4308,Vitamin B2,0,mg
4308,Vitamin B3,0.8,mg
4308,Vitamin C,18.6,mg
4308,Folic Acid,20.6,mcg
4308,Calcium,36.7,mg
4308,Iron,1.1,mg
4308,Magnesium,0,mg
4308,Phosphorus,0,mg
4308,Sodium,9.3,mg
4308,Potassium,197,mg
4308,Zinc,0.3,mg
4309,Energy,246,cal
4309,Protein,4.1,g
4309,Carbohydrates,16.8,g
4309,Fiber,6.7,g
4309,Fat,18.1,g
4309,Cholesterol,0,mg
4309,Vitamin A,400.4,mcg
4309,Vitamin B1,0.1,mg
4309,Vitamin B2,0,mg
4309,Vitamin B3,0.8,mg
4309,Vitamin C,18.6,mg
4309,Folic Acid,20.6,mcg
4309,Calcium,36.7,mg
4309,Iron,1.1,mg
4309,Magnesium,0,mg
4309,Phosphorus,0,mg
4309,Sodium,9.3,mg
4309,Potassium,197,mg
4309,Zinc,0.3,mg
4310,Energy,142,cal
4310,Protein,6.5,g
4310,Carbohydrates,18.2,g
4310,Fiber,2.9,g
4310,Fat,4.9,g
4310,Cholesterol,0,mg
4310,Sodium,10.9,mg
4311,Energy,142,cal
4311,Protein,6.5,g
4311,Carbohydrates,18.2,g
4311,Fiber,2.9,g
4311,Fat,4.9,g
4311,Cholesterol,0,mg
4311,Sodium,10.9,mg
4312,Energy,223,cal
4312,Protein,5.4,g
4312,Carbohydrates,27.3,g
4312,Fiber,1.6,g
4312,Fat,9.6,g
4312,Cholesterol,4.8,mg
4312,Sodium,20.9,mg
4314,Energy,177,cal
4314,Protein,1.1,g
4314,Carbohydrates,20.1,g
4314,Fiber,3.3,g
4314,Fat,10.1,g
4314,Cholesterol,0,mg
4314,Vitamin A,252.3,mcg
4314,Vitamin B1,0,mg
4314,Vitamin B2,0,mg
4314,Vitamin B3,0,mg
4314,Vitamin C,4,mg
4314,Folic Acid,13.1,mcg
4314,Calcium,32.5,mg
4314,Iron,0.9,mg
4314,Magnesium,0,mg
4314,Phosphorus,0,mg
4314,Sodium,7.6,mg
4314,Potassium,195.1,mg
4314,Zinc,0.3,mg
4315,Energy,177,cal
4315,Protein,1.1,g
4315,Carbohydrates,20.1,g
4315,Fiber,3.3,g
4315,Fat,10.1,g
4315,Cholesterol,0,mg
4315,Vitamin A,252.3,mcg
4315,Vitamin B1,0,mg
4315,Vitamin B2,0,mg
4315,Vitamin B3,0,mg
4315,Vitamin C,4,mg
4315,Folic Acid,13.1,mcg
4315,Calcium,32.5,mg
4315,Iron,0.9,mg
4315,Magnesium,0,mg
4315,Phosphorus,0,mg
4315,Sodium,7.6,mg
4315,Potassium,195.1,mg
4315,Zinc,0.3,mg
4316,Energy,177,cal
4316,Protein,1.1,g
4316,Carbohydrates,20.1,g
4316,Fiber,3.3,g
4316,Fat,10.1,g
4316,Cholesterol,0,mg
4316,Vitamin A,252.3,mcg
4316,Vitamin B1,0,mg
4316,Vitamin B2,0,mg
4316,Vitamin B3,0,mg
4316,Vitamin C,4,mg
4316,Folic Acid,13.1,mcg
4316,Calcium,32.5,mg
4316,Iron,0.9,mg
4316,Magnesium,0,mg
4316,Phosphorus,0,mg
4316,Sodium,7.6,mg
4316,Potassium,195.1,mg
4316,Zinc,0.3,mg
4317,Energy,177,cal
4317,Protein,1.1,g
4317,Carbohydrates,20.1,g
4317,Fiber,3.3,g
4317,Fat,10.1,g
4317,Cholesterol,0,mg
4317,Vitamin A,252.3,mcg
4317,Vitamin B1,0,mg
4317,Vitamin B2,0,mg
4317,Vitamin B3,0,mg
4317,Vitamin C,4,mg
4317,Folic Acid,13.1,mcg
4317,Calcium,32.5,mg
4317,Iron,0.9,mg
4317,Magnesium,0,mg
4317,Phosphorus,0,mg
4317,Sodium,7.6,mg
4317,Potassium,195.1,mg
4317,Zinc,0.3,mg
4318,Energy,59,kcal
4318,Protein,1.3,gm
4318,Carbohydrate,7,gm
4318,Fat,2.8,gm
4318,Vitamin C,31.9,mg
4318,Folic acid,29.5,mcg
4319,Energy,87,cal
4319,Protein,0.3,g
4319,Carbohydrates,19.8,g
4319,Fiber,4.5,g
4319,Fat,0.7,g
4319,Cholesterol,0,mg
4319,Sodium,39.2,mg
4320,Energy,87,cal
4320,Protein,0.3,g
4320,Carbohydrates,19.8,g
4320,Fiber,4.5,g
4320,Fat,0.7,g
4320,Cholesterol,0,mg
4320,Sodium,39.2,mg
4321,Energy,459,cal
4321,Protein,6.1,g
4321,Carbohydrates,85.9,g
4321,Fiber,6.5,g
4321,Fat,10.4,g
4321,Cholesterol,0,mg
4321,Sodium,41.8,mg
4327,Energy,195,cal
4327,Protein,10.3,g
4327,Carbohydrates,26,g
4327,Fiber,4.9,g
4327,Fat,5.5,g
4327,Cholesterol,0,mg
4327,Sodium,15.9,mg
4329,Energy,183,cal
4329,Protein,6.7,g
4329,Carbohydrates,29.9,g
4329,Fiber,3.4,g
4329,Fat,4.1,g
4329,Cholesterol,0,mg
4329,Sodium,14,mg
4330,Energy,59,cal
4330,Protein,3.1,g
4330,Carbohydrates,8.5,g
4330,Fiber,1.6,g
4330,Fat,1.4,g
4330,Cholesterol,0,mg
4330,Sodium,9.3,mg
4331,Energy,347,cal
4331,Protein,14.7,g
4331,Carbohydrates,62.7,g
4331,Fiber,7.5,g
4331,Fat,4,g
4331,Cholesterol,0,mg
4331,Sodium,7.9,mg
4332,Energy,85,cal
4332,Protein,3.4,g
4332,Carbohydrates,9,g
4332,Fiber,1.8,g
4332,Fat,3.9,g
4332,Cholesterol,0,mg
4332,Sodium,4.8,mg
4333,Energy,120,cal
4333,Protein,7.3,g
4333,Carbohydrates,17.7,g
4333,Fiber,3,g
4333,Fat,2.2,g
4333,Cholesterol,0,mg
4333,Sodium,0.3,mg
4334,Energy,119,cal
4334,Protein,8.7,g
4334,Carbohydrates,20.5,g
4334,Fiber,3.6,g
4334,Fat,0.2,g
4334,Cholesterol,0,mg
4334,Sodium,2.4,mg
4335,Energy,135,cal
4335,Protein,7.2,g
4335,Carbohydrates,18.3,g
4335,Fiber,3.8,g
4335,Fat,3.6,g
4335,Cholesterol,0,mg
4335,Sodium,9.9,mg
4336,Energy,93,cal
4336,Protein,4.9,g
4336,Carbohydrates,12.2,g
4336,Fiber,2.8,g
4336,Fat,2.7,g
4336,Cholesterol,0,mg
4336,Sodium,14.8,mg
4337,Energy,184,cal
4337,Protein,10.1,g
4337,Carbohydrates,23.6,g
4337,Fiber,4.7,g
4337,Fat,5.4,g
4337,Cholesterol,0,mg
4337,Sodium,15.2,mg
4338,Energy,148,cal
4338,Protein,7.8,g
4338,Carbohydrates,20.1,g
4338,Fiber,3.8,g
4338,Fat,4.1,g
4338,Cholesterol,0,mg
4338,Sodium,8.6,mg
4339,Energy,159,cal
4339,Protein,3.5,g
4339,Carbohydrates,9.6,g
4339,Fiber,2.8,g
4339,Fat,11.8,g
4339,Cholesterol,0,mg
4339,Sodium,4.8,mg
4340,Energy,36,cal
4340,Protein,2.1,g
4340,Carbohydrates,4.9,g
4340,Fiber,0.8,g
4340,Fat,0.8,g
4340,Cholesterol,0,mg
4340,Sodium,6.9,mg
4341,Energy,380,cal
4341,Protein,16.6,g
4341,Carbohydrates,38.2,g
4341,Fiber,9.4,g
4341,Fat,11,g
4341,Cholesterol,0,mg
4341,Sodium,71,mg
4342,Energy,373,cal
4342,Protein,8.8,g
4342,Carbohydrates,65.4,g
4342,Fiber,3.6,g
4342,Fat,8.4,g
4342,Cholesterol,0,mg
4342,Vitamin A,217.7,mcg
4342,Vitamin B1,-0.2,mg
4342,Vitamin B2,-0.2,mg
4342,Vitamin B3,1.3,mg
4342,Vitamin C,2.2,mg
4342,Folic Acid,9.5,mcg
4342,Calcium,130.4,mg
4342,Iron,0.7,mg
4342,Magnesium,0,mg
4342,Phosphorus,0,mg
4342,Sodium,2.2,mg
4342,Potassium,13,mg
4342,Zinc,1.1,mg
4343,Energy,95,cal
4343,Protein,4.2,g
4343,Carbohydrates,10.9,g
4343,Fiber,4.9,g
4343,Fat,3.9,g
4343,Cholesterol,0,mg
4343,Sodium,7.3,mg
4344,Energy,95,cal
4344,Protein,4.2,g
4344,Carbohydrates,10.9,g
4344,Fiber,4.9,g
4344,Fat,3.9,g
4344,Cholesterol,0,mg
4344,Sodium,7.3,mg
4345,Energy,268,cal
4345,Protein,5,g
4345,Carbohydrates,39.5,g
4345,Fiber,4.1,g
4345,Fat,10,g
4345,Cholesterol,0,mg
4345,Sodium,4.8,mg
4346,Energy,206,cal
4346,Protein,8.6,g
4346,Carbohydrates,17.7,g
4346,Fiber,5.7,g
4346,Fat,9.7,g
4346,Cholesterol,10,mg
4346,Sodium,25.3,mg
4347,Energy,206,cal
4347,Protein,8.6,g
4347,Carbohydrates,17.7,g
4347,Fiber,5.7,g
4347,Fat,9.7,g
4347,Cholesterol,10,mg
4347,Sodium,25.3,mg
4348,Energy,125,cal
4348,Protein,8.1,g
4348,Carbohydrates,17,g
4348,Fiber,6.8,g
4348,Fat,2.7,g
4348,Cholesterol,0,mg
4348,Sodium,239.7,mg
4349,Energy,66,cal
4349,Protein,1.6,g
4349,Carbohydrates,10.4,g
4349,Fiber,1.6,g
4349,Fat,2.2,g
4349,Cholesterol,0,mg
4349,Sodium,2.5,mg
4350,Energy,193,cal
4350,Protein,9.6,g
4350,Carbohydrates,22.8,g
4350,Fiber,3.7,g
4350,Fat,7,g
4350,Cholesterol,0,mg
4350,Sodium,34.4,mg
4351,Energy,193,cal
4351,Protein,9.6,g
4351,Carbohydrates,22.8,g
4351,Fiber,3.7,g
4351,Fat,7,g
4351,Cholesterol,0,mg
4351,Sodium,34.4,mg
4353,Energy,199,cal
4353,Protein,6.1,g
4353,Carbohydrates,30.3,g
4353,Fiber,2.2,g
4353,Fat,6,g
4353,Cholesterol,0,mg
4353,Sodium,7.5,mg
4354,Energy,212,cal
4354,Protein,11.3,g
4354,Carbohydrates,29.1,g
4354,Fiber,2.3,g
4354,Fat,5.6,g
4354,Cholesterol,0,mg
4354,Sodium,15.2,mg
4355,Energy,133,cal
4355,Protein,8.9,g
4355,Carbohydrates,23.3,g
4355,Fiber,2.6,g
4355,Fat,0.5,g
4355,Cholesterol,0,mg
4355,Sodium,15.6,mg
4356,Energy,152,cal
4356,Protein,4.2,g
4356,Carbohydrates,15.1,g
4356,Fiber,1.1,g
4356,Fat,8.7,g
4356,Cholesterol,0,mg
4356,Sodium,1.1,mg
4357,Energy,173,cal
4357,Protein,3.6,g
4357,Carbohydrates,24.6,g
4357,Fiber,0,g
4357,Fat,6.9,g
4357,Cholesterol,13.8,mg
4357,Sodium,80.6,mg
4358,Energy,173,cal
4358,Protein,3.6,g
4358,Carbohydrates,24.6,g
4358,Fiber,0,g
4358,Fat,6.9,g
4358,Cholesterol,13.8,mg
4358,Sodium,80.6,mg
4359,Energy,135,cal
4359,Protein,4.3,g
4359,Carbohydrates,14,g
4359,Fiber,0.1,g
4359,Fat,6.8,g
4359,Cholesterol,0,mg
4359,Sodium,1,mg
4360,Energy,93,cal
4360,Protein,3.6,g
4360,Carbohydrates,9,g
4360,Fiber,0,g
4360,Fat,4.7,g
4360,Cholesterol,0,mg
4360,Sodium,0,mg
4361,Energy,93,cal
4361,Protein,3.6,g
4361,Carbohydrates,9,g
4361,Fiber,0,g
4361,Fat,4.7,g
4361,Cholesterol,0,mg
4361,Sodium,0,mg
4362,Energy,93,cal
4362,Protein,3.6,g
4362,Carbohydrates,9,g
4362,Fiber,0,g
4362,Fat,4.7,g
4362,Cholesterol,0,mg
4362,Sodium,0,mg
4363,Energy,261,cal
4363,Protein,11.4,g
4363,Carbohydrates,21.3,g
4363,Fiber,5.2,g
4363,Fat,14.5,g
4363,Cholesterol,0,mg
4363,Vitamin A,287.9,mcg
4363,Vitamin B1,0.1,mg
4363,Vitamin B2,0.2,mg
4363,Vitamin B3,0.3,mg
4363,Vitamin C,18.1,mg
4363,Folic Acid,17.2,mcg
4363,Calcium,374.6,mg
4363,Iron,1.1,mg
4363,Magnesium,0,mg
4363,Phosphorus,0,mg
4363,Sodium,9.4,mg
4363,Potassium,102.1,mg
4363,Zinc,0,mg
4364,Energy,61,cal
4364,Protein,2.4,g
4364,Carbohydrates,5.1,g
4364,Fiber,0,g
4364,Fat,3.4,g
4364,Cholesterol,0,mg
4364,Sodium,0,mg
4367,Energy,769,cal
4367,Protein,6.9,g
4367,Carbohydrates,54.3,g
4367,Fiber,0,g
4367,Fat,66.6,g
4367,Cholesterol,20,mg
4367,Sodium,1368.5,mg
4368,Energy,83,cal
4368,Protein,0.2,g
4368,Carbohydrates,7.1,g
4368,Fiber,0,g
4368,Fat,7.1,g
4368,Cholesterol,0,mg
4368,Sodium,151.2,mg
4369,Energy,109,cal
4369,Protein,3.5,g
4369,Carbohydrates,13.8,g
4369,Fiber,2.9,g
4369,Fat,4.4,g
4369,Cholesterol,0,mg
4369,Vitamin A,644.8,mcg
4369,Vitamin B1,0.2,mg
4369,Vitamin B2,0.1,mg
4369,Vitamin B3,0.9,mg
4369,Vitamin C,43.2,mg
4369,Folic Acid,48,mcg
4369,Calcium,105.6,mg
4369,Iron,1.4,mg
4369,Magnesium,0,mg
4369,Phosphorus,0,mg
4369,Sodium,38.1,mg
4369,Potassium,247.8,mg
4369,Zinc,0.1,mg
4370,Energy,109,cal
4370,Protein,3.5,g
4370,Carbohydrates,13.8,g
4370,Fiber,2.9,g
4370,Fat,4.4,g
4370,Cholesterol,0,mg
4370,Vitamin A,644.8,mcg
4370,Vitamin B1,0.2,mg
4370,Vitamin B2,0.1,mg
4370,Vitamin B3,0.9,mg
4370,Vitamin C,43.2,mg
4370,Folic Acid,48,mcg
4370,Calcium,105.6,mg
4370,Iron,1.4,mg
4370,Magnesium,0,mg
4370,Phosphorus,0,mg
4370,Sodium,38.1,mg
4370,Potassium,247.8,mg
4370,Zinc,0.1,mg
4371,Energy,109,cal
4371,Protein,3.5,g
4371,Carbohydrates,13.8,g
4371,Fiber,2.9,g
4371,Fat,4.4,g
4371,Cholesterol,0,mg
4371,Vitamin A,644.8,mcg
4371,Vitamin B1,0.2,mg
4371,Vitamin B2,0.1,mg
4371,Vitamin B3,0.9,mg
4371,Vitamin C,43.2,mg
4371,Folic Acid,48,mcg
4371,Calcium,105.6,mg
4371,Iron,1.4,mg
4371,Magnesium,0,mg
4371,Phosphorus,0,mg
4371,Sodium,38.1,mg
4371,Potassium,247.8,mg
4371,Zinc,0.1,mg
4372,Energy,97,cal
4372,Protein,3.6,g
4372,Carbohydrates,8.9,g
4372,Fiber,1.8,g
4372,Fat,5.2,g
4372,Cholesterol,0,mg
4372,Sodium,6,mg
4373,Energy,182,cal
4373,Protein,4.6,g
4373,Carbohydrates,12.4,g
4373,Fiber,3.1,g
4373,Fat,12.7,g
4373,Cholesterol,22.5,mg
4373,Sodium,91.6,mg
4374,Energy,73,cal
4374,Protein,5,g
4374,Carbohydrates,12.5,g
4374,Fiber,2.5,g
4374,Fat,0.3,g
4374,Cholesterol,0,mg
4374,Sodium,8.4,mg
4375,Energy,182,cal
4375,Protein,12.6,g
4375,Carbohydrates,31.3,g
4375,Fiber,6.1,g
4375,Fat,0.7,g
4375,Cholesterol,0,mg
4375,Sodium,20.9,mg
4376,Energy,182,cal
4376,Protein,12.6,g
4376,Carbohydrates,31.3,g
4376,Fiber,6.1,g
4376,Fat,0.7,g
4376,Cholesterol,0,mg
4376,Sodium,20.9,mg
4377,Energy,262,cal
4377,Protein,1.9,g
4377,Carbohydrates,53.2,g
4377,Fiber,1.2,g
4377,Fat,4.5,g
4377,Cholesterol,0,mg
4377,Sodium,1.4,mg
4378,Energy,15,cal
4378,Protein,0.1,g
4378,Carbohydrates,3.7,g
4378,Fiber,0.3,g
4378,Fat,0,g
4378,Cholesterol,0,mg
4378,Sodium,0.1,mg
4379,Energy,5,cal
4379,Protein,0,g
4379,Carbohydrates,0.6,g
4379,Fiber,0.1,g
4379,Fat,0.3,g
4379,Cholesterol,0,mg
4379,Sodium,0.3,mg
4380,Energy,475,cal
4380,Protein,5.1,g
4380,Carbohydrates,89.1,g
4380,Fiber,2.3,g
4380,Fat,10.7,g
4380,Cholesterol,0,mg
4380,Vitamin A,64.5,mcg
4380,Vitamin B1,0,mg
4380,Vitamin B2,0.1,mg
4380,Vitamin B3,1.3,mg
4380,Vitamin C,0,mg
4380,Folic Acid,4.5,mcg
4380,Calcium,27.6,mg
4380,Iron,0.7,mg
4380,Magnesium,0,mg
4380,Phosphorus,0,mg
4380,Sodium,0.7,mg
4380,Potassium,3.4,mg
4380,Zinc,0.9,mg
4381,Energy,475,cal
4381,Protein,5.1,g
4381,Carbohydrates,89.1,g
4381,Fiber,2.3,g
4381,Fat,10.7,g
4381,Cholesterol,0,mg
4381,Vitamin A,64.5,mcg
4381,Vitamin B1,0,mg
4381,Vitamin B2,0.1,mg
4381,Vitamin B3,1.3,mg
4381,Vitamin C,0,mg
4381,Folic Acid,4.5,mcg
4381,Calcium,27.6,mg
4381,Iron,0.7,mg
4381,Magnesium,0,mg
4381,Phosphorus,0,mg
4381,Sodium,0.7,mg
4381,Potassium,3.4,mg
4381,Zinc,0.9,mg
4382,Energy,1639,cal
4382,Protein,12.6,g
4382,Carbohydrates,365.3,g
4382,Fiber,11.8,g
4382,Fat,13.3,g
4382,Cholesterol,0.2,mg
4382,Sodium,349.8,mg
4383,Energy,28,cal
4383,Protein,0.7,g
4383,Carbohydrates,4.1,g
4383,Fiber,1.6,g
4383,Fat,1,g
4383,Cholesterol,0,mg
4383,Sodium,11.7,mg
4385,Energy,14,cal
4385,Protein,0.4,g
4385,Carbohydrates,2.6,g
4385,Fiber,0,g
4385,Fat,0.2,g
4385,Cholesterol,0.6,mg
4385,Sodium,2.1,mg
4386,Energy,14,cal
4386,Protein,0.4,g
4386,Carbohydrates,2.6,g
4386,Fiber,0,g
4386,Fat,0.2,g
4386,Cholesterol,0.6,mg
4386,Sodium,2.1,mg
4387,Energy,64,cal
4387,Protein,0.7,g
4387,Carbohydrates,14.4,g
4387,Fiber,1.6,g
4387,Fat,0.4,g
4387,Cholesterol,0.1,mg
4387,Sodium,80.2,mg
4388,Energy,268,cal
4388,Protein,3.8,g
4388,Carbohydrates,48.3,g
4388,Fiber,2.2,g
4388,Fat,6.8,g
4388,Cholesterol,0,mg
4388,Sodium,137.1,mg
4389,Energy,57,cal
4389,Protein,0.7,g
4389,Carbohydrates,14,g
4389,Fiber,0.9,g
4389,Fat,0.2,g
4389,Cholesterol,0,mg
4389,Vitamin A,311.4,mcg
4389,Vitamin B1,0,mg
4389,Vitamin B2,0.1,mg
4389,Vitamin B3,0.2,mg
4389,Vitamin C,28.1,mg
4389,Folic Acid,0.3,mcg
4389,Calcium,21.5,mg
4389,Iron,5.6,mg
4389,Magnesium,0,mg
4389,Phosphorus,0,mg
4389,Sodium,21.8,mg
4389,Potassium,195.5,mg
4389,Zinc,1,mg
4390,Energy,51,cal
4390,Protein,0.5,g
4390,Carbohydrates,11.9,g
4390,Fiber,1.2,g
4390,Fat,0.3,g
4390,Cholesterol,0,mg
4390,Sodium,89.7,mg
4391,Energy,51,cal
4391,Protein,0.5,g
4391,Carbohydrates,11.9,g
4391,Fiber,1.2,g
4391,Fat,0.3,g
4391,Cholesterol,0,mg
4391,Sodium,89.7,mg
4392,Energy,147,cal
4392,Protein,1.1,g
4392,Carbohydrates,34.3,g
4392,Fiber,3.3,g
4392,Fat,0.5,g
4392,Cholesterol,0,mg
4392,Sodium,196.9,mg
4393,Energy,29,cal
4393,Protein,0.7,g
4393,Carbohydrates,5.8,g
4393,Fiber,1.6,g
4393,Fat,0.4,g
4393,Cholesterol,0,mg
4393,Sodium,162.1,mg
4394,Energy,55,cal
4394,Protein,0.8,g
4394,Carbohydrates,12.2,g
4394,Fiber,1.6,g
4394,Fat,0.3,g
4394,Cholesterol,0,mg
4394,Sodium,82.4,mg
4395,Energy,55,cal
4395,Protein,0.8,g
4395,Carbohydrates,12.2,g
4395,Fiber,1.6,g
4395,Fat,0.3,g
4395,Cholesterol,0,mg
4395,Sodium,82.4,mg
4396,Energy,55,cal
4396,Protein,0.8,g
4396,Carbohydrates,12.2,g
4396,Fiber,1.6,g
4396,Fat,0.3,g
4396,Cholesterol,0,mg
4396,Sodium,82.4,mg
4397,Energy,55,cal
4397,Protein,0.8,g
4397,Carbohydrates,12.2,g
4397,Fiber,1.6,g
4397,Fat,0.3,g
4397,Cholesterol,0,mg
4397,Sodium,82.4,mg
4398,Energy,55,cal
4398,Protein,0.8,g
4398,Carbohydrates,12.2,g
4398,Fiber,1.6,g
4398,Fat,0.3,g
4398,Cholesterol,0,mg
4398,Sodium,82.4,mg
4399,Energy,265,cal
4399,Protein,4.2,g
4399,Carbohydrates,48.5,g
4399,Fiber,2.8,g
4399,Fat,5.3,g
4399,Cholesterol,4.8,mg
4399,Sodium,131.3,mg
4400,Energy,113,cal
4400,Protein,0.2,g
4400,Carbohydrates,21,g
4400,Fiber,0.5,g
4400,Fat,3.4,g
4400,Cholesterol,0,mg
4400,Sodium,151.3,mg
4401,Energy,113,cal
4401,Protein,0.2,g
4401,Carbohydrates,21,g
4401,Fiber,0.5,g
4401,Fat,3.4,g
4401,Cholesterol,0,mg
4401,Sodium,151.3,mg
4402,Energy,113,cal
4402,Protein,0.2,g
4402,Carbohydrates,21,g
4402,Fiber,0.5,g
4402,Fat,3.4,g
4402,Cholesterol,0,mg
4402,Sodium,151.3,mg
4403,Energy,113,cal
4403,Protein,0.2,g
4403,Carbohydrates,21,g
4403,Fiber,0.5,g
4403,Fat,3.4,g
4403,Cholesterol,0,mg
4403,Sodium,151.3,mg
4404,Energy,205,cal
4404,Protein,4.1,g
4404,Carbohydrates,12.9,g
4404,Fiber,3.8,g
4404,Fat,15.3,g
4404,Cholesterol,0,mg
4404,Sodium,22.6,mg
4405,Energy,267,cal
4405,Protein,7.9,g
4405,Carbohydrates,29.4,g
4405,Fiber,11.7,g
4405,Fat,13.1,g
4405,Cholesterol,0,mg
4405,Sodium,26.7,mg
4406,Energy,96,cal
4406,Protein,2.9,g
4406,Carbohydrates,12.7,g
4406,Fiber,2.2,g
4406,Fat,3.6,g
4406,Cholesterol,1.9,mg
4406,Sodium,6,mg
4407,Energy,96,cal
4407,Protein,2.9,g
4407,Carbohydrates,12.7,g
4407,Fiber,2.2,g
4407,Fat,3.6,g
4407,Cholesterol,1.9,mg
4407,Sodium,6,mg
4409,Energy,218,cal
4409,Protein,14,g
4409,Carbohydrates,36.1,g
4409,Fiber,6.5,g
4409,Fat,2,g
4409,Cholesterol,0,mg
4409,Sodium,24.8,mg
4410,Energy,218,cal
4410,Protein,14,g
4410,Carbohydrates,36.1,g
4410,Fiber,6.5,g
4410,Fat,2,g
4410,Cholesterol,0,mg
4410,Sodium,24.8,mg
4411,Energy,250,cal
4411,Protein,4.2,g
4411,Carbohydrates,42.5,g
4411,Fiber,3.4,g
4411,Fat,7,g
4411,Cholesterol,0,mg
4411,Vitamin A,485.6,mcg
4411,Vitamin B1,0,mg
4411,Vitamin B2,0.1,mg
4411,Vitamin B3,1.1,mg
4411,Vitamin C,7.3,mg
4411,Folic Acid,4.3,mcg
4411,Calcium,60.6,mg
4411,Iron,0.6,mg
4411,Magnesium,0,mg
4411,Phosphorus,0,mg
4411,Sodium,43.7,mg
4411,Potassium,5.4,mg
4411,Zinc,0.7,mg
4412,Energy,46,cal
4412,Protein,0.7,g
4412,Carbohydrates,9.1,g
4412,Fiber,0.3,g
4412,Fat,0.6,g
4412,Cholesterol,0,mg
4412,Sodium,0.4,mg
4413,Energy,46,cal
4413,Protein,0.7,g
4413,Carbohydrates,9.1,g
4413,Fiber,0.3,g
4413,Fat,0.6,g
4413,Cholesterol,0,mg
4413,Sodium,0.4,mg
4414,Energy,214,cal
4414,Protein,3.9,g
4414,Carbohydrates,27.1,g
4414,Fiber,3.7,g
4414,Fat,10.2,g
4414,Cholesterol,0.8,mg
4414,Sodium,17.1,mg
4415,Energy,214,cal
4415,Protein,3.9,g
4415,Carbohydrates,27.1,g
4415,Fiber,3.7,g
4415,Fat,10.2,g
4415,Cholesterol,0.8,mg
4415,Sodium,17.1,mg
4416,Energy,83,cal
4416,Protein,3.9,g
4416,Carbohydrates,14.8,g
4416,Fiber,3.2,g
4416,Fat,1,g
4416,Cholesterol,0,mg
4416,Sodium,12.7,mg
4417,Energy,86,cal
4417,Protein,3.5,g
4417,Carbohydrates,14.8,g
4417,Fiber,2.4,g
4417,Fat,1.6,g
4417,Cholesterol,0,mg
4417,Sodium,9.7,mg
4418,Energy,86,cal
4418,Protein,3.5,g
4418,Carbohydrates,14.8,g
4418,Fiber,2.4,g
4418,Fat,1.6,g
4418,Cholesterol,0,mg
4418,Sodium,9.7,mg
4419,Energy,141,cal
4419,Protein,7.8,g
4419,Carbohydrates,21.7,g
4419,Fiber,4.7,g
4419,Fat,2.5,g
4419,Cholesterol,0,mg
4419,Sodium,17.2,mg
4420,Energy,60,cal
4420,Protein,0.9,g
4420,Carbohydrates,6.6,g
4420,Fiber,0.8,g
4420,Fat,3.3,g
4420,Cholesterol,0.2,mg
4420,Sodium,1.9,mg
4421,Energy,75,cal
4421,Protein,1.5,g
4421,Carbohydrates,14.4,g
4421,Fiber,1.7,g
4421,Fat,1.5,g
4421,Cholesterol,0,mg
4421,Sodium,3.2,mg
4422,Energy,95,cal
4422,Protein,1.2,g
4422,Carbohydrates,12.2,g
4422,Fiber,1.3,g
4422,Fat,4.8,g
4422,Cholesterol,0,mg
4422,Sodium,2.3,mg
4423,Energy,351,cal
4423,Protein,9.8,g
4423,Carbohydrates,26.6,g
4423,Fiber,2.9,g
4423,Fat,21.5,g
4423,Cholesterol,0,mg
4423,Vitamin A,435.2,mcg
4423,Vitamin B1,0.2,mg
4423,Vitamin B2,0.2,mg
4423,Vitamin B3,0.5,mg
4423,Vitamin C,8.3,mg
4423,Folic Acid,26.6,mcg
4423,Calcium,253.4,mg
4423,Iron,1.4,mg
4423,Magnesium,0,mg
4423,Phosphorus,0,mg
4423,Sodium,31,mg
4423,Potassium,238.7,mg
4423,Zinc,1,mg
4424,Energy,351,cal
4424,Protein,9.8,g
4424,Carbohydrates,26.6,g
4424,Fiber,2.9,g
4424,Fat,21.5,g
4424,Cholesterol,0,mg
4424,Vitamin A,435.2,mcg
4424,Vitamin B1,0.2,mg
4424,Vitamin B2,0.2,mg
4424,Vitamin B3,0.5,mg
4424,Vitamin C,8.3,mg
4424,Folic Acid,26.6,mcg
4424,Calcium,253.4,mg
4424,Iron,1.4,mg
4424,Magnesium,0,mg
4424,Phosphorus,0,mg
4424,Sodium,31,mg
4424,Potassium,238.7,mg
4424,Zinc,1,mg
4425,Energy,351,cal
4425,Protein,9.8,g
4425,Carbohydrates,26.6,g
4425,Fiber,2.9,g
4425,Fat,21.5,g
4425,Cholesterol,0,mg
4425,Vitamin A,435.2,mcg
4425,Vitamin B1,0.2,mg
4425,Vitamin B2,0.2,mg
4425,Vitamin B3,0.5,mg
4425,Vitamin C,8.3,mg
4425,Folic Acid,26.6,mcg
4425,Calcium,253.4,mg
4425,Iron,1.4,mg
4425,Magnesium,0,mg
4425,Phosphorus,0,mg
4425,Sodium,31,mg
4425,Potassium,238.7,mg
4425,Zinc,1,mg
4426,Energy,145,cal
4426,Protein,3.4,g
4426,Carbohydrates,5.4,g
4426,Fiber,2.5,g
4426,Fat,11,g
4426,Cholesterol,8,mg
4426,Sodium,30.8,mg
4427,Energy,145,cal
4427,Protein,3.4,g
4427,Carbohydrates,5.4,g
4427,Fiber,2.5,g
4427,Fat,11,g
4427,Cholesterol,8,mg
4427,Sodium,30.8,mg
4428,Energy,145,cal
4428,Protein,3.4,g
4428,Carbohydrates,5.4,g
4428,Fiber,2.5,g
4428,Fat,11,g
4428,Cholesterol,8,mg
4428,Sodium,30.8,mg
4429,Energy,106,cal
4429,Protein,5.6,g
4429,Carbohydrates,14,g
4429,Fiber,4.2,g
4429,Fat,3.1,g
4429,Cholesterol,0,mg
4429,Sodium,27.9,mg
4431,Energy,138,cal
4431,Protein,2.6,g
4431,Carbohydrates,8.9,g
4431,Fiber,2.4,g
4431,Fat,10.1,g
4431,Cholesterol,2.7,mg
4431,Sodium,19.9,mg
4432,Energy,138,cal
4432,Protein,2.6,g
4432,Carbohydrates,8.9,g
4432,Fiber,2.4,g
4432,Fat,10.1,g
4432,Cholesterol,2.7,mg
4432,Sodium,19.9,mg
4433,Energy,37,cal
4433,Protein,0.9,g
4433,Carbohydrates,4.6,g
4433,Fiber,0.9,g
4433,Fat,1.7,g
4433,Cholesterol,0,mg
4433,Sodium,4.2,mg
4434,Energy,37,cal
4434,Protein,0.9,g
4434,Carbohydrates,4.6,g
4434,Fiber,0.9,g
4434,Fat,1.7,g
4434,Cholesterol,0,mg
4434,Sodium,4.2,mg
4435,Energy,294,cal
4435,Protein,6.5,g
4435,Carbohydrates,12.4,g
4435,Fiber,4.2,g
4435,Fat,23.4,g
4435,Cholesterol,6.4,mg
4435,Sodium,30.6,mg
4436,Energy,294,cal
4436,Protein,6.5,g
4436,Carbohydrates,12.4,g
4436,Fiber,4.2,g
4436,Fat,23.4,g
4436,Cholesterol,6.4,mg
4436,Sodium,30.6,mg
4437,Energy,294,cal
4437,Protein,6.5,g
4437,Carbohydrates,12.4,g
4437,Fiber,4.2,g
4437,Fat,23.4,g
4437,Cholesterol,6.4,mg
4437,Sodium,30.6,mg
4438,Energy,294,cal
4438,Protein,6.5,g
4438,Carbohydrates,12.4,g
4438,Fiber,4.2,g
4438,Fat,23.4,g
4438,Cholesterol,6.4,mg
4438,Sodium,30.6,mg
4439,Energy,95,cal
4439,Protein,3.2,g
4439,Carbohydrates,18,g
4439,Fiber,3.2,g
4439,Fat,1.5,g
4439,Cholesterol,0,mg
4439,Sodium,6.2,mg
4440,Energy,213,cal
4440,Protein,11.9,g
4440,Carbohydrates,34.5,g
4440,Fiber,9.1,g
4440,Fat,3.1,g
4440,Cholesterol,0,mg
4440,Sodium,46.9,mg
4441,Energy,213,cal
4441,Protein,11.9,g
4441,Carbohydrates,34.5,g
4441,Fiber,9.1,g
4441,Fat,3.1,g
4441,Cholesterol,0,mg
4441,Sodium,46.9,mg
4442,Energy,213,cal
4442,Protein,11.9,g
4442,Carbohydrates,34.5,g
4442,Fiber,9.1,g
4442,Fat,3.1,g
4442,Cholesterol,0,mg
4442,Sodium,46.9,mg
4443,Energy,103,cal
4443,Protein,1.7,g
4443,Carbohydrates,15,g
4443,Fiber,1.9,g
4443,Fat,4.2,g
4443,Cholesterol,0,mg
4443,Sodium,8.1,mg
4444,Energy,156,cal
4444,Protein,10,g
4444,Carbohydrates,22.1,g
4444,Fiber,6.9,g
4444,Fat,3,g
4444,Cholesterol,0,mg
4444,Sodium,17,mg
4445,Energy,203,cal
4445,Protein,10.1,g
4445,Carbohydrates,22.3,g
4445,Fiber,7.2,g
4445,Fat,8,g
4445,Cholesterol,0,mg
4445,Sodium,1958.7,mg
4446,Energy,418,cal
4446,Protein,11.9,g
4446,Carbohydrates,14.9,g
4446,Fiber,3.1,g
4446,Fat,34.6,g
4446,Cholesterol,0,mg
4446,Sodium,37.7,mg
4447,Energy,418,cal
4447,Protein,11.9,g
4447,Carbohydrates,14.9,g
4447,Fiber,3.1,g
4447,Fat,34.6,g
4447,Cholesterol,0,mg
4447,Sodium,37.7,mg
4448,Energy,451,cal
4448,Protein,14.8,g
4448,Carbohydrates,37.6,g
4448,Fiber,2.1,g
4448,Fat,26,g
4448,Cholesterol,0,mg
4448,Vitamin A,508.9,mcg
4448,Vitamin B1,-0.5,mg
4448,Vitamin B2,-0.6,mg
4448,Vitamin B3,0.4,mg
4448,Vitamin C,34.3,mg
4448,Folic Acid,18.1,mcg
4448,Calcium,574.2,mg
4448,Iron,1.8,mg
4448,Magnesium,0,mg
4448,Phosphorus,0,mg
4448,Sodium,22.2,mg
4448,Potassium,372.9,mg
4448,Zinc,1.1,mg
4449,Energy,229,cal
4449,Protein,10.7,g
4449,Carbohydrates,27.6,g
4449,Fiber,8.8,g
4449,Fat,8.4,g
4449,Cholesterol,0,mg
4449,Sodium,10.7,mg
4450,Energy,229,cal
4450,Protein,10.7,g
4450,Carbohydrates,27.6,g
4450,Fiber,8.8,g
4450,Fat,8.4,g
4450,Cholesterol,0,mg
4450,Sodium,10.7,mg
4451,Energy,122,cal
4451,Protein,2.2,g
4451,Carbohydrates,13.2,g
4451,Fiber,2.3,g
4451,Fat,7,g
4451,Cholesterol,0,mg
4451,Sodium,4.8,mg
4452,Energy,226,cal
4452,Protein,6.8,g
4452,Carbohydrates,20.5,g
4452,Fiber,5.3,g
4452,Fat,13,g
4452,Cholesterol,0,mg
4452,Sodium,27.2,mg
4453,Energy,295,cal
4453,Protein,13.6,g
4453,Carbohydrates,41.1,g
4453,Fiber,10.6,g
4453,Fat,8.6,g
4453,Cholesterol,0,mg
4453,Sodium,54.3,mg
4454,Energy,120,cal
4454,Protein,3.8,g
4454,Carbohydrates,19.8,g
4454,Fiber,3.7,g
4454,Fat,3.2,g
4454,Cholesterol,0,mg
4454,Sodium,10.7,mg
4455,Energy,34,cal
4455,Protein,0.3,g
4455,Carbohydrates,1.9,g
4455,Fiber,0.1,g
4455,Fat,2.8,g
4455,Cholesterol,0,mg
4455,Vitamin A,33.7,mcg
4455,Vitamin B1,0,mg
4455,Vitamin B2,0,mg
4455,Vitamin B3,0.1,mg
4455,Vitamin C,0.2,mg
4455,Folic Acid,1,mcg
4455,Calcium,2.7,mg
4455,Iron,0.1,mg
4455,Magnesium,0,mg
4455,Phosphorus,0,mg
4455,Sodium,0.8,mg
4455,Potassium,8.6,mg
4455,Zinc,0.1,mg
4456,Energy,17,cal
4456,Protein,1.2,g
4456,Carbohydrates,2.5,g
4456,Fiber,0.9,g
4456,Fat,0.2,g
4456,Cholesterol,0,mg
4456,Sodium,25.7,mg
4457,Energy,161,cal
4457,Protein,3.4,g
4457,Carbohydrates,18.2,g
4457,Fiber,3.4,g
4457,Fat,8.3,g
4457,Cholesterol,0,mg
4457,Sodium,10,mg
4458,Energy,161,cal
4458,Protein,3.4,g
4458,Carbohydrates,18.2,g
4458,Fiber,3.4,g
4458,Fat,8.3,g
4458,Cholesterol,0,mg
4458,Sodium,10,mg
4459,Energy,76,cal
4459,Protein,1.5,g
4459,Carbohydrates,8.9,g
4459,Fiber,1.5,g
4459,Fat,4,g
4459,Cholesterol,0.2,mg
4459,Sodium,3.1,mg
4460,Energy,105,cal
4460,Protein,2.4,g
4460,Carbohydrates,13.4,g
4460,Fiber,2.3,g
4460,Fat,4.9,g
4460,Cholesterol,0,mg
4460,Sodium,5.1,mg
4461,Energy,88,cal
4461,Protein,7.4,g
4461,Carbohydrates,8.1,g
4461,Fiber,7.8,g
4461,Fat,2.9,g
4461,Cholesterol,0,mg
4461,Sodium,27.4,mg
4462,Energy,175,cal
4462,Protein,9.8,g
4462,Carbohydrates,26.6,g
4462,Fiber,4.8,g
4462,Fat,3.3,g
4462,Cholesterol,0,mg
4462,Sodium,20.2,mg
4463,Energy,245,cal
4463,Protein,8.3,g
4463,Carbohydrates,8.3,g
4463,Fiber,2.3,g
4463,Fat,19.8,g
4463,Cholesterol,0,mg
4463,Vitamin A,806,mcg
4463,Vitamin B1,-0.5,mg
4463,Vitamin B2,-0.4,mg
4463,Vitamin B3,-0.2,mg
4463,Vitamin C,22.9,mg
4463,Folic Acid,12.6,mcg
4463,Calcium,346.9,mg
4463,Iron,0.7,mg
4463,Magnesium,0,mg
4463,Phosphorus,0,mg
4463,Sodium,18.9,mg
4463,Potassium,81.4,mg
4463,Zinc,0.1,mg
4464,Energy,245,cal
4464,Protein,8.3,g
4464,Carbohydrates,8.3,g
4464,Fiber,2.3,g
4464,Fat,19.8,g
4464,Cholesterol,0,mg
4464,Vitamin A,806,mcg
4464,Vitamin B1,-0.5,mg
4464,Vitamin B2,-0.4,mg
4464,Vitamin B3,-0.2,mg
4464,Vitamin C,22.9,mg
4464,Folic Acid,12.6,mcg
4464,Calcium,346.9,mg
4464,Iron,0.7,mg
4464,Magnesium,0,mg
4464,Phosphorus,0,mg
4464,Sodium,18.9,mg
4464,Potassium,81.4,mg
4464,Zinc,0.1,mg
4465,Energy,18,cal
4465,Protein,0,g
4465,Carbohydrates,0,g
4465,Fiber,0,g
4465,Fat,2,g
4465,Cholesterol,0,mg
4465,Sodium,1209.2,mg
4466,Energy,181,cal
4466,Protein,9.5,g
4466,Carbohydrates,26.6,g
4466,Fiber,4.4,g
4466,Fat,4,g
4466,Cholesterol,0,mg
4466,Sodium,17.1,mg
4467,Energy,109,cal
4467,Protein,6.3,g
4467,Carbohydrates,17.7,g
4467,Fiber,2.9,g
4467,Fat,1.4,g
4467,Cholesterol,0,mg
4467,Sodium,11.4,mg
4468,Energy,158,cal
4468,Protein,9.5,g
4468,Carbohydrates,25.4,g
4468,Fiber,4.3,g
4468,Fat,2,g
4468,Cholesterol,0,mg
4468,Sodium,16,mg
4469,Energy,158,cal
4469,Protein,9.5,g
4469,Carbohydrates,25.4,g
4469,Fiber,4.3,g
4469,Fat,2,g
4469,Cholesterol,0,mg
4469,Sodium,16,mg
4470,Energy,235,cal
4470,Protein,6.4,g
4470,Carbohydrates,18.9,g
4470,Fiber,1.1,g
4470,Fat,15.4,g
4470,Cholesterol,0,mg
4470,Sodium,2.7,mg
4471,Energy,307,cal
4471,Protein,10.2,g
4471,Carbohydrates,29,g
4471,Fiber,4.6,g
4471,Fat,17.2,g
4471,Cholesterol,0,mg
4471,Vitamin A,391.6,mcg
4471,Vitamin B1,0.1,mg
4471,Vitamin B2,0.1,mg
4471,Vitamin B3,0.7,mg
4471,Vitamin C,16.6,mg
4471,Folic Acid,36.8,mcg
4471,Calcium,141.8,mg
4471,Iron,2.8,mg
4471,Magnesium,0,mg
4471,Phosphorus,0,mg
4471,Sodium,10.5,mg
4471,Potassium,314.3,mg
4471,Zinc,1.2,mg
4472,Energy,307,cal
4472,Protein,10.2,g
4472,Carbohydrates,29,g
4472,Fiber,4.6,g
4472,Fat,17.2,g
4472,Cholesterol,0,mg
4472,Vitamin A,391.6,mcg
4472,Vitamin B1,0.1,mg
4472,Vitamin B2,0.1,mg
4472,Vitamin B3,0.7,mg
4472,Vitamin C,16.6,mg
4472,Folic Acid,36.8,mcg
4472,Calcium,141.8,mg
4472,Iron,2.8,mg
4472,Magnesium,0,mg
4472,Phosphorus,0,mg
4472,Sodium,10.5,mg
4472,Potassium,314.3,mg
4472,Zinc,1.2,mg
4473,Energy,307,cal
4473,Protein,10.2,g
4473,Carbohydrates,29,g
4473,Fiber,4.6,g
4473,Fat,17.2,g
4473,Cholesterol,0,mg
4473,Vitamin A,391.6,mcg
4473,Vitamin B1,0.1,mg
4473,Vitamin B2,0.1,mg
4473,Vitamin B3,0.7,mg
4473,Vitamin C,16.6,mg
4473,Folic Acid,36.8,mcg
4473,Calcium,141.8,mg
4473,Iron,2.8,mg
4473,Magnesium,0,mg
4473,Phosphorus,0,mg
4473,Sodium,10.5,mg
4473,Potassium,314.3,mg
4473,Zinc,1.2,mg
4474,Energy,307,cal
4474,Protein,10.2,g
4474,Carbohydrates,29,g
4474,Fiber,4.6,g
4474,Fat,17.2,g
4474,Cholesterol,0,mg
4474,Vitamin A,391.6,mcg
4474,Vitamin B1,0.1,mg
4474,Vitamin B2,0.1,mg
4474,Vitamin B3,0.7,mg
4474,Vitamin C,16.6,mg
4474,Folic Acid,36.8,mcg
4474,Calcium,141.8,mg
4474,Iron,2.8,mg
4474,Magnesium,0,mg
4474,Phosphorus,0,mg
4474,Sodium,10.5,mg
4474,Potassium,314.3,mg
4474,Zinc,1.2,mg
4475,Energy,307,cal
4475,Protein,10.2,g
4475,Carbohydrates,29,g
4475,Fiber,4.6,g
4475,Fat,17.2,g
4475,Cholesterol,0,mg
4475,Vitamin A,391.6,mcg
4475,Vitamin B1,0.1,mg
4475,Vitamin B2,0.1,mg
4475,Vitamin B3,0.7,mg
4475,Vitamin C,16.6,mg
4475,Folic Acid,36.8,mcg
4475,Calcium,141.8,mg
4475,Iron,2.8,mg
4475,Magnesium,0,mg
4475,Phosphorus,0,mg
4475,Sodium,10.5,mg
4475,Potassium,314.3,mg
4475,Zinc,1.2,mg
4476,Energy,307,cal
4476,Protein,10.2,g
4476,Carbohydrates,29,g
4476,Fiber,4.6,g
4476,Fat,17.2,g
4476,Cholesterol,0,mg
4476,Vitamin A,391.6,mcg
4476,Vitamin B1,0.1,mg
4476,Vitamin B2,0.1,mg
4476,Vitamin B3,0.7,mg
4476,Vitamin C,16.6,mg
4476,Folic Acid,36.8,mcg
4476,Calcium,141.8,mg
4476,Iron,2.8,mg
4476,Magnesium,0,mg
4476,Phosphorus,0,mg
4476,Sodium,10.5,mg
4476,Potassium,314.3,mg
4476,Zinc,1.2,mg
4477,Energy,307,cal
4477,Protein,10.2,g
4477,Carbohydrates,29,g
4477,Fiber,4.6,g
4477,Fat,17.2,g
4477,Cholesterol,0,mg
4477,Vitamin A,391.6,mcg
4477,Vitamin B1,0.1,mg
4477,Vitamin B2,0.1,mg
4477,Vitamin B3,0.7,mg
4477,Vitamin C,16.6,mg
4477,Folic Acid,36.8,mcg
4477,Calcium,141.8,mg
4477,Iron,2.8,mg
4477,Magnesium,0,mg
4477,Phosphorus,0,mg
4477,Sodium,10.5,mg
4477,Potassium,314.3,mg
4477,Zinc,1.2,mg
4478,Energy,307,cal
4478,Protein,10.2,g
4478,Carbohydrates,29,g
4478,Fiber,4.6,g
4478,Fat,17.2,g
4478,Cholesterol,0,mg
4478,Vitamin A,391.6,mcg
4478,Vitamin B1,0.1,mg
4478,Vitamin B2,0.1,mg
4478,Vitamin B3,0.7,mg
4478,Vitamin C,16.6,mg
4478,Folic Acid,36.8,mcg
4478,Calcium,141.8,mg
4478,Iron,2.8,mg
4478,Magnesium,0,mg
4478,Phosphorus,0,mg
4478,Sodium,10.5,mg
4478,Potassium,314.3,mg
4478,Zinc,1.2,mg
4479,Energy,307,cal
4479,Protein,10.2,g
4479,Carbohydrates,29,g
4479,Fiber,4.6,g
4479,Fat,17.2,g
4479,Cholesterol,0,mg
4479,Vitamin A,391.6,mcg
4479,Vitamin B1,0.1,mg
4479,Vitamin B2,0.1,mg
4479,Vitamin B3,0.7,mg
4479,Vitamin C,16.6,mg
4479,Folic Acid,36.8,mcg
4479,Calcium,141.8,mg
4479,Iron,2.8,mg
4479,Magnesium,0,mg
4479,Phosphorus,0,mg
4479,Sodium,10.5,mg
4479,Potassium,314.3,mg
4479,Zinc,1.2,mg
4480,Energy,445,cal
4480,Protein,24.4,g
4480,Carbohydrates,9.1,g
4480,Fiber,1.1,g
4480,Fat,31.9,g
4480,Cholesterol,81.2,mg
4480,Sodium,599.8,mg
4481,Energy,244,cal
4481,Protein,6,g
4481,Carbohydrates,21.9,g
4481,Fiber,3.6,g
4481,Fat,15.4,g
4481,Cholesterol,0,mg
4481,Vitamin A,408.6,mcg
4481,Vitamin B1,0.1,mg
4481,Vitamin B2,0.1,mg
4481,Vitamin B3,0.2,mg
4481,Vitamin C,28.4,mg
4481,Folic Acid,24.4,mcg
4481,Calcium,77.6,mg
4481,Iron,2,mg
4481,Magnesium,0,mg
4481,Phosphorus,0,mg
4481,Sodium,7.7,mg
4481,Potassium,262.4,mg
4481,Zinc,1,mg
4482,Energy,159,cal
4482,Protein,17.7,g
4482,Carbohydrates,18,g
4482,Fiber,4.1,g
4482,Fat,6.8,g
4482,Cholesterol,24.3,mg
4482,Sodium,447.1,mg
4483,Energy,159,cal
4483,Protein,17.7,g
4483,Carbohydrates,18,g
4483,Fiber,4.1,g
4483,Fat,6.8,g
4483,Cholesterol,24.3,mg
4483,Sodium,447.1,mg
4484,Energy,159,cal
4484,Protein,17.7,g
4484,Carbohydrates,18,g
4484,Fiber,4.1,g
4484,Fat,6.8,g
4484,Cholesterol,24.3,mg
4484,Sodium,447.1,mg
4485,Energy,159,cal
4485,Protein,17.7,g
4485,Carbohydrates,18,g
4485,Fiber,4.1,g
4485,Fat,6.8,g
4485,Cholesterol,24.3,mg
4485,Sodium,447.1,mg
4486,Energy,26,cal
4486,Protein,0.7,g
4486,Carbohydrates,1.4,g
4486,Fiber,0.1,g
4486,Fat,1.6,g
4486,Cholesterol,4.4,mg
4486,Sodium,10,mg
4488,Energy,309,cal
4488,Protein,9.6,g
4488,Carbohydrates,28.8,g
4488,Fiber,1.7,g
4488,Fat,13.7,g
4488,Cholesterol,32,mg
4488,Sodium,39.1,mg
4489,Energy,8,cal
4489,Protein,0.1,g
4489,Carbohydrates,0.9,g
4489,Fiber,0.2,g
4489,Fat,0.5,g
4489,Cholesterol,0,mg
4489,Sodium,1.4,mg
4490,Energy,8,cal
4490,Protein,0.1,g
4490,Carbohydrates,0.9,g
4490,Fiber,0.2,g
4490,Fat,0.5,g
4490,Cholesterol,0,mg
4490,Sodium,1.4,mg
4491,Energy,63,cal
4491,Protein,2.8,g
4491,Carbohydrates,10.2,g
4491,Fiber,1.2,g
4491,Fat,1.7,g
4491,Cholesterol,0.6,mg
4491,Sodium,21.4,mg
4492,Energy,63,cal
4492,Protein,2.8,g
4492,Carbohydrates,10.2,g
4492,Fiber,1.2,g
4492,Fat,1.7,g
4492,Cholesterol,0.6,mg
4492,Sodium,21.4,mg
4493,Energy,63,cal
4493,Protein,2.8,g
4493,Carbohydrates,10.2,g
4493,Fiber,1.2,g
4493,Fat,1.7,g
4493,Cholesterol,0.6,mg
4493,Sodium,21.4,mg
4495,Energy,329,cal
4495,Protein,5.5,g
4495,Carbohydrates,33.3,g
4495,Fiber,4.6,g
4495,Fat,20,g
4495,Cholesterol,0,mg
4495,Vitamin A,885.8,mcg
4495,Vitamin B1,0.3,mg
4495,Vitamin B2,0.2,mg
4495,Vitamin B3,1.8,mg
4495,Vitamin C,44,mg
4495,Folic Acid,66.6,mcg
4495,Calcium,122.7,mg
4495,Iron,2.3,mg
4495,Magnesium,0,mg
4495,Phosphorus,0,mg
4495,Sodium,73.5,mg
4495,Potassium,346.2,mg
4495,Zinc,0.2,mg
4496,Energy,98,cal
4496,Protein,4.9,g
4496,Carbohydrates,15.9,g
4496,Fiber,2.7,g
4496,Fat,2,g
4496,Cholesterol,3.3,mg
4496,Sodium,46.1,mg
4497,Energy,98,cal
4497,Protein,4.9,g
4497,Carbohydrates,15.9,g
4497,Fiber,2.7,g
4497,Fat,2,g
4497,Cholesterol,3.3,mg
4497,Sodium,46.1,mg
4498,Energy,98,cal
4498,Protein,4.9,g
4498,Carbohydrates,15.9,g
4498,Fiber,2.7,g
4498,Fat,2,g
4498,Cholesterol,3.3,mg
4498,Sodium,46.1,mg
4499,Energy,98,cal
4499,Protein,4.9,g
4499,Carbohydrates,15.9,g
4499,Fiber,2.7,g
4499,Fat,2,g
4499,Cholesterol,3.3,mg
4499,Sodium,46.1,mg
4500,Energy,98,cal
4500,Protein,4.9,g
4500,Carbohydrates,15.9,g
4500,Fiber,2.7,g
4500,Fat,2,g
4500,Cholesterol,3.3,mg
4500,Sodium,46.1,mg
4501,Energy,98,cal
4501,Protein,4.9,g
4501,Carbohydrates,15.9,g
4501,Fiber,2.7,g
4501,Fat,2,g
4501,Cholesterol,3.3,mg
4501,Sodium,46.1,mg
4502,Energy,98,cal
4502,Protein,4.9,g
4502,Carbohydrates,15.9,g
4502,Fiber,2.7,g
4502,Fat,2,g
4502,Cholesterol,3.3,mg
4502,Sodium,46.1,mg
4503,Energy,98,cal
4503,Protein,2.8,g
4503,Carbohydrates,21.2,g
4503,Fiber,2,g
4503,Fat,0.2,g
4503,Cholesterol,0,mg
4503,Vitamin A,106.3,mcg
4503,Vitamin B1,0,mg
4503,Vitamin B2,0,mg
4503,Vitamin B3,0.5,mg
4503,Vitamin C,5.8,mg
4503,Folic Acid,5.6,mcg
4503,Calcium,23.6,mg
4503,Iron,0.6,mg
4503,Magnesium,0,mg
4503,Phosphorus,0,mg
4503,Sodium,5.5,mg
4503,Potassium,37.2,mg
4503,Zinc,0.5,mg
4505,Energy,215,cal
4505,Protein,3.8,g
4505,Carbohydrates,32.4,g
4505,Fiber,2.4,g
4505,Fat,7.8,g
4505,Cholesterol,0,mg
4505,Vitamin A,147.3,mcg
4505,Vitamin B1,0,mg
4505,Vitamin B2,0,mg
4505,Vitamin B3,0.8,mg
4505,Vitamin C,5.2,mg
4505,Folic Acid,6.2,mcg
4505,Calcium,25.7,mg
4505,Iron,0.7,mg
4505,Magnesium,0,mg
4505,Phosphorus,0,mg
4505,Sodium,4.5,mg
4505,Potassium,37.4,mg
4505,Zinc,0.7,mg
4506,Energy,215,cal
4506,Protein,3.8,g
4506,Carbohydrates,32.4,g
4506,Fiber,2.4,g
4506,Fat,7.8,g
4506,Cholesterol,0,mg
4506,Vitamin A,147.3,mcg
4506,Vitamin B1,0,mg
4506,Vitamin B2,0,mg
4506,Vitamin B3,0.8,mg
4506,Vitamin C,5.2,mg
4506,Folic Acid,6.2,mcg
4506,Calcium,25.7,mg
4506,Iron,0.7,mg
4506,Magnesium,0,mg
4506,Phosphorus,0,mg
4506,Sodium,4.5,mg
4506,Potassium,37.4,mg
4506,Zinc,0.7,mg
4507,Energy,215,cal
4507,Protein,3.8,g
4507,Carbohydrates,32.4,g
4507,Fiber,2.4,g
4507,Fat,7.8,g
4507,Cholesterol,0,mg
4507,Vitamin A,147.3,mcg
4507,Vitamin B1,0,mg
4507,Vitamin B2,0,mg
4507,Vitamin B3,0.8,mg
4507,Vitamin C,5.2,mg
4507,Folic Acid,6.2,mcg
4507,Calcium,25.7,mg
4507,Iron,0.7,mg
4507,Magnesium,0,mg
4507,Phosphorus,0,mg
4507,Sodium,4.5,mg
4507,Potassium,37.4,mg
4507,Zinc,0.7,mg
4508,Energy,236,cal
4508,Protein,5,g
4508,Carbohydrates,21.6,g
4508,Fiber,2.9,g
4508,Fat,15,g
4508,Cholesterol,0,mg
4508,Vitamin A,388.7,mcg
4508,Vitamin B1,0.2,mg
4508,Vitamin B2,0.1,mg
4508,Vitamin B3,0.4,mg
4508,Vitamin C,58.6,mg
4508,Folic Acid,17.3,mcg
4508,Calcium,55.7,mg
4508,Iron,1.3,mg
4508,Magnesium,0,mg
4508,Phosphorus,0,mg
4508,Sodium,6.1,mg
4508,Potassium,126.4,mg
4508,Zinc,0.7,mg
4509,Energy,236,cal
4509,Protein,5,g
4509,Carbohydrates,21.6,g
4509,Fiber,2.9,g
4509,Fat,15,g
4509,Cholesterol,0,mg
4509,Vitamin A,388.7,mcg
4509,Vitamin B1,0.2,mg
4509,Vitamin B2,0.1,mg
4509,Vitamin B3,0.4,mg
4509,Vitamin C,58.6,mg
4509,Folic Acid,17.3,mcg
4509,Calcium,55.7,mg
4509,Iron,1.3,mg
4509,Magnesium,0,mg
4509,Phosphorus,0,mg
4509,Sodium,6.1,mg
4509,Potassium,126.4,mg
4509,Zinc,0.7,mg
4510,Energy,236,cal
4510,Protein,5,g
4510,Carbohydrates,21.6,g
4510,Fiber,2.9,g
4510,Fat,15,g
4510,Cholesterol,0,mg
4510,Vitamin A,388.7,mcg
4510,Vitamin B1,0.2,mg
4510,Vitamin B2,0.1,mg
4510,Vitamin B3,0.4,mg
4510,Vitamin C,58.6,mg
4510,Folic Acid,17.3,mcg
4510,Calcium,55.7,mg
4510,Iron,1.3,mg
4510,Magnesium,0,mg
4510,Phosphorus,0,mg
4510,Sodium,6.1,mg
4510,Potassium,126.4,mg
4510,Zinc,0.7,mg
4511,Energy,275,cal
4511,Protein,5.3,g
4511,Carbohydrates,30.1,g
4511,Fiber,2.9,g
4511,Fat,15,g
4511,Cholesterol,12.5,mg
4511,Vitamin A,525,mcg
4511,Vitamin B1,0.2,mg
4511,Vitamin B2,0,mg
4511,Vitamin B3,1.1,mg
4511,Vitamin C,37.8,mg
4511,Folic Acid,26.4,mcg
4511,Calcium,87.6,mg
4511,Iron,1.4,mg
4511,Magnesium,0,mg
4511,Phosphorus,0,mg
4511,Sodium,63.9,mg
4511,Potassium,307,mg
4511,Zinc,1.1,mg
4512,Energy,275,cal
4512,Protein,5.3,g
4512,Carbohydrates,30.1,g
4512,Fiber,2.9,g
4512,Fat,15,g
4512,Cholesterol,12.5,mg
4512,Vitamin A,525,mcg
4512,Vitamin B1,0.2,mg
4512,Vitamin B2,0,mg
4512,Vitamin B3,1.1,mg
4512,Vitamin C,37.8,mg
4512,Folic Acid,26.4,mcg
4512,Calcium,87.6,mg
4512,Iron,1.4,mg
4512,Magnesium,0,mg
4512,Phosphorus,0,mg
4512,Sodium,63.9,mg
4512,Potassium,307,mg
4512,Zinc,1.1,mg
4513,Energy,275,cal
4513,Protein,5.3,g
4513,Carbohydrates,30.1,g
4513,Fiber,2.9,g
4513,Fat,15,g
4513,Cholesterol,12.5,mg
4513,Vitamin A,525,mcg
4513,Vitamin B1,0.2,mg
4513,Vitamin B2,0,mg
4513,Vitamin B3,1.1,mg
4513,Vitamin C,37.8,mg
4513,Folic Acid,26.4,mcg
4513,Calcium,87.6,mg
4513,Iron,1.4,mg
4513,Magnesium,0,mg
4513,Phosphorus,0,mg
4513,Sodium,63.9,mg
4513,Potassium,307,mg
4513,Zinc,1.1,mg
4514,Energy,10,cal
4514,Protein,0.1,g
4514,Carbohydrates,0.8,g
4514,Fiber,0.2,g
4514,Fat,0.7,g
4514,Cholesterol,0,mg
4514,Sodium,1.6,mg
4515,Energy,10,cal
4515,Protein,0.1,g
4515,Carbohydrates,0.8,g
4515,Fiber,0.2,g
4515,Fat,0.7,g
4515,Cholesterol,0,mg
4515,Sodium,1.6,mg
4516,Energy,10,cal
4516,Protein,0.1,g
4516,Carbohydrates,0.8,g
4516,Fiber,0.2,g
4516,Fat,0.7,g
4516,Cholesterol,0,mg
4516,Sodium,1.6,mg
4517,Energy,118,cal
4517,Protein,2.2,g
4517,Carbohydrates,10.8,g
4517,Fiber,0.8,g
4517,Fat,7.6,g
4517,Cholesterol,6.3,mg
4517,Vitamin A,226.9,mcg
4517,Vitamin B1,0.1,mg
4517,Vitamin B2,0,mg
4517,Vitamin B3,0.2,mg
4517,Vitamin C,15.5,mg
4517,Folic Acid,7.2,mcg
4517,Calcium,32,mg
4517,Iron,0.4,mg
4517,Magnesium,0,mg
4517,Phosphorus,0,mg
4517,Sodium,15.3,mg
4517,Potassium,52.9,mg
4517,Zinc,0.1,mg
4518,Energy,118,cal
4518,Protein,2.2,g
4518,Carbohydrates,10.8,g
4518,Fiber,0.8,g
4518,Fat,7.6,g
4518,Cholesterol,6.3,mg
4518,Vitamin A,226.9,mcg
4518,Vitamin B1,0.1,mg
4518,Vitamin B2,0,mg
4518,Vitamin B3,0.2,mg
4518,Vitamin C,15.5,mg
4518,Folic Acid,7.2,mcg
4518,Calcium,32,mg
4518,Iron,0.4,mg
4518,Magnesium,0,mg
4518,Phosphorus,0,mg
4518,Sodium,15.3,mg
4518,Potassium,52.9,mg
4518,Zinc,0.1,mg
4520,Energy,189,cal
4520,Protein,4.7,g
4520,Carbohydrates,22.1,g
4520,Fiber,1.3,g
4520,Fat,6.8,g
4520,Cholesterol,16,mg
4520,Sodium,27.4,mg
4521,Energy,784,cal
4521,Protein,8.4,g
4521,Carbohydrates,104.6,g
4521,Fiber,1.8,g
4521,Fat,37.2,g
4521,Cholesterol,109.8,mg
4521,Sodium,358.8,mg
4522,Energy,78,cal
4522,Protein,0.7,g
4522,Carbohydrates,6.3,g
4522,Fiber,1.4,g
4522,Fat,5.5,g
4522,Cholesterol,0.8,mg
4522,Sodium,3,mg
4523,Energy,262,cal
4523,Protein,4.1,g
4523,Carbohydrates,32.6,g
4523,Fiber,0.6,g
4523,Fat,11.4,g
4523,Cholesterol,12,mg
4523,Sodium,15.6,mg
4524,Energy,539,cal
4524,Protein,19.2,g
4524,Carbohydrates,61.5,g
4524,Fiber,12.6,g
4524,Fat,22.8,g
4524,Cholesterol,8,mg
4524,Sodium,70.1,mg
4525,Energy,539,cal
4525,Protein,19.2,g
4525,Carbohydrates,61.5,g
4525,Fiber,12.6,g
4525,Fat,22.8,g
4525,Cholesterol,8,mg
4525,Sodium,70.1,mg
4526,Energy,539,cal
4526,Protein,19.2,g
4526,Carbohydrates,61.5,g
4526,Fiber,12.6,g
4526,Fat,22.8,g
4526,Cholesterol,8,mg
4526,Sodium,70.1,mg
4527,Energy,773,cal
4527,Protein,7.3,g
4527,Carbohydrates,101.8,g
4527,Fiber,0.2,g
4527,Fat,36.5,g
4527,Cholesterol,109.8,mg
4527,Sodium,357.7,mg
4528,Energy,30,cal
4528,Protein,2,g
4528,Carbohydrates,5.1,g
4528,Fiber,1,g
4528,Fat,0.2,g
4528,Cholesterol,0,mg
4528,Sodium,3.8,mg
4529,Energy,87,cal
4529,Protein,1.9,g
4529,Carbohydrates,16.2,g
4529,Fiber,3,g
4529,Fat,1.6,g
4529,Cholesterol,0,mg
4529,Sodium,19.8,mg
4530,Energy,103,cal
4530,Protein,4.7,g
4530,Carbohydrates,16.5,g
4530,Fiber,6.7,g
4530,Fat,2,g
4530,Cholesterol,0,mg
4530,Sodium,294.9,mg
4531,Energy,137,cal
4531,Protein,5.8,g
4531,Carbohydrates,11.9,g
4531,Fiber,3.3,g
4531,Fat,7.4,g
4531,Cholesterol,0,mg
4531,Vitamin A,408.9,mcg
4531,Vitamin B1,-0.2,mg
4531,Vitamin B2,-0.2,mg
4531,Vitamin B3,0.2,mg
4531,Vitamin C,21.4,mg
4531,Folic Acid,18.8,mcg
4531,Calcium,160.3,mg
4531,Iron,1.3,mg
4531,Magnesium,0,mg
4531,Phosphorus,0,mg
4531,Sodium,14.6,mg
4531,Potassium,130.1,mg
4531,Zinc,0.2,mg
4532,Energy,87,cal
4532,Protein,4,g
4532,Carbohydrates,17.5,g
4532,Fiber,0.7,g
4532,Fat,0.2,g
4532,Cholesterol,0,mg
4532,Sodium,40.9,mg
4533,Energy,66,cal
4533,Protein,1.4,g
4533,Carbohydrates,6.7,g
4533,Fiber,0.2,g
4533,Fat,3.6,g
4533,Cholesterol,1.3,mg
4533,Sodium,3.4,mg
4534,Energy,176,cal
4534,Protein,5.7,g
4534,Carbohydrates,10.8,g
4534,Fiber,1.6,g
4534,Fat,9.8,g
4534,Cholesterol,0,mg
4534,Vitamin A,448.1,mcg
4534,Vitamin B1,0.1,mg
4534,Vitamin B2,0.1,mg
4534,Vitamin B3,0.4,mg
4534,Vitamin C,9,mg
4534,Folic Acid,11.1,mcg
4534,Calcium,229.5,mg
4534,Iron,0.7,mg
4534,Magnesium,0,mg
4534,Phosphorus,0,mg
4534,Sodium,60.3,mg
4534,Potassium,142.2,mg
4534,Zinc,0.1,mg
4535,Energy,176,cal
4535,Protein,5.7,g
4535,Carbohydrates,10.8,g
4535,Fiber,1.6,g
4535,Fat,9.8,g
4535,Cholesterol,26,mg
4535,Sodium,60.3,mg
4536,Energy,176,cal
4536,Protein,5.7,g
4536,Carbohydrates,10.8,g
4536,Fiber,1.6,g
4536,Fat,9.8,g
4536,Cholesterol,26,mg
4536,Sodium,60.3,mg
4538,Energy,67,cal
4538,Protein,2.9,g
4538,Carbohydrates,11.3,g
4538,Fiber,1.7,g
4538,Fat,1.2,g
4538,Cholesterol,0,mg
4538,Sodium,4.6,mg
4539,Energy,67,cal
4539,Protein,2.9,g
4539,Carbohydrates,11.3,g
4539,Fiber,1.7,g
4539,Fat,1.2,g
4539,Cholesterol,0,mg
4539,Sodium,4.6,mg
4540,Energy,13,cal
4540,Protein,0.6,g
4540,Carbohydrates,2,g
4540,Fiber,0.3,g
4540,Fat,0.3,g
4540,Cholesterol,0,mg
4540,Sodium,39.4,mg
4541,Energy,43,cal
4541,Protein,0.6,g
4541,Carbohydrates,9.7,g
4541,Fiber,0.2,g
4541,Fat,0.2,g
4541,Cholesterol,0,mg
4541,Sodium,2.9,mg
4542,Energy,43,cal
4542,Protein,0.6,g
4542,Carbohydrates,9.7,g
4542,Fiber,0.2,g
4542,Fat,0.2,g
4542,Cholesterol,0,mg
4542,Sodium,2.9,mg
4543,Energy,120,cal
4543,Protein,3.9,g
4543,Carbohydrates,12.7,g
4543,Fiber,1.7,g
4543,Fat,6.1,g
4543,Cholesterol,0,mg
4543,Sodium,5.5,mg
4544,Energy,120,cal
4544,Protein,3.9,g
4544,Carbohydrates,12.7,g
4544,Fiber,1.7,g
4544,Fat,6.1,g
4544,Cholesterol,0,mg
4544,Sodium,5.5,mg
4545,Energy,120,cal
4545,Protein,3.9,g
4545,Carbohydrates,12.7,g
4545,Fiber,1.7,g
4545,Fat,6.1,g
4545,Cholesterol,0,mg
4545,Sodium,5.5,mg
4548,Energy,16,cal
4548,Protein,0.5,g
4548,Carbohydrates,2.9,g
4548,Fiber,0.4,g
4548,Fat,0.3,g
4548,Cholesterol,0,mg
4548,Sodium,24.2,mg
4549,Energy,4,cal
4549,Protein,0.1,g
4549,Carbohydrates,0.4,g
4549,Fiber,0,g
4549,Fat,0.2,g
4549,Cholesterol,0,mg
4549,Vitamin A,2.1,mcg
4549,Vitamin B1,0,mg
4549,Vitamin B2,0,mg
4549,Vitamin B3,0,mg
4549,Vitamin C,0,mg
4549,Folic Acid,0.5,mcg
4549,Calcium,0.7,mg
4549,Iron,0,mg
4549,Magnesium,0,mg
4549,Phosphorus,0,mg
4549,Sodium,0.1,mg
4549,Potassium,2.7,mg
4549,Zinc,0,mg
4550,Energy,449,cal
4550,Protein,2.5,g
4550,Carbohydrates,34.8,g
4550,Fiber,2.6,g
4550,Fat,33.5,g
4550,Cholesterol,0,mg
4550,Sodium,40,mg
4551,Energy,51,cal
4551,Protein,0.5,g
4551,Carbohydrates,0.2,g
4551,Fiber,0,g
4551,Fat,5.4,g
4551,Cholesterol,0,mg
4551,Vitamin A,259,mcg
4551,Vitamin B1,0,mg
4551,Vitamin B2,0,mg
4551,Vitamin B3,0,mg
4551,Vitamin C,0,mg
4551,Folic Acid,0,mcg
4551,Calcium,17.4,mg
4551,Iron,0.2,mg
4551,Magnesium,0,mg
4551,Phosphorus,0,mg
4551,Sodium,49.6,mg
4551,Potassium,1.6,mg
4551,Zinc,0,mg
4552,Energy,22,cal
4552,Protein,1.2,g
4552,Carbohydrates,2.1,g
4552,Fiber,0.2,g
4552,Fat,0.8,g
4552,Cholesterol,3.3,mg
4552,Vitamin A,9.8,mcg
4552,Vitamin B1,0,mg
4552,Vitamin B2,0,mg
4552,Vitamin B3,0.1,mg
4552,Vitamin C,0,mg
4552,Folic Acid,2.3,mcg
4552,Calcium,29.1,mg
4552,Iron,0.2,mg
4552,Magnesium,0,mg
4552,Phosphorus,0,mg
4552,Sodium,0.7,mg
4552,Potassium,14.1,mg
4552,Zinc,0.1,mg
4553,Energy,1183,cal
4553,Protein,12.5,g
4553,Carbohydrates,163.8,g
4553,Fiber,0.3,g
4553,Fat,52.5,g
4553,Cholesterol,110.2,mg
4553,Sodium,384.5,mg
4554,Energy,1183,cal
4554,Protein,12.5,g
4554,Carbohydrates,163.8,g
4554,Fiber,0.3,g
4554,Fat,52.5,g
4554,Cholesterol,110.2,mg
4554,Sodium,384.5,mg
4555,Energy,1183,cal
4555,Protein,12.5,g
4555,Carbohydrates,163.8,g
4555,Fiber,0.3,g
4555,Fat,52.5,g
4555,Cholesterol,110.2,mg
4555,Sodium,384.5,mg
4556,Energy,112,cal
4556,Protein,3,g
4556,Carbohydrates,6,g
4556,Fiber,0,g
4556,Fat,9.2,g
4556,Cholesterol,15,mg
4556,Sodium,270.2,mg
4557,Energy,112,cal
4557,Protein,3,g
4557,Carbohydrates,6,g
4557,Fiber,0,g
4557,Fat,9.2,g
4557,Cholesterol,15,mg
4557,Sodium,270.2,mg
4558,Energy,50,cal
4558,Protein,2.8,g
4558,Carbohydrates,6.3,g
4558,Fiber,1,g
4558,Fat,1.5,g
4558,Cholesterol,0,mg
4558,Sodium,325.8,mg
4559,Energy,27,cal
4559,Protein,0.3,g
4559,Carbohydrates,3.3,g
4559,Fiber,0.1,g
4559,Fat,1.3,g
4559,Cholesterol,0,mg
4559,Sodium,0.3,mg
4560,Energy,27,cal
4560,Protein,0.3,g
4560,Carbohydrates,3.3,g
4560,Fiber,0.1,g
4560,Fat,1.3,g
4560,Cholesterol,0,mg
4560,Sodium,0.3,mg
4561,Energy,27,cal
4561,Protein,0.3,g
4561,Carbohydrates,3.3,g
4561,Fiber,0.1,g
4561,Fat,1.3,g
4561,Cholesterol,0,mg
4561,Sodium,0.3,mg
4562,Energy,34,cal
4562,Protein,1.1,g
4562,Carbohydrates,5.4,g
4562,Fiber,0.8,g
4562,Fat,0.9,g
4562,Cholesterol,0,mg
4562,Sodium,1.8,mg
4563,Energy,56,cal
4563,Protein,1.1,g
4563,Carbohydrates,5.3,g
4563,Fiber,0.4,g
4563,Fat,3.2,g
4563,Cholesterol,1.2,mg
4563,Sodium,2.2,mg
4564,Energy,43,cal
4564,Protein,0.9,g
4564,Carbohydrates,5.9,g
4564,Fiber,1,g
4564,Fat,1.7,g
4564,Cholesterol,0.3,mg
4564,Sodium,2.4,mg
4565,Energy,46,cal
4565,Protein,1.5,g
4565,Carbohydrates,7.5,g
4565,Fiber,1.1,g
4565,Fat,1.1,g
4565,Cholesterol,0,mg
4565,Sodium,1.6,mg
4566,Energy,46,cal
4566,Protein,1.5,g
4566,Carbohydrates,7.5,g
4566,Fiber,1.1,g
4566,Fat,1.1,g
4566,Cholesterol,0,mg
4566,Sodium,1.6,mg
4567,Energy,46,cal
4567,Protein,1.5,g
4567,Carbohydrates,7.5,g
4567,Fiber,1.1,g
4567,Fat,1.1,g
4567,Cholesterol,0,mg
4567,Sodium,1.6,mg
4568,Energy,71,cal
4568,Protein,1.4,g
4568,Carbohydrates,12,g
4568,Fiber,0.7,g
4568,Fat,1.8,g
4568,Cholesterol,4.4,mg
4568,Sodium,14.6,mg
4569,Energy,36,cal
4569,Protein,2,g
4569,Carbohydrates,4.8,g
4569,Fiber,0.7,g
4569,Fat,1,g
4569,Cholesterol,0,mg
4569,Sodium,2.2,mg
4571,Energy,46,cal
4571,Protein,1.1,g
4571,Carbohydrates,8,g
4571,Fiber,1.3,g
4571,Fat,1.1,g
4571,Cholesterol,0,mg
4571,Sodium,1.5,mg
4572,Energy,34,cal
4572,Protein,0.9,g
4572,Carbohydrates,6.4,g
4572,Fiber,1,g
4572,Fat,0.6,g
4572,Cholesterol,0.3,mg
4572,Sodium,1.9,mg
4573,Energy,34,cal
4573,Protein,0.9,g
4573,Carbohydrates,6.4,g
4573,Fiber,1,g
4573,Fat,0.6,g
4573,Cholesterol,0.3,mg
4573,Sodium,1.9,mg
4574,Energy,24,kcal
4574,Protein,0.4,gm
4574,Carbohydrates,3.3,gm
4574,Fat,1,gm
4574,Fibre,0.6,gm
4574,Calcium,18.4,mg
4575,Energy,24,kcal
4575,Protein,0.4,gm
4575,Carbohydrates,3.3,gm
4575,Fat,1,gm
4575,Fibre,0.6,gm
4575,Calcium,18.4,mg
4576,Energy,24,kcal
4576,Protein,0.4,gm
4576,Carbohydrates,3.3,gm
4576,Fat,1,gm
4576,Fibre,0.6,gm
4576,Calcium,18.4,mg
4577,Energy,24,kcal
4577,Protein,0.4,gm
4577,Carbohydrates,3.3,gm
4577,Fat,1,gm
4577,Fibre,0.6,gm
4577,Calcium,18.4,mg
4578,Energy,24,kcal
4578,Protein,0.4,gm
4578,Carbohydrates,3.3,gm
4578,Fat,1,gm
4578,Fibre,0.6,gm
4578,Calcium,18.4,mg
4579,Energy,24,kcal
4579,Protein,0.4,gm
4579,Carbohydrates,3.3,gm
4579,Fat,1,gm
4579,Fibre,0.6,gm
4579,Calcium,18.4,mg
4580,Energy,24,kcal
4580,Protein,0.4,gm
4580,Carbohydrates,3.3,gm
4580,Fat,1,gm
4580,Fibre,0.6,gm
4580,Calcium,18.4,mg
4581,Energy,90,cal
4581,Protein,3.2,g
4581,Carbohydrates,11.1,g
4581,Fiber,0.2,g
4581,Fat,3.7,g
4581,Cholesterol,0,mg
4581,Vitamin A,49.1,mcg
4581,Vitamin B1,0,mg
4581,Vitamin B2,0,mg
4581,Vitamin B3,0.3,mg
4581,Vitamin C,1,mg
4581,Folic Acid,1.1,mcg
4581,Calcium,57.6,mg
4581,Iron,0.5,mg
4581,Magnesium,0,mg
4581,Phosphorus,0,mg
4581,Sodium,1.7,mg
4581,Potassium,23.3,mg
4581,Zinc,0,mg
4582,Energy,87,cal
4582,Protein,4.9,g
4582,Carbohydrates,14.4,g
4582,Fiber,1,g
4582,Fat,1.2,g
4582,Cholesterol,3,mg
4582,Sodium,73.3,mg
4583,Energy,40,cal
4583,Protein,1.4,g
4583,Carbohydrates,6.5,g
4583,Fiber,0.2,g
4583,Fat,0.9,g
4583,Cholesterol,0,mg
4583,Sodium,2.7,mg
4584,Energy,203,cal
4584,Protein,3.9,g
4584,Carbohydrates,28.1,g
4584,Fiber,0.9,g
4584,Fat,7.6,g
4584,Cholesterol,20.7,mg
4584,Sodium,58.9,mg
4585,Energy,203,cal
4585,Protein,3.9,g
4585,Carbohydrates,28.1,g
4585,Fiber,0.9,g
4585,Fat,7.6,g
4585,Cholesterol,20.7,mg
4585,Sodium,58.9,mg
4586,Energy,40,cal
4586,Protein,0.9,g
4586,Carbohydrates,5.9,g
4586,Fiber,0,g
4586,Fat,1.3,g
4586,Cholesterol,0,mg
4586,Vitamin A,29.2,mcg
4586,Vitamin B1,0,mg
4586,Vitamin B2,0,mg
4586,Vitamin B3,0.1,mg
4586,Vitamin C,0.3,mg
4586,Folic Acid,0.2,mcg
4586,Calcium,9.9,mg
4586,Iron,0.1,mg
4586,Magnesium,0,mg
4586,Phosphorus,0,mg
4586,Sodium,2.3,mg
4586,Potassium,10.4,mg
4586,Zinc,0,mg
4587,Energy,47,cal
4587,Protein,0.8,g
4587,Carbohydrates,4.5,g
4587,Fiber,0.2,g
4587,Fat,2.8,g
4587,Cholesterol,0.5,mg
4587,Sodium,2.9,mg
4588,Energy,47,cal
4588,Protein,0.8,g
4588,Carbohydrates,4.5,g
4588,Fiber,0.2,g
4588,Fat,2.8,g
4588,Cholesterol,0.5,mg
4588,Sodium,2.9,mg
4589,Energy,47,cal
4589,Protein,0.8,g
4589,Carbohydrates,4.5,g
4589,Fiber,0.2,g
4589,Fat,2.8,g
4589,Cholesterol,0.5,mg
4589,Sodium,2.9,mg
4590,Energy,7,cal
4590,Protein,0.1,g
4590,Carbohydrates,0.4,g
4590,Fiber,0.1,g
4590,Fat,0.5,g
4590,Cholesterol,0,mg
4590,Sodium,2.6,mg
4591,Energy,60,cal
4591,Protein,1.6,g
4591,Carbohydrates,9.5,g
4591,Fiber,0.9,g
4591,Fat,1.7,g
4591,Cholesterol,0,mg
4591,Sodium,1.6,mg
4592,Energy,8,cal
4592,Protein,0.3,g
4592,Carbohydrates,1.5,g
4592,Fiber,0.4,g
4592,Fat,0.1,g
4592,Cholesterol,0,mg
4592,Sodium,1.3,mg
4593,Energy,76,cal
4593,Protein,1.4,g
4593,Carbohydrates,14.8,g
4593,Fiber,2.3,g
4593,Fat,1.2,g
4593,Cholesterol,0,mg
4593,Sodium,2.7,mg
4594,Energy,76,cal
4594,Protein,1.4,g
4594,Carbohydrates,14.8,g
4594,Fiber,2.3,g
4594,Fat,1.2,g
4594,Cholesterol,0,mg
4594,Sodium,2.7,mg
4597,Energy,6,cal
4597,Protein,0.3,g
4597,Carbohydrates,1,g
4597,Fiber,0.4,g
4597,Fat,0.1,g
4597,Cholesterol,0,mg
4597,Sodium,1.2,mg
4598,Energy,166,cal
4598,Protein,0.2,g
4598,Carbohydrates,41.8,g
4598,Fiber,0.2,g
4598,Fat,0.2,g
4598,Cholesterol,0,mg
4598,Sodium,10.1,mg
4599,Energy,59,cal
4599,Protein,0.1,g
4599,Carbohydrates,14.4,g
4599,Fiber,0.2,g
4599,Fat,0,g
4599,Cholesterol,0,mg
4599,Sodium,0.1,mg
4600,Energy,59,cal
4600,Protein,0.1,g
4600,Carbohydrates,14.4,g
4600,Fiber,0.2,g
4600,Fat,0,g
4600,Cholesterol,0,mg
4600,Sodium,0.1,mg
4601,Energy,59,cal
4601,Protein,0.1,g
4601,Carbohydrates,14.4,g
4601,Fiber,0.2,g
4601,Fat,0,g
4601,Cholesterol,0,mg
4601,Sodium,0.1,mg
4602,Energy,2,cal
4602,Protein,0.2,g
4602,Carbohydrates,0.2,g
4602,Fiber,0.3,g
4602,Fat,0,g
4602,Cholesterol,0,mg
4602,Sodium,0,mg
4603,Energy,224,cal
4603,Protein,5.1,g
4603,Carbohydrates,21.4,g
4603,Fiber,0.4,g
4603,Fat,11.4,g
4603,Cholesterol,12,mg
4603,Sodium,20.2,mg
4604,Energy,64,cal
4604,Protein,2.2,g
4604,Carbohydrates,3.9,g
4604,Fiber,0.1,g
4604,Fat,3.3,g
4604,Cholesterol,8,mg
4604,Sodium,9.5,mg
4605,Energy,92,cal
4605,Protein,3.4,g
4605,Carbohydrates,4.5,g
4605,Fiber,0.2,g
4605,Fat,4.9,g
4605,Cholesterol,12,mg
4605,Sodium,14.2,mg
4606,Energy,68,cal
4606,Protein,0.1,g
4606,Carbohydrates,16.9,g
4606,Fiber,0.1,g
4606,Fat,0,g
4606,Cholesterol,0,mg
4606,Sodium,0,mg
4607,Energy,68,cal
4607,Protein,0.1,g
4607,Carbohydrates,16.9,g
4607,Fiber,0.1,g
4607,Fat,0,g
4607,Cholesterol,0,mg
4607,Sodium,0,mg
4608,Energy,83,cal
4608,Protein,5,g
4608,Carbohydrates,7.1,g
4608,Fiber,0.8,g
4608,Fat,4.2,g
4608,Cholesterol,0,mg
4608,Vitamin A,116.7,mcg
4608,Vitamin B1,0,mg
4608,Vitamin B2,0,mg
4608,Vitamin B3,0.1,mg
4608,Vitamin C,1.9,mg
4608,Folic Acid,10.4,mcg
4608,Calcium,140.3,mg
4608,Iron,1.1,mg
4608,Magnesium,0,mg
4608,Phosphorus,0,mg
4608,Sodium,1.8,mg
4608,Potassium,41.1,mg
4608,Zinc,0.1,mg
4609,Energy,83,cal
4609,Protein,5,g
4609,Carbohydrates,7.1,g
4609,Fiber,0.8,g
4609,Fat,4.2,g
4609,Cholesterol,0,mg
4609,Vitamin A,116.7,mcg
4609,Vitamin B1,0,mg
4609,Vitamin B2,0,mg
4609,Vitamin B3,0.1,mg
4609,Vitamin C,1.9,mg
4609,Folic Acid,10.4,mcg
4609,Calcium,140.3,mg
4609,Iron,1.1,mg
4609,Magnesium,0,mg
4609,Phosphorus,0,mg
4609,Sodium,1.8,mg
4609,Potassium,41.1,mg
4609,Zinc,0.1,mg
4610,Energy,239,cal
4610,Protein,3.6,g
4610,Carbohydrates,54.5,g
4610,Fiber,5.6,g
4610,Fat,0.7,g
4610,Cholesterol,0,mg
4610,Sodium,15.8,mg
4611,Energy,239,cal
4611,Protein,3.6,g
4611,Carbohydrates,54.5,g
4611,Fiber,5.6,g
4611,Fat,0.7,g
4611,Cholesterol,0,mg
4611,Sodium,15.8,mg
4612,Energy,239,cal
4612,Protein,3.6,g
4612,Carbohydrates,54.5,g
4612,Fiber,5.6,g
4612,Fat,0.7,g
4612,Cholesterol,0,mg
4612,Sodium,15.8,mg
4613,Energy,40,cal
4613,Protein,3.2,g
4613,Carbohydrates,6.3,g
4613,Fiber,2.7,g
4613,Fat,0.2,g
4613,Cholesterol,0,mg
4613,Sodium,46.8,mg
4614,Energy,40,cal
4614,Protein,3.2,g
4614,Carbohydrates,6.3,g
4614,Fiber,2.7,g
4614,Fat,0.2,g
4614,Cholesterol,0,mg
4614,Sodium,46.8,mg
4615,Energy,134,kcal
4615,Protein,6.9,gm
4615,Carbohydrate,23.5,gm
4615,Invisible Fat,3.3,gm
4615,Fibre,6,gm
4616,Energy,134,kcal
4616,Protein,6.9,gm
4616,Carbohydrate,23.5,gm
4616,Invisible Fat,3.3,gm
4616,Fibre,6,gm
4617,Energy,134,kcal
4617,Protein,6.9,gm
4617,Carbohydrate,23.5,gm
4617,Invisible Fat,3.3,gm
4617,Fibre,6,gm
4619,Energy,621,cal
4619,Protein,6.6,g
4619,Carbohydrates,167.4,g
4619,Fiber,2.7,g
4619,Fat,0.1,g
4619,Cholesterol,0,mg
4619,Vitamin A,172.8,mcg
4619,Vitamin B1,0,mg
4619,Vitamin B2,0,mg
4619,Vitamin B3,0.1,mg
4619,Vitamin C,4.9,mg
4619,Folic Acid,18.2,mcg
4619,Calcium,122.7,mg
4619,Iron,2.7,mg
4619,Magnesium,0,mg
4619,Phosphorus,0,mg
4619,Sodium,10.1,mg
4619,Potassium,1033.6,mg
4619,Zinc,20.3,mg
4620,Energy,29,cal
4620,Protein,0.2,g
4620,Carbohydrates,7.1,g
4620,Fiber,0.3,g
4620,Fat,0.1,g
4620,Cholesterol,0,mg
4620,Sodium,0.5,mg
4621,Energy,48,cal
4621,Protein,0.4,g
4621,Carbohydrates,10.9,g
4621,Fiber,0.6,g
4621,Fat,0.2,g
4621,Cholesterol,0,mg
4621,Sodium,1357.9,mg
4622,Energy,195,cal
4622,Protein,0.8,g
4622,Carbohydrates,47.3,g
4622,Fiber,2.6,g
4622,Fat,0.4,g
4622,Cholesterol,0,mg
4622,Sodium,539.4,mg
4623,Energy,195,cal
4623,Protein,0.8,g
4623,Carbohydrates,47.3,g
4623,Fiber,2.6,g
4623,Fat,0.4,g
4623,Cholesterol,0,mg
4623,Sodium,539.4,mg
4624,Energy,195,cal
4624,Protein,0.8,g
4624,Carbohydrates,47.3,g
4624,Fiber,2.6,g
4624,Fat,0.4,g
4624,Cholesterol,0,mg
4624,Sodium,539.4,mg
4625,Energy,195,cal
4625,Protein,0.8,g
4625,Carbohydrates,47.3,g
4625,Fiber,2.6,g
4625,Fat,0.4,g
4625,Cholesterol,0,mg
4625,Sodium,539.4,mg
4626,Energy,263,cal
4626,Protein,6.8,g
4626,Carbohydrates,37.1,g
4626,Fiber,2.1,g
4626,Fat,9.7,g
4626,Cholesterol,0,mg
4626,Sodium,3.4,mg
4627,Energy,141,cal
4627,Protein,3.6,g
4627,Carbohydrates,16.9,g
4627,Fiber,2.8,g
4627,Fat,6.9,g
4627,Cholesterol,0,mg
4627,Sodium,4.6,mg
4628,Energy,208,cal
4628,Protein,7,g
4628,Carbohydrates,36.7,g
4628,Fiber,11,g
4628,Fat,5.5,g
4628,Cholesterol,0,mg
4628,Sodium,14.6,mg
4629,Energy,415,cal
4629,Protein,3.6,g
4629,Carbohydrates,40.5,g
4629,Fiber,5.5,g
4629,Fat,25.9,g
4629,Cholesterol,0,mg
4629,Sodium,1.7,mg
4630,Energy,75,cal
4630,Protein,3.4,g
4630,Carbohydrates,10.1,g
4630,Fiber,2,g
4630,Fat,2.7,g
4630,Cholesterol,0,mg
4630,Sodium,2.9,mg
4631,Energy,153,cal
4631,Protein,4.4,g
4631,Carbohydrates,14,g
4631,Fiber,0,g
4631,Fat,6.5,g
4631,Cholesterol,16,mg
4631,Sodium,19.2,mg
4632,Energy,94,cal
4632,Protein,2.8,g
4632,Carbohydrates,13.3,g
4632,Fiber,3.6,g
4632,Fat,3.3,g
4632,Cholesterol,0,mg
4632,Sodium,112.5,mg
4633,Energy,94,cal
4633,Protein,2.8,g
4633,Carbohydrates,13.3,g
4633,Fiber,3.6,g
4633,Fat,3.3,g
4633,Cholesterol,0,mg
4633,Sodium,112.5,mg
4634,Energy,94,cal
4634,Protein,2.8,g
4634,Carbohydrates,13.3,g
4634,Fiber,3.6,g
4634,Fat,3.3,g
4634,Cholesterol,0,mg
4634,Sodium,112.5,mg
4635,Energy,193,cal
4635,Protein,2.3,g
4635,Carbohydrates,5.2,g
4635,Fiber,2.2,g
4635,Fat,18.3,g
4635,Cholesterol,0,mg
4635,Sodium,6.9,mg
4636,Energy,100,cal
4636,Protein,3.6,g
4636,Carbohydrates,12,g
4636,Fiber,2.7,g
4636,Fat,4.2,g
4636,Cholesterol,0,mg
4636,Vitamin A,63,mcg
4636,Vitamin B1,0.1,mg
4636,Vitamin B2,0,mg
4636,Vitamin B3,0.5,mg
4636,Vitamin C,2.3,mg
4636,Folic Acid,25.8,mcg
4636,Calcium,11.1,mg
4636,Iron,0.9,mg
4636,Magnesium,0,mg
4636,Phosphorus,0,mg
4636,Sodium,13.1,mg
4636,Potassium,143.9,mg
4636,Zinc,0.3,mg
4637,Energy,379,cal
4637,Protein,12.4,g
4637,Carbohydrates,38.7,g
4637,Fiber,5.4,g
4637,Fat,19.4,g
4637,Cholesterol,0,mg
4637,Sodium,28.8,mg
4638,Energy,379,cal
4638,Protein,12.4,g
4638,Carbohydrates,38.7,g
4638,Fiber,5.4,g
4638,Fat,19.4,g
4638,Cholesterol,0,mg
4638,Sodium,28.8,mg
4639,Energy,362,cal
4639,Protein,7.7,g
4639,Carbohydrates,36.1,g
4639,Fiber,0,g
4639,Fat,20.1,g
4639,Cholesterol,8,mg
4639,Sodium,98.7,mg
4640,Energy,143,cal
4640,Protein,4.9,g
4640,Carbohydrates,19.1,g
4640,Fiber,3.4,g
4640,Fat,5.4,g
4640,Cholesterol,0,mg
4640,Sodium,14.2,mg
4641,Energy,86,cal
4641,Protein,3,g
4641,Carbohydrates,5.8,g
4641,Fiber,0.7,g
4641,Fat,5.9,g
4641,Cholesterol,0,mg
4641,Vitamin A,577.4,mcg
4641,Vitamin B1,-0.1,mg
4641,Vitamin B2,-0.1,mg
4641,Vitamin B3,0,mg
4641,Vitamin C,3.4,mg
4641,Folic Acid,15.1,mcg
4641,Calcium,84.6,mg
4641,Iron,0.2,mg
4641,Magnesium,0,mg
4641,Phosphorus,0,mg
4641,Sodium,28.3,mg
4641,Potassium,65.5,mg
4641,Zinc,0.1,mg
4642,Energy,115,cal
4642,Protein,3.3,g
4642,Carbohydrates,14.3,g
4642,Fiber,2.8,g
4642,Fat,5.2,g
4642,Cholesterol,0,mg
4642,Sodium,8.6,mg
4643,Energy,77,cal
4643,Protein,4,g
4643,Carbohydrates,12.6,g
4643,Fiber,2.3,g
4643,Fat,1.3,g
4643,Cholesterol,0,mg
4643,Sodium,6.9,mg
4644,Energy,73,cal
4644,Protein,2.7,g
4644,Carbohydrates,12.3,g
4644,Fiber,1.4,g
4644,Fat,1.5,g
4644,Cholesterol,0,mg
4644,Sodium,4.2,mg
4645,Energy,73,cal
4645,Protein,2.7,g
4645,Carbohydrates,12.3,g
4645,Fiber,1.4,g
4645,Fat,1.5,g
4645,Cholesterol,0,mg
4645,Sodium,4.2,mg
4646,Energy,73,cal
4646,Protein,2.7,g
4646,Carbohydrates,12.3,g
4646,Fiber,1.4,g
4646,Fat,1.5,g
4646,Cholesterol,0,mg
4646,Sodium,4.2,mg
4647,Energy,73,cal
4647,Protein,2.7,g
4647,Carbohydrates,12.3,g
4647,Fiber,1.4,g
4647,Fat,1.5,g
4647,Cholesterol,0,mg
4647,Sodium,4.2,mg
4648,Energy,132,cal
4648,Protein,7.1,g
4648,Carbohydrates,19.2,g
4648,Fiber,3.4,g
4648,Fat,2.9,g
4648,Cholesterol,0,mg
4648,Sodium,14.1,mg
4649,Energy,113,kcal
4649,Protein,7.7,gm
4649,Carbohydrate,19.7,gm
4649,Invisible Fat,0.3,gm
4649,Fibre,3.7,gm
4649,Calcium,43.2,mg
4649,Iron,1.9,mg
4649,Folic Acid,39.2,mcg
4650,Energy,53,cal
4650,Protein,3,g
4650,Carbohydrates,7.3,g
4650,Fiber,1.1,g
4650,Fat,1.4,g
4650,Cholesterol,0,mg
4650,Sodium,4,mg
4651,Energy,53,cal
4651,Protein,3,g
4651,Carbohydrates,7.3,g
4651,Fiber,1.1,g
4651,Fat,1.4,g
4651,Cholesterol,0,mg
4651,Sodium,4,mg
4652,Energy,53,cal
4652,Protein,3,g
4652,Carbohydrates,7.3,g
4652,Fiber,1.1,g
4652,Fat,1.4,g
4652,Cholesterol,0,mg
4652,Sodium,4,mg
4653,Energy,170,cal
4653,Protein,5.3,g
4653,Carbohydrates,14.7,g
4653,Fiber,2.7,g
4653,Fat,10,g
4653,Cholesterol,30,mg
4653,Sodium,110,mg
4654,Energy,171,cal
4654,Protein,5.4,g
4654,Carbohydrates,14.3,g
4654,Fiber,4.6,g
4654,Fat,10.2,g
4654,Cholesterol,0,mg
4654,Sodium,33.6,mg
4655,Energy,56,cal
4655,Protein,0.9,g
4655,Carbohydrates,12.4,g
4655,Fiber,4.2,g
4655,Fat,0.3,g
4655,Cholesterol,0,mg
4655,Sodium,8.3,mg
4656,Energy,216,cal
4656,Protein,2.3,g
4656,Carbohydrates,28.2,g
4656,Fiber,2.4,g
4656,Fat,11.5,g
4656,Cholesterol,0,mg
4656,Vitamin A,62.7,mcg
4656,Vitamin B1,0.1,mg
4656,Vitamin B2,0.1,mg
4656,Vitamin B3,0.4,mg
4656,Vitamin C,9.3,mg
4656,Folic Acid,2.8,mcg
4656,Calcium,22.3,mg
4656,Iron,0.9,mg
4656,Magnesium,0,mg
4656,Phosphorus,0,mg
4656,Sodium,156,mg
4656,Potassium,47.6,mg
4656,Zinc,0.3,mg
4657,Energy,48,cal
4657,Protein,0.7,g
4657,Carbohydrates,10.6,g
4657,Fiber,2.8,g
4657,Fat,0.3,g
4657,Cholesterol,0,mg
4657,Sodium,43.2,mg
4658,Energy,82,cal
4658,Protein,3,g
4658,Carbohydrates,6.3,g
4658,Fiber,0.4,g
4658,Fat,5,g
4658,Cholesterol,0,mg
4658,Sodium,2.2,mg
4659,Energy,131,cal
4659,Protein,0.8,g
4659,Carbohydrates,25.4,g
4659,Fiber,2.6,g
4659,Fat,2.8,g
4659,Cholesterol,0,mg
4659,Vitamin A,730.4,mcg
4659,Vitamin B1,0.1,mg
4659,Vitamin B2,0.1,mg
4659,Vitamin B3,0.2,mg
4659,Vitamin C,25.8,mg
4659,Folic Acid,0.8,mcg
4659,Calcium,30.6,mg
4659,Iron,1.8,mg
4659,Magnesium,0,mg
4659,Phosphorus,0,mg
4659,Sodium,20.1,mg
4659,Potassium,53.3,mg
4659,Zinc,0.1,mg
4660,Energy,131,cal
4660,Protein,0.8,g
4660,Carbohydrates,25.4,g
4660,Fiber,2.6,g
4660,Fat,2.8,g
4660,Cholesterol,0,mg
4660,Vitamin A,730.4,mcg
4660,Vitamin B1,0.1,mg
4660,Vitamin B2,0.1,mg
4660,Vitamin B3,0.2,mg
4660,Vitamin C,25.8,mg
4660,Folic Acid,0.8,mcg
4660,Calcium,30.6,mg
4660,Iron,1.8,mg
4660,Magnesium,0,mg
4660,Phosphorus,0,mg
4660,Sodium,20.1,mg
4660,Potassium,53.3,mg
4660,Zinc,0.1,mg
4661,Energy,171,cal
4661,Protein,0.4,g
4661,Carbohydrates,42.8,g
4661,Fiber,1.3,g
4661,Fat,0.2,g
4661,Cholesterol,0,mg
4661,Sodium,527.1,mg
4662,Energy,74,cal
4662,Protein,0.9,g
4662,Carbohydrates,15.9,g
4662,Fiber,2,g
4662,Fat,0.7,g
4662,Cholesterol,0.8,mg
4662,Sodium,20.8,mg
4664,Energy,369,cal
4664,Protein,7.9,g
4664,Carbohydrates,44,g
4664,Fiber,2,g
4664,Fat,15.1,g
4664,Cholesterol,18.7,mg
4664,Sodium,40,mg
4665,Energy,285,cal
4665,Protein,14.3,g
4665,Carbohydrates,38.3,g
4665,Fiber,6.6,g
4665,Fat,8.3,g
4665,Cholesterol,0,mg
4665,Sodium,27.3,mg
4667,Energy,488,cal
4667,Protein,10.2,g
4667,Carbohydrates,57.7,g
4667,Fiber,2,g
4667,Fat,25.7,g
4667,Cholesterol,0,mg
4667,Vitamin A,124.6,mcg
4667,Vitamin B1,0.5,mg
4667,Vitamin B2,0.1,mg
4667,Vitamin B3,0.9,mg
4667,Vitamin C,0.4,mg
4667,Folic Acid,13.7,mcg
4667,Calcium,70.7,mg
4667,Iron,2.8,mg
4667,Magnesium,0,mg
4667,Phosphorus,0,mg
4667,Sodium,1.9,mg
4667,Potassium,193.8,mg
4667,Zinc,4.5,mg
4668,Energy,488,cal
4668,Protein,10.2,g
4668,Carbohydrates,57.7,g
4668,Fiber,2,g
4668,Fat,25.7,g
4668,Cholesterol,0,mg
4668,Vitamin A,124.6,mcg
4668,Vitamin B1,0.5,mg
4668,Vitamin B2,0.1,mg
4668,Vitamin B3,0.9,mg
4668,Vitamin C,0.4,mg
4668,Folic Acid,13.7,mcg
4668,Calcium,70.7,mg
4668,Iron,2.8,mg
4668,Magnesium,0,mg
4668,Phosphorus,0,mg
4668,Sodium,1.9,mg
4668,Potassium,193.8,mg
4668,Zinc,4.5,mg
4669,Energy,49,cal
4669,Protein,1.2,g
4669,Carbohydrates,2.5,g
4669,Fiber,0,g
4669,Fat,4.9,g
4669,Cholesterol,0,mg
4669,Sodium,0.2,mg
4670,Energy,106,cal
4670,Protein,4.7,g
4670,Carbohydrates,12.4,g
4670,Fiber,3.6,g
4670,Fat,4.2,g
4670,Cholesterol,0,mg
4670,Sodium,25.6,mg
4671,Energy,59,cal
4671,Protein,0.7,g
4671,Carbohydrates,2.5,g
4671,Fiber,1,g
4671,Fat,5.1,g
4671,Cholesterol,0,mg
4671,Vitamin A,140,mcg
4671,Vitamin B1,0,mg
4671,Vitamin B2,0,mg
4671,Vitamin B3,0.3,mg
4671,Vitamin C,15,mg
4671,Folic Acid,8.4,mcg
4671,Calcium,21.2,mg
4671,Iron,0.4,mg
4671,Magnesium,0,mg
4671,Phosphorus,0,mg
4671,Sodium,10.3,mg
4671,Potassium,67.7,mg
4671,Zinc,0.1,mg
4672,Energy,59,cal
4672,Protein,0.7,g
4672,Carbohydrates,2.5,g
4672,Fiber,1,g
4672,Fat,5.1,g
4672,Cholesterol,0,mg
4672,Vitamin A,140,mcg
4672,Vitamin B1,0,mg
4672,Vitamin B2,0,mg
4672,Vitamin B3,0.3,mg
4672,Vitamin C,15,mg
4672,Folic Acid,8.4,mcg
4672,Calcium,21.2,mg
4672,Iron,0.4,mg
4672,Magnesium,0,mg
4672,Phosphorus,0,mg
4672,Sodium,10.3,mg
4672,Potassium,67.7,mg
4672,Zinc,0.1,mg
4673,Energy,59,cal
4673,Protein,0.7,g
4673,Carbohydrates,2.5,g
4673,Fiber,1,g
4673,Fat,5.1,g
4673,Cholesterol,0,mg
4673,Vitamin A,140,mcg
4673,Vitamin B1,0,mg
4673,Vitamin B2,0,mg
4673,Vitamin B3,0.3,mg
4673,Vitamin C,15,mg
4673,Folic Acid,8.4,mcg
4673,Calcium,21.2,mg
4673,Iron,0.4,mg
4673,Magnesium,0,mg
4673,Phosphorus,0,mg
4673,Sodium,10.3,mg
4673,Potassium,67.7,mg
4673,Zinc,0.1,mg
4674,Energy,81,cal
4674,Protein,4.1,g
4674,Carbohydrates,9.8,g
4674,Fiber,2.2,g
4674,Fat,2.9,g
4674,Cholesterol,0,mg
4674,Sodium,7.8,mg
4675,Energy,421,cal
4675,Protein,24.7,g
4675,Carbohydrates,74.6,g
4675,Fiber,20.5,g
4675,Fat,2.8,g
4675,Cholesterol,0,mg
4675,Sodium,35.3,mg
4676,Energy,69,cal
4676,Protein,3.9,g
4676,Carbohydrates,12.1,g
4676,Fiber,3.3,g
4676,Fat,0.5,g
4676,Cholesterol,0,mg
4676,Sodium,7,mg
4677,Energy,115,cal
4677,Protein,6.6,g
4677,Carbohydrates,20,g
4677,Fiber,5.7,g
4677,Fat,0.9,g
4677,Cholesterol,0,mg
4677,Sodium,31,mg
4678,Energy,153,cal
4678,Protein,5.2,g
4678,Carbohydrates,26.7,g
4678,Fiber,2.3,g
4678,Fat,2.8,g
4678,Cholesterol,0,mg
4678,Sodium,9.2,mg
4679,Energy,561,cal
4679,Protein,19.4,g
4679,Carbohydrates,66.6,g
4679,Fiber,16.5,g
4679,Fat,17.9,g
4679,Cholesterol,0,mg
4679,Sodium,77.8,mg
4681,Energy,191,cal
4681,Protein,5.6,g
4681,Carbohydrates,33.6,g
4681,Fiber,4,g
4681,Fat,3.8,g
4681,Cholesterol,0,mg
4681,Sodium,7.3,mg
4682,Energy,150,cal
4682,Protein,8.3,g
4682,Carbohydrates,26.8,g
4682,Fiber,6.9,g
4682,Fat,1,g
4682,Cholesterol,0,mg
4682,Sodium,9.1,mg
4683,Energy,87,cal
4683,Protein,4,g
4683,Carbohydrates,13.7,g
4683,Fiber,1.8,g
4683,Fat,1.4,g
4683,Cholesterol,2.7,mg
4683,Sodium,19.5,mg
4688,Energy,108,cal
4688,Protein,3.6,g
4688,Carbohydrates,19.9,g
4688,Fiber,3,g
4688,Fat,1.8,g
4688,Cholesterol,0,mg
4688,Sodium,134.4,mg
4689,Energy,179,cal
4689,Protein,5.7,g
4689,Carbohydrates,34.5,g
4689,Fiber,3.3,g
4689,Fat,2.1,g
4689,Cholesterol,0,mg
4689,Sodium,6.7,mg
4690,Energy,179,cal
4690,Protein,5.7,g
4690,Carbohydrates,34.5,g
4690,Fiber,3.3,g
4690,Fat,2.1,g
4690,Cholesterol,0,mg
4690,Sodium,6.7,mg
4691,Energy,46,cal
4691,Protein,2.2,g
4691,Carbohydrates,6,g
4691,Fiber,2,g
4691,Fat,1.5,g
4691,Cholesterol,0,mg
4691,Sodium,7.4,mg
4692,Energy,97,cal
4692,Protein,5.3,g
4692,Carbohydrates,14.9,g
4692,Fiber,4,g
4692,Fat,1.9,g
4692,Cholesterol,0,mg
4692,Sodium,4.9,mg
4695,Energy,105,cal
4695,Protein,3.5,g
4695,Carbohydrates,5,g
4695,Fiber,1.3,g
4695,Fat,7.9,g
4695,Cholesterol,0,mg
4695,Vitamin A,202.5,mcg
4695,Vitamin B1,-0.1,mg
4695,Vitamin B2,-0.1,mg
4695,Vitamin B3,0.1,mg
4695,Vitamin C,14.5,mg
4695,Folic Acid,10.6,mcg
4695,Calcium,110.6,mg
4695,Iron,0.5,mg
4695,Magnesium,0,mg
4695,Phosphorus,0,mg
4695,Sodium,9.4,mg
4695,Potassium,77.9,mg
4695,Zinc,0.1,mg
4696,Energy,74,cal
4696,Protein,1.7,g
4696,Carbohydrates,6.6,g
4696,Fiber,1.2,g
4696,Fat,4.5,g
4696,Cholesterol,0,mg
4696,Sodium,0,mg
4697,Energy,75,cal
4697,Protein,2.9,g
4697,Carbohydrates,9.6,g
4697,Fiber,2.4,g
4697,Fat,3.3,g
4697,Cholesterol,10,mg
4697,Sodium,158.7,mg
4698,Energy,75,cal
4698,Protein,2.9,g
4698,Carbohydrates,9.6,g
4698,Fiber,2.4,g
4698,Fat,3.3,g
4698,Cholesterol,10,mg
4698,Sodium,158.7,mg
4700,Energy,222,cal
4700,Protein,3.3,g
4700,Carbohydrates,9.8,g
4700,Fiber,3.1,g
4700,Fat,18.5,g
4700,Cholesterol,3,mg
4700,Sodium,32.1,mg
4702,Energy,31,cal
4702,Protein,1,g
4702,Carbohydrates,3.5,g
4702,Fiber,1.8,g
4702,Fat,1.5,g
4702,Cholesterol,0,mg
4702,Sodium,15.4,mg
4704,Energy,101,cal
4704,Protein,5,g
4704,Carbohydrates,16.2,g
4704,Fiber,2.6,g
4704,Fat,2,g
4704,Cholesterol,0,mg
4704,Sodium,5.1,mg
4705,Energy,101,cal
4705,Protein,5,g
4705,Carbohydrates,16.2,g
4705,Fiber,2.6,g
4705,Fat,2,g
4705,Cholesterol,0,mg
4705,Sodium,5.1,mg
4706,Energy,101,cal
4706,Protein,5,g
4706,Carbohydrates,16.2,g
4706,Fiber,2.6,g
4706,Fat,2,g
4706,Cholesterol,0,mg
4706,Sodium,5.1,mg
4707,Energy,101,cal
4707,Protein,5,g
4707,Carbohydrates,16.2,g
4707,Fiber,2.6,g
4707,Fat,2,g
4707,Cholesterol,0,mg
4707,Sodium,5.1,mg
4708,Energy,101,cal
4708,Protein,5,g
4708,Carbohydrates,16.2,g
4708,Fiber,2.6,g
4708,Fat,2,g
4708,Cholesterol,0,mg
4708,Sodium,5.1,mg
4709,Energy,166,cal
4709,Protein,4.1,g
4709,Carbohydrates,22.7,g
4709,Fiber,0.6,g
4709,Fat,6.9,g
4709,Cholesterol,3.8,mg
4709,Sodium,84.5,mg
4710,Energy,166,cal
4710,Protein,4.1,g
4710,Carbohydrates,22.7,g
4710,Fiber,0.6,g
4710,Fat,6.9,g
4710,Cholesterol,3.8,mg
4710,Sodium,84.5,mg
4711,Energy,166,cal
4711,Protein,4.1,g
4711,Carbohydrates,22.7,g
4711,Fiber,0.6,g
4711,Fat,6.9,g
4711,Cholesterol,3.8,mg
4711,Sodium,84.5,mg
4712,Energy,166,cal
4712,Protein,4.1,g
4712,Carbohydrates,22.7,g
4712,Fiber,0.6,g
4712,Fat,6.9,g
4712,Cholesterol,3.8,mg
4712,Sodium,84.5,mg
4713,Energy,156,cal
4713,Protein,9,g
4713,Carbohydrates,19.4,g
4713,Fiber,1.5,g
4713,Fat,6.9,g
4713,Cholesterol,0,mg
4713,Vitamin A,315.3,mcg
4713,Vitamin B1,0,mg
4713,Vitamin B2,0,mg
4713,Vitamin B3,0.5,mg
4713,Vitamin C,6,mg
4713,Folic Acid,4.6,mcg
4713,Calcium,55.3,mg
4713,Iron,0.7,mg
4713,Magnesium,0,mg
4713,Phosphorus,0,mg
4713,Sodium,63.1,mg
4713,Potassium,52,mg
4713,Zinc,0.2,mg
4714,Energy,156,cal
4714,Protein,9,g
4714,Carbohydrates,19.4,g
4714,Fiber,1.5,g
4714,Fat,6.9,g
4714,Cholesterol,0,mg
4714,Vitamin A,315.3,mcg
4714,Vitamin B1,0,mg
4714,Vitamin B2,0,mg
4714,Vitamin B3,0.5,mg
4714,Vitamin C,6,mg
4714,Folic Acid,4.6,mcg
4714,Calcium,55.3,mg
4714,Iron,0.7,mg
4714,Magnesium,0,mg
4714,Phosphorus,0,mg
4714,Sodium,63.1,mg
4714,Potassium,52,mg
4714,Zinc,0.2,mg
4715,Energy,57,cal
4715,Protein,1.2,g
4715,Carbohydrates,5.1,g
4715,Fiber,2,g
4715,Fat,3.5,g
4715,Cholesterol,0,mg
4715,Sodium,13.4,mg
4716,Energy,41,cal
4716,Protein,1.7,g
4716,Carbohydrates,7.6,g
4716,Fiber,4.3,g
4716,Fat,0.3,g
4716,Cholesterol,0,mg
4716,Sodium,39.2,mg
4717,Energy,52,cal
4717,Protein,1.8,g
4717,Carbohydrates,5.7,g
4717,Fiber,1.6,g
4717,Fat,2.7,g
4717,Cholesterol,0,mg
4717,Vitamin A,154.8,mcg
4717,Vitamin B1,0.1,mg
4717,Vitamin B2,0.1,mg
4717,Vitamin B3,0.4,mg
4717,Vitamin C,17,mg
4717,Folic Acid,22.6,mcg
4717,Calcium,23.1,mg
4717,Iron,1,mg
4717,Magnesium,0,mg
4717,Phosphorus,0,mg
4717,Sodium,1.7,mg
4717,Potassium,94.8,mg
4717,Zinc,0.2,mg
4718,Energy,52,cal
4718,Protein,1.8,g
4718,Carbohydrates,5.7,g
4718,Fiber,1.6,g
4718,Fat,2.7,g
4718,Cholesterol,0,mg
4718,Vitamin A,154.8,mcg
4718,Vitamin B1,0.1,mg
4718,Vitamin B2,0.1,mg
4718,Vitamin B3,0.4,mg
4718,Vitamin C,17,mg
4718,Folic Acid,22.6,mcg
4718,Calcium,23.1,mg
4718,Iron,1,mg
4718,Magnesium,0,mg
4718,Phosphorus,0,mg
4718,Sodium,1.7,mg
4718,Potassium,94.8,mg
4718,Zinc,0.2,mg
4719,Energy,55,cal
4719,Protein,1.7,g
4719,Carbohydrates,8,g
4719,Fiber,2.6,g
4719,Fat,1.8,g
4719,Cholesterol,0,mg
4719,Sodium,141,mg
4720,Energy,99,cal
4720,Protein,3.1,g
4720,Carbohydrates,11.2,g
4720,Fiber,0.2,g
4720,Fat,4.9,g
4720,Cholesterol,0,mg
4720,Vitamin A,105.8,mcg
4720,Vitamin B1,0,mg
4720,Vitamin B2,0,mg
4720,Vitamin B3,0.1,mg
4720,Vitamin C,3,mg
4720,Folic Acid,2.3,mcg
4720,Calcium,54,mg
4720,Iron,0.2,mg
4720,Magnesium,0,mg
4720,Phosphorus,0,mg
4720,Sodium,60.9,mg
4720,Potassium,18.9,mg
4720,Zinc,0,mg
4721,Energy,13,cal
4721,Protein,3.8,g
4721,Carbohydrates,2.6,g
4721,Fiber,0.3,g
4721,Fat,0,g
4721,Cholesterol,0,mg
4721,Sodium,1.5,mg
4723,Energy,22,cal
4723,Protein,0.8,g
4723,Carbohydrates,4.3,g
4723,Fiber,1.7,g
4723,Fat,0.1,g
4723,Cholesterol,0,mg
4723,Sodium,1955.7,mg
4724,Energy,62,cal
4724,Protein,4,g
4724,Carbohydrates,11.1,g
4724,Fiber,5.9,g
4724,Fat,0.2,g
4724,Cholesterol,0,mg
4724,Vitamin A,638.1,mcg
4724,Vitamin B1,0,mg
4724,Vitamin B2,0.1,mg
4724,Vitamin B3,0.6,mg
4724,Vitamin C,26.9,mg
4724,Folic Acid,19,mcg
4724,Calcium,53.4,mg
4724,Iron,1.4,mg
4724,Magnesium,0,mg
4724,Phosphorus,0,mg
4724,Sodium,30.4,mg
4724,Potassium,131.5,mg
4724,Zinc,0.3,mg
4725,Energy,362,cal
4725,Protein,8.3,g
4725,Carbohydrates,14.4,g
4725,Fiber,4.9,g
4725,Fat,29.3,g
4725,Cholesterol,0,mg
4725,Vitamin A,1207.3,mcg
4725,Vitamin B1,0.1,mg
4725,Vitamin B2,0.1,mg
4725,Vitamin B3,0.7,mg
4725,Vitamin C,29.1,mg
4725,Folic Acid,16.9,mcg
4725,Calcium,148.3,mg
4725,Iron,2.1,mg
4725,Magnesium,0,mg
4725,Phosphorus,0,mg
4725,Sodium,38.8,mg
4725,Potassium,163,mg
4725,Zinc,1.2,mg
4726,Energy,642,cal
4726,Protein,16.8,g
4726,Carbohydrates,66.9,g
4726,Fiber,12.2,g
4726,Fat,35,g
4726,Cholesterol,0.1,mg
4726,Vitamin A,1708.2,mcg
4726,Vitamin B1,0.5,mg
4726,Vitamin B2,0.5,mg
4726,Vitamin B3,4.2,mg
4726,Vitamin C,58.8,mg
4726,Folic Acid,87.7,mcg
4726,Calcium,214.2,mg
4726,Iron,5.8,mg
4726,Magnesium,0,mg
4726,Phosphorus,0,mg
4726,Sodium,977.9,mg
4726,Potassium,389.9,mg
4726,Zinc,2.1,mg
4727,Energy,102,cal
4727,Protein,4,g
4727,Carbohydrates,12.1,g
4727,Fiber,4.5,g
4727,Fat,4.5,g
4727,Cholesterol,0,mg
4727,Vitamin A,728,mcg
4727,Vitamin B1,0.1,mg
4727,Vitamin B2,0.1,mg
4727,Vitamin B3,0.5,mg
4727,Vitamin C,31.7,mg
4727,Folic Acid,23.4,mcg
4727,Calcium,56,mg
4727,Iron,1.3,mg
4727,Magnesium,0,mg
4727,Phosphorus,0,mg
4727,Sodium,580.5,mg
4727,Potassium,151.6,mg
4727,Zinc,0.3,mg
4728,Energy,102,cal
4728,Protein,4,g
4728,Carbohydrates,12.1,g
4728,Fiber,4.5,g
4728,Fat,4.5,g
4728,Cholesterol,0,mg
4728,Vitamin A,728,mcg
4728,Vitamin B1,0.1,mg
4728,Vitamin B2,0.1,mg
4728,Vitamin B3,0.5,mg
4728,Vitamin C,31.7,mg
4728,Folic Acid,23.4,mcg
4728,Calcium,56,mg
4728,Iron,1.3,mg
4728,Magnesium,0,mg
4728,Phosphorus,0,mg
4728,Sodium,580.5,mg
4728,Potassium,151.6,mg
4728,Zinc,0.3,mg
4729,Energy,238,cal
4729,Protein,3,g
4729,Carbohydrates,10.8,g
4729,Fiber,4.8,g
4729,Fat,20.3,g
4729,Cholesterol,0,mg
4729,Vitamin A,454,mcg
4729,Vitamin B1,0,mg
4729,Vitamin B2,0.1,mg
4729,Vitamin B3,0.5,mg
4729,Vitamin C,17.2,mg
4729,Folic Acid,13,mcg
4729,Calcium,43.4,mg
4729,Iron,1.1,mg
4729,Magnesium,0,mg
4729,Phosphorus,0,mg
4729,Sodium,16.5,mg
4729,Potassium,107.7,mg
4729,Zinc,0.3,mg
4730,Energy,207,cal
4730,Protein,6.1,g
4730,Carbohydrates,14.2,g
4730,Fiber,2.4,g
4730,Fat,11.9,g
4730,Cholesterol,32.6,mg
4730,Sodium,91.3,mg
4732,Energy,75,cal
4732,Protein,4.9,g
4732,Carbohydrates,12.6,g
4732,Fiber,6.4,g
4732,Fat,0.6,g
4732,Cholesterol,0,mg
4732,Sodium,61.6,mg
4733,Energy,200,cal
4733,Protein,5.4,g
4733,Carbohydrates,14.7,g
4733,Fiber,4.4,g
4733,Fat,12.2,g
4733,Cholesterol,8,mg
4733,Sodium,31,mg
4734,Energy,252,cal
4734,Protein,7.7,g
4734,Carbohydrates,25.3,g
4734,Fiber,3.8,g
4734,Fat,14,g
4734,Cholesterol,0,mg
4734,Vitamin A,1934.9,mcg
4734,Vitamin B1,-0.1,mg
4734,Vitamin B2,-0.1,mg
4734,Vitamin B3,1.5,mg
4734,Vitamin C,68.3,mg
4734,Folic Acid,23.5,mcg
4734,Calcium,223.9,mg
4734,Iron,1.5,mg
4734,Magnesium,0,mg
4734,Phosphorus,0,mg
4734,Sodium,123.5,mg
4734,Potassium,167,mg
4734,Zinc,0.8,mg
4735,Energy,25,cal
4735,Protein,2.1,g
4735,Carbohydrates,3.9,g
4735,Fiber,0.7,g
4735,Fat,0.1,g
4735,Cholesterol,0,mg
4735,Sodium,33,mg
4736,Energy,25,cal
4736,Protein,2.1,g
4736,Carbohydrates,3.9,g
4736,Fiber,0.7,g
4736,Fat,0.1,g
4736,Cholesterol,0,mg
4736,Sodium,33,mg
4737,Energy,25,cal
4737,Protein,2.1,g
4737,Carbohydrates,3.9,g
4737,Fiber,0.7,g
4737,Fat,0.1,g
4737,Cholesterol,0,mg
4737,Sodium,33,mg
4738,Energy,25,cal
4738,Protein,2.1,g
4738,Carbohydrates,3.9,g
4738,Fiber,0.7,g
4738,Fat,0.1,g
4738,Cholesterol,0,mg
4738,Sodium,33,mg
4739,Energy,42,cal
4739,Protein,0.7,g
4739,Carbohydrates,1.9,g
4739,Fiber,0,g
4739,Fat,4.5,g
4739,Cholesterol,0,mg
4739,Sodium,2,mg
4740,Energy,77,cal
4740,Protein,0,g
4740,Carbohydrates,19.1,g
4740,Fiber,0.1,g
4740,Fat,0,g
4740,Cholesterol,0,mg
4740,Sodium,0,mg
4741,Energy,77,cal
4741,Protein,0,g
4741,Carbohydrates,19.1,g
4741,Fiber,0.1,g
4741,Fat,0,g
4741,Cholesterol,0,mg
4741,Sodium,0,mg
4742,Energy,77,cal
4742,Protein,0,g
4742,Carbohydrates,19.1,g
4742,Fiber,0.1,g
4742,Fat,0,g
4742,Cholesterol,0,mg
4742,Sodium,0,mg
4743,Energy,69,cal
4743,Protein,0.8,g
4743,Carbohydrates,15.9,g
4743,Fiber,1.4,g
4743,Fat,0.3,g
4743,Cholesterol,0,mg
4743,Sodium,4,mg
4744,Energy,69,cal
4744,Protein,0.8,g
4744,Carbohydrates,15.9,g
4744,Fiber,1.4,g
4744,Fat,0.3,g
4744,Cholesterol,0,mg
4744,Sodium,4,mg
4745,Energy,69,cal
4745,Protein,0.8,g
4745,Carbohydrates,15.9,g
4745,Fiber,1.4,g
4745,Fat,0.3,g
4745,Cholesterol,0,mg
4745,Sodium,4,mg
4746,Energy,401,cal
4746,Protein,8.4,g
4746,Carbohydrates,64.3,g
4746,Fiber,7.2,g
4746,Fat,11.6,g
4746,Cholesterol,0,mg
4746,Vitamin A,250.7,mcg
4746,Vitamin B1,0.3,mg
4746,Vitamin B2,0.1,mg
4746,Vitamin B3,3,mg
4746,Vitamin C,46.4,mg
4746,Folic Acid,47.3,mcg
4746,Calcium,125.3,mg
4746,Iron,1.9,mg
4746,Magnesium,0,mg
4746,Phosphorus,0,mg
4746,Sodium,39.5,mg
4746,Potassium,683.9,mg
4746,Zinc,1.4,mg
4747,Energy,208,cal
4747,Protein,2.4,g
4747,Carbohydrates,17.5,g
4747,Fiber,1.1,g
4747,Fat,13.8,g
4747,Cholesterol,0,mg
4747,Vitamin A,187.8,mcg
4747,Vitamin B1,0.1,mg
4747,Vitamin B2,0,mg
4747,Vitamin B3,0.8,mg
4747,Vitamin C,12.6,mg
4747,Folic Acid,12.9,mcg
4747,Calcium,74.1,mg
4747,Iron,0.5,mg
4747,Magnesium,0,mg
4747,Phosphorus,0,mg
4747,Sodium,14.6,mg
4747,Potassium,201,mg
4747,Zinc,0.4,mg
4748,Energy,115,cal
4748,Protein,3.6,g
4748,Carbohydrates,22.6,g
4748,Fiber,0.1,g
4748,Fat,0.9,g
4748,Cholesterol,1.6,mg
4748,Sodium,4.6,mg
4749,Energy,115,cal
4749,Protein,3.6,g
4749,Carbohydrates,22.6,g
4749,Fiber,0.1,g
4749,Fat,0.9,g
4749,Cholesterol,1.6,mg
4749,Sodium,4.6,mg
4750,Energy,115,cal
4750,Protein,3.6,g
4750,Carbohydrates,22.6,g
4750,Fiber,0.1,g
4750,Fat,0.9,g
4750,Cholesterol,1.6,mg
4750,Sodium,4.6,mg
4752,Energy,347,cal
4752,Protein,7.8,g
4752,Carbohydrates,45.6,g
4752,Fiber,2.3,g
4752,Fat,19.4,g
4752,Cholesterol,14.2,mg
4752,Sodium,36.7,mg
4753,Energy,35,cal
4753,Protein,0.6,g
4753,Carbohydrates,4.1,g
4753,Fiber,0.3,g
4753,Fat,1.8,g
4753,Cholesterol,0,mg
4753,Vitamin A,63.3,mcg
4753,Vitamin B1,0,mg
4753,Vitamin B2,0,mg
4753,Vitamin B3,0.1,mg
4753,Vitamin C,5.3,mg
4753,Calcium,7.7,mg
4753,Iron,0.2,mg
4753,Folic Acid,2.9,mcg
4753,Sodium,1.4,mg
4753,Potassium,17.5,mg
4753,Zinc,0.1,mg
4754,Energy,35,cal
4754,Protein,0.6,g
4754,Carbohydrates,4.1,g
4754,Fiber,0.3,g
4754,Fat,1.8,g
4754,Cholesterol,0,mg
4754,Vitamin A,63.3,mcg
4754,Vitamin B1,0,mg
4754,Vitamin B2,0,mg
4754,Vitamin B3,0.1,mg
4754,Vitamin C,5.3,mg
4754,Calcium,7.7,mg
4754,Iron,0.2,mg
4754,Folic Acid,2.9,mcg
4754,Sodium,1.4,mg
4754,Potassium,17.5,mg
4754,Zinc,0.1,mg
4755,Energy,111,cal
4755,Protein,5.2,g
4755,Carbohydrates,10.8,g
4755,Fiber,1.6,g
4755,Fat,6,g
4755,Cholesterol,0,mg
4755,Vitamin A,1352.4,mcg
4755,Vitamin B1,0,mg
4755,Vitamin B2,-0.1,mg
4755,Vitamin B3,0.1,mg
4755,Vitamin C,40.3,mg
4755,Folic Acid,30.8,mcg
4755,Calcium,126,mg
4755,Iron,0.6,mg
4755,Magnesium,0,mg
4755,Phosphorus,0,mg
4755,Sodium,272.1,mg
4755,Potassium,104,mg
4755,Zinc,0.3,mg
4756,Energy,106,cal
4756,Protein,3.2,g
4756,Carbohydrates,10.5,g
4756,Fiber,1.3,g
4756,Fat,4.2,g
4756,Cholesterol,10,mg
4756,Sodium,21.6,mg
4757,Energy,106,cal
4757,Protein,3.2,g
4757,Carbohydrates,10.5,g
4757,Fiber,1.3,g
4757,Fat,4.2,g
4757,Cholesterol,10,mg
4757,Sodium,21.6,mg
4758,Energy,106,cal
4758,Protein,3.2,g
4758,Carbohydrates,10.5,g
4758,Fiber,1.3,g
4758,Fat,4.2,g
4758,Cholesterol,10,mg
4758,Sodium,21.6,mg
4759,Energy,23,cal
4759,Protein,1.1,g
4759,Carbohydrates,3.3,g
4759,Fiber,0.8,g
4759,Fat,0.5,g
4759,Cholesterol,0.1,mg
4759,Sodium,3.3,mg
4760,Energy,104,cal
4760,Protein,1.8,g
4760,Carbohydrates,12.2,g
4760,Fiber,1.8,g
4760,Fat,5.3,g
4760,Cholesterol,0,mg
4760,Sodium,4.2,mg
4761,Energy,104,cal
4761,Protein,1.8,g
4761,Carbohydrates,12.2,g
4761,Fiber,1.8,g
4761,Fat,5.3,g
4761,Cholesterol,0,mg
4761,Sodium,4.2,mg
4762,Energy,104,cal
4762,Protein,1.8,g
4762,Carbohydrates,12.2,g
4762,Fiber,1.8,g
4762,Fat,5.3,g
4762,Cholesterol,0,mg
4762,Sodium,4.2,mg
4763,Energy,238,cal
4763,Protein,8.4,g
4763,Carbohydrates,16.6,g
4763,Fiber,3.4,g
4763,Fat,13.6,g
4763,Cholesterol,12,mg
4763,Sodium,29.3,mg
4764,Energy,55,cal
4764,Protein,2.1,g
4764,Carbohydrates,2.6,g
4764,Fiber,1.5,g
4764,Fat,4,g
4764,Cholesterol,0,mg
4764,Sodium,14.5,mg
4765,Energy,126,cal
4765,Protein,1.1,g
4765,Carbohydrates,12.3,g
4765,Fiber,1.4,g
4765,Fat,8.1,g
4765,Cholesterol,0,mg
4765,Sodium,3.8,mg
4766,Energy,123,cal
4766,Protein,6.4,g
4766,Carbohydrates,16.2,g
4766,Fiber,2.9,g
4766,Fat,3.6,g
4766,Cholesterol,0,mg
4766,Sodium,18.2,mg
4767,Energy,280,cal
4767,Protein,11,g
4767,Carbohydrates,26,g
4767,Fiber,4.9,g
4767,Fat,14.7,g
4767,Cholesterol,0,mg
4767,Vitamin A,239.1,mcg
4767,Vitamin B1,0.2,mg
4767,Vitamin B2,0.1,mg
4767,Vitamin B3,1.2,mg
4767,Vitamin C,7.2,mg
4767,Folic Acid,29.4,mcg
4767,Calcium,18.8,mg
4767,Iron,46.9,mg
4767,Magnesium,0,mg
4767,Phosphorus,0,mg
4767,Sodium,447.8,mg
4767,Potassium,46.7,mg
4767,Zinc,0.3,mg
4768,Energy,81,cal
4768,Protein,4.8,g
4768,Carbohydrates,12.1,g
4768,Fiber,2.1,g
4768,Fat,1.5,g
4768,Cholesterol,0,mg
4768,Sodium,206.2,mg
4769,Energy,81,cal
4769,Protein,4.8,g
4769,Carbohydrates,12.1,g
4769,Fiber,2.1,g
4769,Fat,1.5,g
4769,Cholesterol,0,mg
4769,Sodium,206.2,mg
4770,Energy,194,cal
4770,Protein,6.9,g
4770,Carbohydrates,27.7,g
4770,Fiber,5.9,g
4770,Fat,6,g
4770,Cholesterol,1.2,mg
4770,Sodium,30.1,mg
4771,Energy,194,cal
4771,Protein,6.9,g
4771,Carbohydrates,27.7,g
4771,Fiber,5.9,g
4771,Fat,6,g
4771,Cholesterol,1.2,mg
4771,Sodium,30.1,mg
4772,Energy,194,cal
4772,Protein,6.9,g
4772,Carbohydrates,27.7,g
4772,Fiber,5.9,g
4772,Fat,6,g
4772,Cholesterol,1.2,mg
4772,Sodium,30.1,mg
4773,Energy,60,cal
4773,Protein,1.1,g
4773,Carbohydrates,8,g
4773,Fiber,1.2,g
4773,Fat,2.7,g
4773,Cholesterol,0,mg
4773,Sodium,5,mg
4774,Energy,85,cal
4774,Protein,1.3,g
4774,Carbohydrates,5.9,g
4774,Fiber,2.6,g
4774,Fat,6.1,g
4774,Cholesterol,1.2,mg
4774,Sodium,37.7,mg
4775,Energy,253,cal
4775,Protein,7.6,g
4775,Carbohydrates,18.2,g
4775,Fiber,5.1,g
4775,Fat,16.7,g
4775,Cholesterol,0,mg
4775,Sodium,26.4,mg
4776,Energy,86,cal
4776,Protein,2.5,g
4776,Carbohydrates,13.1,g
4776,Fiber,2.2,g
4776,Fat,2.8,g
4776,Cholesterol,1.1,mg
4776,Sodium,6.5,mg
4777,Energy,450,cal
4777,Protein,4.7,g
4777,Carbohydrates,48.1,g
4777,Fiber,1.1,g
4777,Fat,25.7,g
4777,Cholesterol,5.3,mg
4777,Sodium,10,mg
4778,Energy,450,cal
4778,Protein,4.7,g
4778,Carbohydrates,48.1,g
4778,Fiber,1.1,g
4778,Fat,25.7,g
4778,Cholesterol,5.3,mg
4778,Sodium,10,mg
4779,Energy,226,cal
4779,Protein,13.1,g
4779,Carbohydrates,41.5,g
4779,Fiber,9,g
4779,Fat,0.8,g
4779,Cholesterol,0,mg
4779,Sodium,159.9,mg
4780,Energy,167,cal
4780,Protein,9.7,g
4780,Carbohydrates,23.5,g
4780,Fiber,5.8,g
4780,Fat,2.9,g
4780,Cholesterol,6,mg
4780,Sodium,20.3,mg
4781,Energy,30,cal
4781,Protein,1.6,g
4781,Carbohydrates,3.8,g
4781,Fiber,0.5,g
4781,Fat,0.9,g
4781,Cholesterol,0,mg
4781,Sodium,1.7,mg
4782,Energy,30,cal
4782,Protein,1.6,g
4782,Carbohydrates,3.8,g
4782,Fiber,0.5,g
4782,Fat,0.9,g
4782,Cholesterol,0,mg
4782,Sodium,1.7,mg
4783,Energy,154,kcal
4783,Protein,12.6,gm
4783,Carbohydrate,22.8,gm
4783,Fat,3.6,gm
4783,Vitamin A,807.5,mcg
4783,Calcium,357.3,mg
4784,Energy,139,cal
4784,Protein,6.2,g
4784,Carbohydrates,20,g
4784,Fiber,2.9,g
4784,Fat,3.8,g
4784,Cholesterol,0,mg
4784,Sodium,6.8,mg
4785,Energy,151,cal
4785,Protein,7.2,g
4785,Carbohydrates,13.4,g
4785,Fiber,1.6,g
4785,Fat,7.6,g
4785,Cholesterol,0,mg
4785,Sodium,5.2,mg
4786,Energy,151,cal
4786,Protein,7.2,g
4786,Carbohydrates,13.4,g
4786,Fiber,1.6,g
4786,Fat,7.6,g
4786,Cholesterol,0,mg
4786,Sodium,5.2,mg
4787,Energy,274,cal
4787,Protein,12.3,g
4787,Carbohydrates,54.8,g
4787,Fiber,5.1,g
4787,Fat,0.7,g
4787,Cholesterol,0,mg
4787,Vitamin A,60.6,mcg
4787,Vitamin B1,0.2,mg
4787,Vitamin B2,0.1,mg
4787,Vitamin B3,1.7,mg
4787,Vitamin C,6.3,mg
4787,Folic Acid,33.6,mcg
4787,Calcium,13.9,mg
4787,Iron,46.9,mg
4787,Magnesium,0,mg
4787,Phosphorus,0,mg
4787,Sodium,437.6,mg
4787,Potassium,36.9,mg
4787,Zinc,0.6,mg
4788,Energy,26,cal
4788,Protein,1.8,g
4788,Carbohydrates,4.2,g
4788,Fiber,0.8,g
4788,Fat,0.2,g
4788,Cholesterol,0,mg
4788,Sodium,8.6,mg
4789,Energy,120,cal
4789,Protein,8.3,g
4789,Carbohydrates,20.4,g
4789,Fiber,3,g
4789,Fat,0.6,g
4789,Cholesterol,0,mg
4789,Sodium,30.3,mg
4790,Energy,73,cal
4790,Protein,5.1,g
4790,Carbohydrates,12.5,g
4790,Fiber,2,g
4790,Fat,0.3,g
4790,Cholesterol,0,mg
4790,Sodium,7.7,mg
4791,Energy,73,cal
4791,Protein,5.1,g
4791,Carbohydrates,12.5,g
4791,Fiber,2,g
4791,Fat,0.3,g
4791,Cholesterol,0,mg
4791,Sodium,7.7,mg
4792,Energy,73,cal
4792,Protein,5.1,g
4792,Carbohydrates,12.5,g
4792,Fiber,2,g
4792,Fat,0.3,g
4792,Cholesterol,0,mg
4792,Sodium,7.7,mg
4793,Energy,73,cal
4793,Protein,5.1,g
4793,Carbohydrates,12.5,g
4793,Fiber,2,g
4793,Fat,0.3,g
4793,Cholesterol,0,mg
4793,Sodium,7.7,mg
4794,Energy,543,cal
4794,Protein,9.4,g
4794,Carbohydrates,48.7,g
4794,Fiber,2.9,g
4794,Fat,34.5,g
4794,Cholesterol,0,mg
4794,Vitamin A,416.9,mcg
4794,Vitamin B1,0.3,mg
4794,Vitamin B2,0.1,mg
4794,Vitamin B3,2,mg
4794,Vitamin C,6.4,mg
4794,Folic Acid,26.3,mcg
4794,Calcium,63.8,mg
4794,Iron,25.1,mg
4794,Magnesium,0,mg
4794,Phosphorus,0,mg
4794,Sodium,226.1,mg
4794,Potassium,141.1,mg
4794,Zinc,1.1,mg
4795,Energy,543,cal
4795,Protein,9.4,g
4795,Carbohydrates,48.7,g
4795,Fiber,2.9,g
4795,Fat,34.5,g
4795,Cholesterol,0,mg
4795,Vitamin A,416.9,mcg
4795,Vitamin B1,0.3,mg
4795,Vitamin B2,0.1,mg
4795,Vitamin B3,2,mg
4795,Vitamin C,6.4,mg
4795,Folic Acid,26.3,mcg
4795,Calcium,63.8,mg
4795,Iron,25.1,mg
4795,Magnesium,0,mg
4795,Phosphorus,0,mg
4795,Sodium,226.1,mg
4795,Potassium,141.1,mg
4795,Zinc,1.1,mg
4796,Energy,180,cal
4796,Protein,6.8,g
4796,Carbohydrates,18.4,g
4796,Fiber,2.5,g
4796,Fat,8.6,g
4796,Cholesterol,1.2,mg
4796,Sodium,10.5,mg
4797,Energy,163,cal
4797,Protein,11.3,g
4797,Carbohydrates,28,g
4797,Fiber,4.2,g
4797,Fat,0.7,g
4797,Cholesterol,0,mg
4797,Sodium,17.6,mg
4798,Energy,137,cal
4798,Protein,4.3,g
4798,Carbohydrates,18.1,g
4798,Fiber,1.2,g
4798,Fat,5.2,g
4798,Cholesterol,0,mg
4798,Sodium,4.3,mg
4799,Energy,110,cal
4799,Protein,4.3,g
4799,Carbohydrates,18.1,g
4799,Fiber,1.2,g
4799,Fat,2.2,g
4799,Cholesterol,0,mg
4799,Sodium,4.3,mg
4800,Energy,212,cal
4800,Protein,3.9,g
4800,Carbohydrates,27.7,g
4800,Fiber,1,g
4800,Fat,9.1,g
4800,Cholesterol,2.9,mg
4800,Sodium,6.8,mg
4801,Energy,64,cal
4801,Protein,1.2,g
4801,Carbohydrates,6.9,g
4801,Fiber,0.7,g
4801,Fat,3.3,g
4801,Cholesterol,0,mg
4801,Vitamin A,346.6,mcg
4801,Vitamin B1,0,mg
4801,Vitamin B2,0,mg
4801,Vitamin B3,0.2,mg
4801,Vitamin C,2.4,mg
4801,Folic Acid,2.4,mcg
4801,Calcium,35.7,mg
4801,Iron,0.3,mg
4801,Magnesium,0,mg
4801,Phosphorus,0,mg
4801,Sodium,7.5,mg
4801,Potassium,30.3,mg
4801,Zinc,0.1,mg
4802,Energy,141,cal
4802,Protein,7.4,g
4802,Carbohydrates,19.6,g
4802,Fiber,2.8,g
4802,Fat,3.6,g
4802,Cholesterol,0,mg
4802,Sodium,10.9,mg
4803,Energy,141,cal
4803,Protein,7.4,g
4803,Carbohydrates,19.6,g
4803,Fiber,2.8,g
4803,Fat,3.6,g
4803,Cholesterol,0,mg
4803,Sodium,10.9,mg
4804,Energy,141,cal
4804,Protein,7.4,g
4804,Carbohydrates,19.6,g
4804,Fiber,2.8,g
4804,Fat,3.6,g
4804,Cholesterol,0,mg
4804,Sodium,10.9,mg
4805,Energy,141,cal
4805,Protein,7.4,g
4805,Carbohydrates,19.6,g
4805,Fiber,2.8,g
4805,Fat,3.6,g
4805,Cholesterol,0,mg
4805,Sodium,10.9,mg
4806,Energy,234,cal
4806,Protein,12,g
4806,Carbohydrates,26.6,g
4806,Fiber,3.4,g
4806,Fat,7.7,g
4806,Cholesterol,8,mg
4806,Sodium,20.4,mg
4807,Energy,268,cal
4807,Protein,12,g
4807,Carbohydrates,26.6,g
4807,Fiber,3.4,g
4807,Fat,11.4,g
4807,Cholesterol,8,mg
4807,Sodium,20.4,mg
4808,Energy,149,cal
4808,Protein,5.8,g
4808,Carbohydrates,24.7,g
4808,Fiber,2.2,g
4808,Fat,3,g
4808,Cholesterol,0,mg
4808,Sodium,6.3,mg
4809,Energy,149,cal
4809,Protein,5.8,g
4809,Carbohydrates,24.7,g
4809,Fiber,2.2,g
4809,Fat,3,g
4809,Cholesterol,0,mg
4809,Sodium,6.3,mg
4810,Energy,100,cal
4810,Protein,5.5,g
4810,Carbohydrates,18.8,g
4810,Fiber,3.3,g
4810,Fat,0.4,g
4810,Cholesterol,0,mg
4810,Sodium,10.8,mg
4812,Energy,20,cal
4812,Protein,0.7,g
4812,Carbohydrates,3.1,g
4812,Fiber,0.5,g
4812,Fat,0.6,g
4812,Cholesterol,0,mg
4812,Sodium,1.1,mg
4814,Energy,45,cal
4814,Protein,3.2,g
4814,Carbohydrates,7.7,g
4814,Fiber,1.1,g
4814,Fat,0.2,g
4814,Cholesterol,0,mg
4814,Sodium,5.7,mg
4815,Energy,45,cal
4815,Protein,3.2,g
4815,Carbohydrates,7.7,g
4815,Fiber,1.1,g
4815,Fat,0.2,g
4815,Cholesterol,0,mg
4815,Sodium,5.7,mg
4816,Energy,45,cal
4816,Protein,3.2,g
4816,Carbohydrates,7.7,g
4816,Fiber,1.1,g
4816,Fat,0.2,g
4816,Cholesterol,0,mg
4816,Sodium,5.7,mg
4817,Energy,45,cal
4817,Protein,3.2,g
4817,Carbohydrates,7.7,g
4817,Fiber,1.1,g
4817,Fat,0.2,g
4817,Cholesterol,0,mg
4817,Sodium,5.7,mg
4818,Energy,112,cal
4818,Protein,3.8,g
4818,Carbohydrates,16.3,g
4818,Fiber,2.8,g
4818,Fat,3.8,g
4818,Cholesterol,0,mg
4818,Sodium,5.7,mg
4819,Energy,112,cal
4819,Protein,3.8,g
4819,Carbohydrates,16.3,g
4819,Fiber,2.8,g
4819,Fat,3.8,g
4819,Cholesterol,0,mg
4819,Sodium,5.7,mg
4820,Energy,335,cal
4820,Protein,4,g
4820,Carbohydrates,47.6,g
4820,Fiber,1.3,g
4820,Fat,14.1,g
4820,Cholesterol,0,mg
4820,Sodium,4.2,mg
4821,Energy,335,cal
4821,Protein,4,g
4821,Carbohydrates,47.6,g
4821,Fiber,1.3,g
4821,Fat,14.1,g
4821,Cholesterol,0,mg
4821,Sodium,4.2,mg
4822,Energy,186,cal
4822,Protein,9.9,g
4822,Carbohydrates,29.9,g
4822,Fiber,3.7,g
4822,Fat,3,g
4822,Cholesterol,0,mg
4822,Vitamin A,150.6,mcg
4822,Vitamin B1,0.2,mg
4822,Vitamin B2,0.1,mg
4822,Vitamin B3,1.3,mg
4822,Vitamin C,7.8,mg
4822,Folic Acid,58.2,mcg
4822,Calcium,40.7,mg
4822,Iron,1.7,mg
4822,Magnesium,0,mg
4822,Phosphorus,0,mg
4822,Sodium,14.5,mg
4822,Potassium,519.2,mg
4822,Zinc,1.3,mg
4823,Energy,113,cal
4823,Protein,5.2,g
4823,Carbohydrates,17.9,g
4823,Fiber,2.1,g
4823,Fat,2.3,g
4823,Cholesterol,0,mg
4823,Vitamin A,147.2,mcg
4823,Vitamin B1,0.1,mg
4823,Vitamin B2,0,mg
4823,Vitamin B3,0.8,mg
4823,Vitamin C,6.1,mg
4823,Folic Acid,19,mcg
4823,Calcium,8.1,mg
4823,Iron,23.4,mg
4823,Magnesium,0,mg
4823,Phosphorus,0,mg
4823,Sodium,242.6,mg
4823,Potassium,74.4,mg
4823,Zinc,0.2,mg
4825,Energy,492,cal
4825,Protein,7.6,g
4825,Carbohydrates,55.3,g
4825,Fiber,2.1,g
4825,Fat,25.8,g
4825,Cholesterol,5.3,mg
4825,Sodium,13.2,mg
4826,Energy,563,cal
4826,Protein,8.7,g
4826,Carbohydrates,48.2,g
4826,Fiber,2.2,g
4826,Fat,36.4,g
4826,Cholesterol,5.3,mg
4826,Sodium,13.2,mg
4827,Energy,94,cal
4827,Protein,6.2,g
4827,Carbohydrates,16.5,g
4827,Fiber,2.4,g
4827,Fat,0.4,g
4827,Cholesterol,0,mg
4827,Sodium,9.8,mg
4828,Energy,97,cal
4828,Protein,4.8,g
4828,Carbohydrates,18.6,g
4828,Fiber,1.3,g
4828,Fat,0.4,g
4828,Cholesterol,0,mg
4828,Sodium,4.9,mg
4829,Energy,77,cal
4829,Protein,0.6,g
4829,Carbohydrates,4.4,g
4829,Fiber,0.6,g
4829,Fat,6.3,g
4829,Cholesterol,0,mg
4829,Sodium,4.3,mg
4830,Energy,77,cal
4830,Protein,0.6,g
4830,Carbohydrates,4.4,g
4830,Fiber,0.6,g
4830,Fat,6.3,g
4830,Cholesterol,0,mg
4830,Sodium,4.3,mg
4831,Energy,77,cal
4831,Protein,0.6,g
4831,Carbohydrates,4.4,g
4831,Fiber,0.6,g
4831,Fat,6.3,g
4831,Cholesterol,0,mg
4831,Sodium,4.3,mg
4832,Energy,132,cal
4832,Protein,7.2,g
4832,Carbohydrates,19.1,g
4832,Fiber,3,g
4832,Fat,3,g
4832,Cholesterol,0,mg
4832,Sodium,18,mg
4833,Energy,63,cal
4833,Protein,3.6,g
4833,Carbohydrates,8.9,g
4833,Fiber,2.6,g
4833,Fat,1.5,g
4833,Cholesterol,0,mg
4833,Sodium,5,mg
4834,Energy,63,cal
4834,Protein,3.6,g
4834,Carbohydrates,8.9,g
4834,Fiber,2.6,g
4834,Fat,1.5,g
4834,Cholesterol,0,mg
4834,Sodium,5,mg
4835,Energy,63,cal
4835,Protein,3.6,g
4835,Carbohydrates,8.9,g
4835,Fiber,2.6,g
4835,Fat,1.5,g
4835,Cholesterol,0,mg
4835,Sodium,5,mg
4836,Energy,73,cal
4836,Protein,2.7,g
4836,Carbohydrates,9,g
4836,Fiber,2.1,g
4836,Fat,2.9,g
4836,Cholesterol,0,mg
4836,Sodium,3.5,mg
4837,Energy,319,cal
4837,Protein,14,g
4837,Carbohydrates,41.9,g
4837,Fiber,9.1,g
4837,Fat,9.5,g
4837,Cholesterol,8,mg
4837,Sodium,31.7,mg
4838,Energy,130,cal
4838,Protein,6.9,g
4838,Carbohydrates,19.2,g
4838,Fiber,4.8,g
4838,Fat,2.9,g
4838,Cholesterol,0,mg
4838,Vitamin A,69.5,mcg
4838,Vitamin B1,0.1,mg
4838,Vitamin B2,0.1,mg
4838,Vitamin B3,0.7,mg
4838,Vitamin C,1,mg
4838,Folic Acid,1.9,mcg
4838,Calcium,37.8,mg
4838,Iron,1.4,mg
4838,Magnesium,0,mg
4838,Phosphorus,0,mg
4838,Sodium,7.6,mg
4838,Potassium,232.1,mg
4838,Zinc,0.9,mg
4839,Energy,130,cal
4839,Protein,6.9,g
4839,Carbohydrates,19.2,g
4839,Fiber,4.8,g
4839,Fat,2.9,g
4839,Cholesterol,0,mg
4839,Vitamin A,69.5,mcg
4839,Vitamin B1,0.1,mg
4839,Vitamin B2,0.1,mg
4839,Vitamin B3,0.7,mg
4839,Vitamin C,1,mg
4839,Folic Acid,1.9,mcg
4839,Calcium,37.8,mg
4839,Iron,1.4,mg
4839,Magnesium,0,mg
4839,Phosphorus,0,mg
4839,Sodium,7.6,mg
4839,Potassium,232.1,mg
4839,Zinc,0.9,mg
4840,Energy,130,cal
4840,Protein,6.9,g
4840,Carbohydrates,19.2,g
4840,Fiber,4.8,g
4840,Fat,2.9,g
4840,Cholesterol,0,mg
4840,Vitamin A,69.5,mcg
4840,Vitamin B1,0.1,mg
4840,Vitamin B2,0.1,mg
4840,Vitamin B3,0.7,mg
4840,Vitamin C,1,mg
4840,Folic Acid,1.9,mcg
4840,Calcium,37.8,mg
4840,Iron,1.4,mg
4840,Magnesium,0,mg
4840,Phosphorus,0,mg
4840,Sodium,7.6,mg
4840,Potassium,232.1,mg
4840,Zinc,0.9,mg
4841,Energy,130,cal
4841,Protein,6.9,g
4841,Carbohydrates,19.2,g
4841,Fiber,4.8,g
4841,Fat,2.9,g
4841,Cholesterol,0,mg
4841,Vitamin A,69.5,mcg
4841,Vitamin B1,0.1,mg
4841,Vitamin B2,0.1,mg
4841,Vitamin B3,0.7,mg
4841,Vitamin C,1,mg
4841,Folic Acid,1.9,mcg
4841,Calcium,37.8,mg
4841,Iron,1.4,mg
4841,Magnesium,0,mg
4841,Phosphorus,0,mg
4841,Sodium,7.6,mg
4841,Potassium,232.1,mg
4841,Zinc,0.9,mg
4842,Energy,130,cal
4842,Protein,6.9,g
4842,Carbohydrates,19.2,g
4842,Fiber,4.8,g
4842,Fat,2.9,g
4842,Cholesterol,0,mg
4842,Vitamin A,69.5,mcg
4842,Vitamin B1,0.1,mg
4842,Vitamin B2,0.1,mg
4842,Vitamin B3,0.7,mg
4842,Vitamin C,1,mg
4842,Folic Acid,1.9,mcg
4842,Calcium,37.8,mg
4842,Iron,1.4,mg
4842,Magnesium,0,mg
4842,Phosphorus,0,mg
4842,Sodium,7.6,mg
4842,Potassium,232.1,mg
4842,Zinc,0.9,mg
4843,Energy,51,cal
4843,Protein,2.9,g
4843,Carbohydrates,8.9,g
4843,Fiber,1.9,g
4843,Fat,0.4,g
4843,Cholesterol,0,mg
4843,Sodium,5.3,mg
4845,Energy,89,cal
4845,Protein,4.4,g
4845,Carbohydrates,11.5,g
4845,Fiber,3.1,g
4845,Fat,2.9,g
4845,Cholesterol,0,mg
4845,Sodium,8.2,mg
4846,Energy,236,cal
4846,Protein,5.2,g
4846,Carbohydrates,33.4,g
4846,Fiber,4,g
4846,Fat,9.1,g
4846,Cholesterol,0,mg
4846,Sodium,7.4,mg
4847,Energy,236,cal
4847,Protein,5.2,g
4847,Carbohydrates,33.4,g
4847,Fiber,4,g
4847,Fat,9.1,g
4847,Cholesterol,0,mg
4847,Sodium,7.4,mg
4848,Energy,236,cal
4848,Protein,5.2,g
4848,Carbohydrates,33.4,g
4848,Fiber,4,g
4848,Fat,9.1,g
4848,Cholesterol,0,mg
4848,Sodium,7.4,mg
4849,Energy,96,cal
4849,Protein,0.6,g
4849,Carbohydrates,5.7,g
4849,Fiber,0.6,g
4849,Fat,7.9,g
4849,Cholesterol,0,mg
4849,Vitamin A,125.3,mcg
4849,Vitamin B1,0,mg
4849,Vitamin B2,0,mg
4849,Vitamin B3,0.4,mg
4849,Vitamin C,5.9,mg
4849,Folic Acid,4,mcg
4849,Calcium,12.9,mg
4849,Iron,0.2,mg
4849,Magnesium,0,mg
4849,Phosphorus,0,mg
4849,Sodium,3,mg
4849,Potassium,65.5,mg
4849,Zinc,0.2,mg
4850,Energy,153,cal
4850,Protein,3.7,g
4850,Carbohydrates,5.2,g
4850,Fiber,1,g
4850,Fat,11.2,g
4850,Cholesterol,12,mg
4850,Sodium,14.6,mg
4851,Energy,117,cal
4851,Protein,4.3,g
4851,Carbohydrates,5,g
4851,Fiber,0,g
4851,Fat,6.5,g
4851,Cholesterol,16,mg
4851,Sodium,277.4,mg
4852,Energy,100,cal
4852,Protein,0.8,g
4852,Carbohydrates,3.7,g
4852,Fiber,2.6,g
4852,Fat,9,g
4852,Cholesterol,0,mg
4852,Vitamin A,138.3,mcg
4852,Vitamin B1,0,mg
4852,Vitamin B2,0,mg
4852,Vitamin B3,0.2,mg
4852,Vitamin C,2.2,mg
4852,Folic Acid,1.7,mcg
4852,Calcium,13.1,mg
4852,Iron,0.4,mg
4852,Magnesium,0,mg
4852,Phosphorus,0,mg
4852,Sodium,1.7,mg
4852,Potassium,38.9,mg
4852,Zinc,0.1,mg
4853,Energy,139,cal
4853,Protein,2.6,g
4853,Carbohydrates,22.5,g
4853,Fiber,1,g
4853,Fat,4.2,g
4853,Cholesterol,0.6,mg
4853,Sodium,4.5,mg
4854,Energy,139,cal
4854,Protein,2.6,g
4854,Carbohydrates,22.5,g
4854,Fiber,1,g
4854,Fat,4.2,g
4854,Cholesterol,0.6,mg
4854,Sodium,4.5,mg
4855,Energy,139,cal
4855,Protein,2.6,g
4855,Carbohydrates,22.5,g
4855,Fiber,1,g
4855,Fat,4.2,g
4855,Cholesterol,0.6,mg
4855,Sodium,4.5,mg
4856,Energy,139,cal
4856,Protein,2.6,g
4856,Carbohydrates,22.5,g
4856,Fiber,1,g
4856,Fat,4.2,g
4856,Cholesterol,0.6,mg
4856,Sodium,4.5,mg
4857,Energy,179,cal
4857,Protein,5.6,g
4857,Carbohydrates,23.7,g
4857,Fiber,1.2,g
4857,Fat,7.2,g
4857,Cholesterol,10.5,mg
4857,Vitamin A,652.2,mcg
4857,Vitamin B1,0,mg
4857,Vitamin B2,0,mg
4857,Vitamin B3,0.6,mg
4857,Vitamin C,14.6,mg
4857,Folic Acid,7.6,mcg
4857,Calcium,78.5,mg
4857,Iron,1.2,mg
4857,Magnesium,0,mg
4857,Phosphorus,0,mg
4857,Sodium,126.3,mg
4857,Potassium,87.2,mg
4857,Zinc,0.5,mg
4858,Energy,200,cal
4858,Protein,8.2,g
4858,Carbohydrates,18.4,g
4858,Fiber,0.8,g
4858,Fat,10.3,g
4858,Cholesterol,11,mg
4858,Sodium,321.5,mg
4859,Energy,200,cal
4859,Protein,8.2,g
4859,Carbohydrates,18.4,g
4859,Fiber,0.8,g
4859,Fat,10.3,g
4859,Cholesterol,11,mg
4859,Sodium,321.5,mg
4860,Energy,141,cal
4860,Protein,4.6,g
4860,Carbohydrates,17.5,g
4860,Fiber,2.2,g
4860,Fat,5.9,g
4860,Cholesterol,0,mg
4860,Sodium,0.7,mg
4861,Energy,43,cal
4861,Protein,0.8,g
4861,Carbohydrates,8.9,g
4861,Fiber,0.7,g
4861,Fat,0.5,g
4861,Cholesterol,0,mg
4861,Sodium,0,mg
4862,Energy,43,cal
4862,Protein,0.8,g
4862,Carbohydrates,8.9,g
4862,Fiber,0.7,g
4862,Fat,0.5,g
4862,Cholesterol,0,mg
4862,Sodium,0,mg
4863,Energy,43,cal
4863,Protein,0.8,g
4863,Carbohydrates,8.9,g
4863,Fiber,0.7,g
4863,Fat,0.5,g
4863,Cholesterol,0,mg
4863,Sodium,0,mg
4864,Energy,43,cal
4864,Protein,0.8,g
4864,Carbohydrates,8.9,g
4864,Fiber,0.7,g
4864,Fat,0.5,g
4864,Cholesterol,0,mg
4864,Sodium,0,mg
4865,Energy,239,cal
4865,Protein,6.1,g
4865,Carbohydrates,28.9,g
4865,Fiber,1.9,g
4865,Fat,11.3,g
4865,Cholesterol,0,mg
4865,Sodium,2.6,mg
4866,Energy,241,cal
4866,Protein,7.5,g
4866,Carbohydrates,48.2,g
4866,Fiber,3.2,g
4866,Fat,2,g
4866,Cholesterol,0,mg
4866,Sodium,162.9,mg
4867,Energy,465,cal
4867,Protein,12.4,g
4867,Carbohydrates,38.4,g
4867,Fiber,5,g
4867,Fat,24.6,g
4867,Cholesterol,15.5,mg
4867,Sodium,721.1,mg
4868,Energy,111,cal
4868,Protein,2.7,g
4868,Carbohydrates,8.7,g
4868,Fiber,2.8,g
4868,Fat,7.1,g
4868,Cholesterol,0,mg
4868,Vitamin A,96.1,mcg
4868,Vitamin B1,0,mg
4868,Vitamin B2,0,mg
4868,Vitamin B3,0.5,mg
4868,Vitamin C,21,mg
4868,Folic Acid,4.9,mcg
4868,Calcium,37.3,mg
4868,Iron,0.8,mg
4868,Magnesium,0,mg
4868,Phosphorus,0,mg
4868,Sodium,19.4,mg
4868,Potassium,108.2,mg
4868,Zinc,0.2,mg
4869,Energy,111,cal
4869,Protein,2.7,g
4869,Carbohydrates,8.7,g
4869,Fiber,2.8,g
4869,Fat,7.1,g
4869,Cholesterol,0,mg
4869,Vitamin A,96.1,mcg
4869,Vitamin B1,0,mg
4869,Vitamin B2,0,mg
4869,Vitamin B3,0.5,mg
4869,Vitamin C,21,mg
4869,Folic Acid,4.9,mcg
4869,Calcium,37.3,mg
4869,Iron,0.8,mg
4869,Magnesium,0,mg
4869,Phosphorus,0,mg
4869,Sodium,19.4,mg
4869,Potassium,108.2,mg
4869,Zinc,0.2,mg
4870,Energy,111,cal
4870,Protein,2.7,g
4870,Carbohydrates,8.7,g
4870,Fiber,2.8,g
4870,Fat,7.1,g
4870,Cholesterol,0,mg
4870,Vitamin A,96.1,mcg
4870,Vitamin B1,0,mg
4870,Vitamin B2,0,mg
4870,Vitamin B3,0.5,mg
4870,Vitamin C,21,mg
4870,Folic Acid,4.9,mcg
4870,Calcium,37.3,mg
4870,Iron,0.8,mg
4870,Magnesium,0,mg
4870,Phosphorus,0,mg
4870,Sodium,19.4,mg
4870,Potassium,108.2,mg
4870,Zinc,0.2,mg
4871,Energy,111,cal
4871,Protein,2.7,g
4871,Carbohydrates,8.7,g
4871,Fiber,2.8,g
4871,Fat,7.1,g
4871,Cholesterol,0,mg
4871,Vitamin A,96.1,mcg
4871,Vitamin B1,0,mg
4871,Vitamin B2,0,mg
4871,Vitamin B3,0.5,mg
4871,Vitamin C,21,mg
4871,Folic Acid,4.9,mcg
4871,Calcium,37.3,mg
4871,Iron,0.8,mg
4871,Magnesium,0,mg
4871,Phosphorus,0,mg
4871,Sodium,19.4,mg
4871,Potassium,108.2,mg
4871,Zinc,0.2,mg
4872,Energy,111,cal
4872,Protein,2.7,g
4872,Carbohydrates,8.7,g
4872,Fiber,2.8,g
4872,Fat,7.1,g
4872,Cholesterol,0,mg
4872,Vitamin A,96.1,mcg
4872,Vitamin B1,0,mg
4872,Vitamin B2,0,mg
4872,Vitamin B3,0.5,mg
4872,Vitamin C,21,mg
4872,Folic Acid,4.9,mcg
4872,Calcium,37.3,mg
4872,Iron,0.8,mg
4872,Magnesium,0,mg
4872,Phosphorus,0,mg
4872,Sodium,19.4,mg
4872,Potassium,108.2,mg
4872,Zinc,0.2,mg
4873,Energy,113,cal
4873,Protein,1.6,g
4873,Carbohydrates,4.3,g
4873,Fiber,0.2,g
4873,Fat,9.9,g
4873,Cholesterol,0,mg
4873,Sodium,0,mg
4874,Energy,61,cal
4874,Protein,1,g
4874,Carbohydrates,2.1,g
4874,Fiber,0.1,g
4874,Fat,5.4,g
4874,Cholesterol,0,mg
4874,Sodium,0,mg
4875,Amt,8,gm
4875,Energy,45,kcal
4875,Protein,0.7,gm
4875,Cho,3.3,gm
4875,Fat,3.3,gm
4875,Vit-A,11.4,mcg
4875,Vit-C,0.1,mg
4875,Calcium,30.2,mg
4875,Iron,0.4,mg
4875,F.Acid,0.2,mcg
4875,Fibre,0.1,gm
4876,Energy,166,cal
4876,Protein,5.6,g
4876,Carbohydrates,18.1,g
4876,Fiber,3.4,g
4876,Fat,8,g
4876,Cholesterol,0,mg
4876,Sodium,24.4,mg
4877,Energy,41,cal
4877,Protein,0.1,g
4877,Carbohydrates,9.6,g
4877,Fiber,0.9,g
4877,Fat,0.2,g
4877,Cholesterol,0,mg
4877,Sodium,7.2,mg
4878,Energy,41,cal
4878,Protein,0.1,g
4878,Carbohydrates,9.6,g
4878,Fiber,0.9,g
4878,Fat,0.2,g
4878,Cholesterol,0,mg
4878,Sodium,7.2,mg
4879,Energy,77,cal
4879,Protein,3.1,g
4879,Carbohydrates,10.3,g
4879,Fiber,4.6,g
4879,Fat,2.6,g
4879,Cholesterol,0,mg
4879,Sodium,23.4,mg
4880,Energy,14,cal
4880,Protein,0.4,g
4880,Carbohydrates,2.5,g
4880,Fiber,0.4,g
4880,Fat,0.3,g
4880,Cholesterol,0,mg
4880,Sodium,0.5,mg
4881,Energy,33,cal
4881,Protein,1.4,g
4881,Carbohydrates,6.6,g
4881,Fiber,1.1,g
4881,Fat,0.2,g
4881,Cholesterol,0,mg
4881,Sodium,2,mg
4882,Energy,85,cal
4882,Protein,2.7,g
4882,Carbohydrates,17.1,g
4882,Fiber,2.8,g
4882,Fat,0.9,g
4882,Cholesterol,0,mg
4882,Sodium,173.6,mg
4883,Energy,46,cal
4883,Protein,1,g
4883,Carbohydrates,5,g
4883,Fiber,0.9,g
4883,Fat,2.4,g
4883,Cholesterol,0.2,mg
4883,Sodium,2.5,mg
4884,Energy,75,cal
4884,Protein,2.1,g
4884,Carbohydrates,12.8,g
4884,Fiber,2,g
4884,Fat,1.8,g
4884,Cholesterol,0,mg
4884,Sodium,2.4,mg
4885,Energy,16,cal
4885,Protein,0.4,g
4885,Carbohydrates,2.3,g
4885,Fiber,0.3,g
4885,Fat,0.5,g
4885,Cholesterol,0,mg
4885,Sodium,0.6,mg
4886,Energy,54,cal
4886,Protein,0.8,g
4886,Carbohydrates,5.2,g
4886,Fiber,0.4,g
4886,Fat,3.4,g
4886,Cholesterol,0,mg
4886,Sodium,1.6,mg
4887,Energy,54,cal
4887,Protein,0.8,g
4887,Carbohydrates,5.2,g
4887,Fiber,0.4,g
4887,Fat,3.4,g
4887,Cholesterol,0,mg
4887,Sodium,1.6,mg
4888,Energy,67,cal
4888,Protein,1.8,g
4888,Carbohydrates,6,g
4888,Fiber,1.1,g
4888,Fat,4,g
4888,Cholesterol,0,mg
4888,Sodium,8.3,mg
4889,Energy,135,cal
4889,Protein,3.2,g
4889,Carbohydrates,17.7,g
4889,Fiber,3.2,g
4889,Fat,5.8,g
4889,Cholesterol,0,mg
4889,Sodium,8,mg
4890,Energy,43,cal
4890,Protein,1.4,g
4890,Carbohydrates,2.4,g
4890,Fiber,1.6,g
4890,Fat,3.2,g
4890,Cholesterol,0,mg
4890,Sodium,112.2,mg
4892,Energy,183,cal
4892,Protein,1.9,g
4892,Carbohydrates,42.9,g
4892,Fiber,5.9,g
4892,Fat,0.5,g
4892,Cholesterol,0,mg
4892,Sodium,13.5,mg
4893,Energy,183,cal
4893,Protein,1.9,g
4893,Carbohydrates,42.9,g
4893,Fiber,5.9,g
4893,Fat,0.5,g
4893,Cholesterol,0,mg
4893,Sodium,13.5,mg
4894,Energy,221,cal
4894,Protein,0.3,g
4894,Carbohydrates,54.5,g
4894,Fiber,0.5,g
4894,Fat,0.1,g
4894,Cholesterol,0,mg
4894,Sodium,2,mg
4895,Energy,221,cal
4895,Protein,0.3,g
4895,Carbohydrates,54.5,g
4895,Fiber,0.5,g
4895,Fat,0.1,g
4895,Cholesterol,0,mg
4895,Sodium,2,mg
4896,Energy,64,cal
4896,Protein,1.8,g
4896,Carbohydrates,3.5,g
4896,Fiber,0.7,g
4896,Fat,4.5,g
4896,Cholesterol,0,mg
4896,Vitamin A,110.2,mcg
4896,Vitamin B1,0.1,mg
4896,Vitamin B2,0.2,mg
4896,Vitamin B3,1.4,mg
4896,Vitamin C,18.2,mg
4896,Folic Acid,8.3,mcg
4896,Calcium,46.7,mg
4896,Iron,0.5,mg
4896,Magnesium,0,mg
4896,Phosphorus,0,mg
4896,Sodium,5.3,mg
4896,Potassium,145.2,mg
4896,Zinc,0.3,mg
4897,Energy,64,cal
4897,Protein,1.8,g
4897,Carbohydrates,3.5,g
4897,Fiber,0.7,g
4897,Fat,4.5,g
4897,Cholesterol,0,mg
4897,Vitamin A,110.2,mcg
4897,Vitamin B1,0.1,mg
4897,Vitamin B2,0.2,mg
4897,Vitamin B3,1.4,mg
4897,Vitamin C,18.2,mg
4897,Folic Acid,8.3,mcg
4897,Calcium,46.7,mg
4897,Iron,0.5,mg
4897,Magnesium,0,mg
4897,Phosphorus,0,mg
4897,Sodium,5.3,mg
4897,Potassium,145.2,mg
4897,Zinc,0.3,mg
4898,Energy,59,cal
4898,Protein,2.3,g
4898,Carbohydrates,7,g
4898,Fiber,1.9,g
4898,Fat,3,g
4898,Cholesterol,0,mg
4898,Sodium,4.9,mg
4899,Energy,142,cal
4899,Protein,3.9,g
4899,Carbohydrates,17.6,g
4899,Fiber,3.3,g
4899,Fat,6.5,g
4899,Cholesterol,0.8,mg
4899,Sodium,6,mg
4901,Energy,73,cal
4901,Protein,1.6,g
4901,Carbohydrates,6.3,g
4901,Fiber,0.9,g
4901,Fat,5,g
4901,Cholesterol,0,mg
4901,Vitamin A,142.2,mcg
4901,Vitamin B1,0.1,mg
4901,Vitamin B2,0.2,mg
4901,Vitamin B3,2.2,mg
4901,Vitamin C,5.5,mg
4901,Folic Acid,13,mcg
4901,Calcium,23.3,mg
4901,Iron,0.8,mg
4901,Magnesium,0,mg
4901,Phosphorus,0,mg
4901,Sodium,30.7,mg
4901,Potassium,238.7,mg
4901,Zinc,0.5,mg
4903,Protein,3.5,g
4903,Cho,5.8,g
4903,Fat,6.3,g
4904,Energy,42,cal
4904,Protein,1.3,g
4904,Carbohydrates,6.1,g
4904,Fiber,0.5,g
4904,Fat,1.5,g
4904,Cholesterol,0,mg
4904,Sodium,1.7,mg
4905,Energy,42,cal
4905,Protein,1.3,g
4905,Carbohydrates,6.1,g
4905,Fiber,0.5,g
4905,Fat,1.5,g
4905,Cholesterol,0,mg
4905,Sodium,1.7,mg
4906,Energy,52,cal
4906,Protein,1,g
4906,Carbohydrates,6.3,g
4906,Fiber,1.1,g
4906,Fat,2.6,g
4906,Cholesterol,0,mg
4906,Vitamin A,223,mcg
4906,Vitamin B1,0,mg
4906,Vitamin B2,0.1,mg
4906,Vitamin B3,0.6,mg
4906,Vitamin C,18.5,mg
4906,Folic Acid,6.9,mcg
4906,Calcium,30.8,mg
4906,Iron,0.8,mg
4906,Magnesium,0,mg
4906,Phosphorus,0,mg
4906,Sodium,4.6,mg
4906,Potassium,70.6,mg
4906,Zinc,0.2,mg
4909,Energy,85,cal
4909,Protein,2.5,g
4909,Carbohydrates,11.9,g
4909,Fiber,2,g
4909,Fat,3.4,g
4909,Cholesterol,0,mg
4909,Sodium,15.9,mg
4910,Energy,85,cal
4910,Protein,2.5,g
4910,Carbohydrates,11.9,g
4910,Fiber,2,g
4910,Fat,3.4,g
4910,Cholesterol,0,mg
4910,Sodium,15.9,mg
4911,Energy,85,cal
4911,Protein,2.5,g
4911,Carbohydrates,11.9,g
4911,Fiber,2,g
4911,Fat,3.4,g
4911,Cholesterol,0,mg
4911,Sodium,15.9,mg
4912,Energy,85,cal
4912,Protein,2.5,g
4912,Carbohydrates,11.9,g
4912,Fiber,2,g
4912,Fat,3.4,g
4912,Cholesterol,0,mg
4912,Sodium,15.9,mg
4913,Energy,85,cal
4913,Protein,2.5,g
4913,Carbohydrates,11.9,g
4913,Fiber,2,g
4913,Fat,3.4,g
4913,Cholesterol,0,mg
4913,Sodium,15.9,mg
4914,Energy,263,cal
4914,Protein,5,g
4914,Carbohydrates,26.9,g
4914,Fiber,2.7,g
4914,Fat,15.8,g
4914,Cholesterol,0,mg
4914,Sodium,648.9,mg
4915,Energy,263,cal
4915,Protein,5,g
4915,Carbohydrates,26.9,g
4915,Fiber,2.7,g
4915,Fat,15.8,g
4915,Cholesterol,0,mg
4915,Sodium,648.9,mg
4916,Energy,187,cal
4916,Protein,4.2,g
4916,Carbohydrates,15.6,g
4916,Fiber,1.6,g
4916,Fat,11.1,g
4916,Cholesterol,0,mg
4916,Vitamin A,263.3,mcg
4916,Vitamin B1,0.2,mg
4916,Vitamin B2,0.3,mg
4916,Vitamin B3,2.3,mg
4916,Vitamin C,18.3,mg
4916,Folic Acid,26.4,mcg
4916,Calcium,154.1,mg
4916,Iron,1.3,mg
4916,Magnesium,0,mg
4916,Phosphorus,0,mg
4916,Sodium,18.2,mg
4916,Potassium,347.2,mg
4916,Zinc,0.6,mg
4917,Energy,187,cal
4917,Protein,4.2,g
4917,Carbohydrates,15.6,g
4917,Fiber,1.6,g
4917,Fat,11.1,g
4917,Cholesterol,0,mg
4917,Vitamin A,263.3,mcg
4917,Vitamin B1,0.2,mg
4917,Vitamin B2,0.3,mg
4917,Vitamin B3,2.3,mg
4917,Vitamin C,18.3,mg
4917,Folic Acid,26.4,mcg
4917,Calcium,154.1,mg
4917,Iron,1.3,mg
4917,Magnesium,0,mg
4917,Phosphorus,0,mg
4917,Sodium,18.2,mg
4917,Potassium,347.2,mg
4917,Zinc,0.6,mg
4918,Energy,187,cal
4918,Protein,4.2,g
4918,Carbohydrates,15.6,g
4918,Fiber,1.6,g
4918,Fat,11.1,g
4918,Cholesterol,0,mg
4918,Vitamin A,263.3,mcg
4918,Vitamin B1,0.2,mg
4918,Vitamin B2,0.3,mg
4918,Vitamin B3,2.3,mg
4918,Vitamin C,18.3,mg
4918,Folic Acid,26.4,mcg
4918,Calcium,154.1,mg
4918,Iron,1.3,mg
4918,Magnesium,0,mg
4918,Phosphorus,0,mg
4918,Sodium,18.2,mg
4918,Potassium,347.2,mg
4918,Zinc,0.6,mg
4928,Energy,442,cal
4928,Protein,13.7,g
4928,Carbohydrates,44.4,g
4928,Fiber,0.4,g
4928,Fat,24.8,g
4928,Cholesterol,20,mg
4928,Sodium,502.3,mg
4929,Energy,111,cal
4929,Protein,3.2,g
4929,Carbohydrates,5.5,g
4929,Fiber,0.2,g
4929,Fat,7.5,g
4929,Cholesterol,21.8,mg
4929,Sodium,85.3,mg
4930,Energy,111,cal
4930,Protein,3.2,g
4930,Carbohydrates,5.5,g
4930,Fiber,0.2,g
4930,Fat,7.5,g
4930,Cholesterol,21.8,mg
4930,Sodium,85.3,mg
4933,Energy,54,cal
4933,Protein,3.1,g
4933,Carbohydrates,7.7,g
4933,Fiber,0.9,g
4933,Fat,1.5,g
4933,Cholesterol,0,mg
4933,Sodium,27.9,mg
4934,Energy,37,calories
4934,Protein,1.9,gm
4934,Carbohydrates,4.6,gm
4934,Fat,1.4,gm
4934,Calcium,32.7,mg
4937,Energy,54,cal
4937,Protein,2.8,g
4937,Carbohydrates,6,g
4937,Fiber,1.8,g
4937,Fat,2.8,g
4937,Cholesterol,0,mg
4937,Sodium,31.6,mg
4938,Energy,107,cal
4938,Protein,2,g
4938,Carbohydrates,8.5,g
4938,Fiber,1.4,g
4938,Fat,7.8,g
4938,Cholesterol,0,mg
4938,Vitamin A,552.5,mcg
4938,Vitamin B1,0.2,mg
4938,Vitamin B2,0.1,mg
4938,Vitamin B3,0.6,mg
4938,Vitamin C,42.3,mg
4938,Folic Acid,12.8,mcg
4938,Calcium,24.9,mg
4938,Iron,0.8,mg
4938,Magnesium,0,mg
4938,Phosphorus,0,mg
4938,Sodium,13.2,mg
4938,Potassium,115.6,mg
4938,Zinc,0.2,mg
4939,Energy,107,cal
4939,Protein,2,g
4939,Carbohydrates,8.5,g
4939,Fiber,1.4,g
4939,Fat,7.8,g
4939,Cholesterol,0,mg
4939,Vitamin A,552.5,mcg
4939,Vitamin B1,0.2,mg
4939,Vitamin B2,0.1,mg
4939,Vitamin B3,0.6,mg
4939,Vitamin C,42.3,mg
4939,Folic Acid,12.8,mcg
4939,Calcium,24.9,mg
4939,Iron,0.8,mg
4939,Magnesium,0,mg
4939,Phosphorus,0,mg
4939,Sodium,13.2,mg
4939,Potassium,115.6,mg
4939,Zinc,0.2,mg
4943,Energy,47,cal
4943,Protein,0.9,g
4943,Carbohydrates,3.6,g
4943,Fiber,0.7,g
4943,Fat,3.5,g
4943,Cholesterol,10,mg
4943,Sodium,35.7,mg
4944,Energy,103,cal
4944,Protein,1.3,g
4944,Carbohydrates,5.8,g
4944,Fiber,1.1,g
4944,Fat,8.6,g
4944,Cholesterol,0,mg
4944,Vitamin A,194.9,mcg
4944,Vitamin B1,0.1,mg
4944,Vitamin B2,0.2,mg
4944,Vitamin B3,2.1,mg
4944,Vitamin C,7.5,mg
4944,Folic Acid,21.1,mcg
4944,Calcium,16.9,mg
4944,Iron,0.9,mg
4944,Magnesium,0,mg
4944,Phosphorus,0,mg
4944,Sodium,35.8,mg
4944,Potassium,208.3,mg
4944,Zinc,0.4,mg
4945,Energy,4,cal
4945,Protein,0,g
4945,Carbohydrates,0.1,g
4945,Fiber,0,g
4945,Fat,0.4,g
4945,Cholesterol,0,mg
4945,Vitamin A,30.7,mcg
4945,Vitamin B1,0,mg
4945,Vitamin B2,0,mg
4945,Vitamin B3,0,mg
4945,Vitamin C,0.3,mg
4945,Folic Acid,0,mcg
4945,Calcium,0.6,mg
4945,Iron,0,mg
4945,Magnesium,0,mg
4945,Phosphorus,0,mg
4945,Sodium,3.9,mg
4945,Potassium,0.7,mg
4945,Zinc,0,mg
4946,Energy,31,cal
4946,Protein,0.6,g
4946,Carbohydrates,6.7,g
4946,Fiber,1.1,g
4946,Fat,0.2,g
4946,Cholesterol,0,mg
4946,Sodium,81.7,mg
4947,Energy,161,cal
4947,Protein,3,g
4947,Carbohydrates,24,g
4947,Fiber,1.2,g
4947,Fat,5.8,g
4947,Cholesterol,0,mg
4947,Sodium,156.9,mg
4948,Energy,21,cal
4948,Protein,0.5,g
4948,Carbohydrates,4.1,g
4948,Fiber,1.1,g
4948,Fat,0.2,g
4948,Cholesterol,0,mg
4948,Sodium,117.7,mg
4949,Energy,54,cal
4949,Protein,0.8,g
4949,Carbohydrates,11.8,g
4949,Fiber,2.2,g
4949,Fat,0.3,g
4949,Cholesterol,0,mg
4949,Sodium,107.6,mg
4950,Energy,80,cal
4950,Protein,0.8,g
4950,Carbohydrates,18.5,g
4950,Fiber,4.7,g
4950,Fat,0.3,g
4950,Cholesterol,0,mg
4950,Sodium,130,mg
4951,Amt,115,gm
4951,Energy,19,kcal
4951,Protein,0.3,gm
4951,Cho,3.9,gm
4951,Fat,0.2,gm
4951,Vit-A,126.8,mcg
4951,Vit-C,19.9,mg
4951,Calcium,28.4,mg
4951,Iron,4.2,mg
4951,F.Acid,0,mcg
4951,Fibre,0.4,gm
4952,Energy,106,cal
4952,Protein,0.4,g
4952,Carbohydrates,25.4,g
4952,Fiber,0.9,g
4952,Fat,0.3,g
4952,Cholesterol,0,mg
4952,Sodium,104.7,mg
4953,Energy,70,cal
4953,Protein,1.6,g
4953,Carbohydrates,12.2,g
4953,Fiber,1.9,g
4953,Fat,1.8,g
4953,Cholesterol,0,mg
4953,Sodium,78.7,mg
4954,Energy,102,cal
4954,Protein,1.8,g
4954,Carbohydrates,21,g
4954,Fiber,4.8,g
4954,Fat,1.2,g
4954,Cholesterol,0,mg
4954,Sodium,627.6,mg
4958,Energy,72,cal
4958,Protein,1.4,g
4958,Carbohydrates,13,g
4958,Fiber,10.1,g
4958,Fat,1.7,g
4958,Cholesterol,0,mg
4958,Sodium,105.9,mg
4959,Energy,64,cal
4959,Protein,1,g
4959,Carbohydrates,13.1,g
4959,Fiber,5.6,g
4959,Fat,0.9,g
4959,Cholesterol,0,mg
4959,Sodium,80.4,mg
4960,Energy,45,cal
4960,Protein,1.3,g
4960,Carbohydrates,9.3,g
4960,Fiber,2.3,g
4960,Fat,0.3,g
4960,Cholesterol,0,mg
4960,Sodium,79.6,mg
4961,Energy,45,cal
4961,Protein,1.3,g
4961,Carbohydrates,9.3,g
4961,Fiber,2.3,g
4961,Fat,0.3,g
4961,Cholesterol,0,mg
4961,Sodium,79.6,mg
4962,Energy,34,cal
4962,Protein,0.6,g
4962,Carbohydrates,6.7,g
4962,Fiber,1,g
4962,Fat,0.5,g
4962,Cholesterol,0,mg
4962,Sodium,15116.8,mg
4963,Energy,106,cal
4963,Protein,1.5,g
4963,Carbohydrates,48.7,g
4963,Fiber,0.8,g
4963,Fat,5.8,g
4963,Cholesterol,0,mg
4963,Vitamin A,52.5,mcg
4963,Vitamin B1,0,mg
4963,Vitamin B2,0,mg
4963,Vitamin B3,0.1,mg
4963,Vitamin C,7.6,mg
4963,Folic Acid,2.6,mcg
4963,Calcium,13.9,mg
4963,Iron,0.4,mg
4963,Magnesium,0,mg
4963,Phosphorus,0,mg
4963,Sodium,0.8,mg
4963,Potassium,16,mg
4963,Zinc,0.1,mg
4964,Energy,88,cal
4964,Protein,0,g
4964,Carbohydrates,0.6,g
4964,Fiber,0,g
4964,Fat,9.5,g
4964,Cholesterol,0,mg
4964,Vitamin A,85.7,mcg
4964,Vitamin B1,0,mg
4964,Vitamin B2,0,mg
4964,Vitamin B3,0,mg
4964,Vitamin C,0,mg
4964,Folic Acid,0,mcg
4964,Calcium,0,mg
4964,Iron,0,mg
4964,Magnesium,0,mg
4964,Phosphorus,0,mg
4964,Sodium,0,mg
4964,Potassium,0,mg
4964,Zinc,0,mg
4965,Energy,1177,cal
4965,Protein,30.5,g
4965,Carbohydrates,82.9,g
4965,Fiber,16.2,g
4965,Fat,80.3,g
4965,Cholesterol,1.9,mg
4965,Sodium,66.7,mg
4966,Energy,44,cal
4966,Protein,1.4,g
4966,Carbohydrates,4.1,g
4966,Fiber,1.6,g
4966,Fat,2.5,g
4966,Cholesterol,0,mg
4966,Vitamin A,38.4,mcg
4966,Vitamin B1,0,mg
4966,Vitamin B2,0,mg
4966,Vitamin B3,0.1,mg
4966,Vitamin C,2.6,mg
4966,Folic Acid,2.6,mcg
4966,Calcium,4.1,mg
4966,Iron,0.3,mg
4966,Magnesium,0,mg
4966,Phosphorus,0,mg
4966,Sodium,2,mg
4966,Potassium,28,mg
4966,Zinc,0,mg
4967,Energy,85,cal
4967,Protein,4.1,g
4967,Carbohydrates,9.8,g
4967,Fiber,4.9,g
4967,Fat,3.3,g
4967,Cholesterol,1.9,mg
4967,Sodium,13,mg
4968,Energy,85,cal
4968,Protein,4.1,g
4968,Carbohydrates,9.8,g
4968,Fiber,4.9,g
4968,Fat,3.3,g
4968,Cholesterol,1.9,mg
4968,Sodium,13,mg
4969,Energy,451,cal
4969,Protein,16.5,g
4969,Carbohydrates,23.5,g
4969,Fiber,3.4,g
4969,Fat,32.3,g
4969,Cholesterol,17,mg
4969,Sodium,66,mg
4970,Energy,298,cal
4970,Protein,5,g
4970,Carbohydrates,39.6,g
4970,Fiber,4.1,g
4970,Fat,13.3,g
4970,Cholesterol,0,mg
4970,Sodium,4.9,mg
4974,Energy,227,cal
4974,Protein,4.2,g
4974,Carbohydrates,23.3,g
4974,Fiber,0.3,g
4974,Fat,12.3,g
4974,Cholesterol,4.8,mg
4974,Vitamin A,226.5,mcg
4974,Vitamin B1,0,mg
4974,Vitamin B2,0,mg
4974,Vitamin B3,0.7,mg
4974,Vitamin C,1.9,mg
4974,Folic Acid,2,mcg
4974,Calcium,70.9,mg
4974,Iron,0.7,mg
4974,Magnesium,0,mg
4974,Phosphorus,0,mg
4974,Sodium,8.4,mg
4974,Potassium,63.8,mg
4974,Zinc,0.2,mg
4975,Energy,227,cal
4975,Protein,4.2,g
4975,Carbohydrates,23.3,g
4975,Fiber,0.3,g
4975,Fat,12.3,g
4975,Cholesterol,4.8,mg
4975,Vitamin A,226.5,mcg
4975,Vitamin B1,0,mg
4975,Vitamin B2,0,mg
4975,Vitamin B3,0.7,mg
4975,Vitamin C,1.9,mg
4975,Folic Acid,2,mcg
4975,Calcium,70.9,mg
4975,Iron,0.7,mg
4975,Magnesium,0,mg
4975,Phosphorus,0,mg
4975,Sodium,8.4,mg
4975,Potassium,63.8,mg
4975,Zinc,0.2,mg
4976,Energy,227,cal
4976,Protein,4.2,g
4976,Carbohydrates,23.3,g
4976,Fiber,0.3,g
4976,Fat,12.3,g
4976,Cholesterol,4.8,mg
4976,Vitamin A,226.5,mcg
4976,Vitamin B1,0,mg
4976,Vitamin B2,0,mg
4976,Vitamin B3,0.7,mg
4976,Vitamin C,1.9,mg
4976,Folic Acid,2,mcg
4976,Calcium,70.9,mg
4976,Iron,0.7,mg
4976,Magnesium,0,mg
4976,Phosphorus,0,mg
4976,Sodium,8.4,mg
4976,Potassium,63.8,mg
4976,Zinc,0.2,mg
4977,Energy,227,cal
4977,Protein,4.2,g
4977,Carbohydrates,23.3,g
4977,Fiber,0.3,g
4977,Fat,12.3,g
4977,Cholesterol,4.8,mg
4977,Vitamin A,226.5,mcg
4977,Vitamin B1,0,mg
4977,Vitamin B2,0,mg
4977,Vitamin B3,0.7,mg
4977,Vitamin C,1.9,mg
4977,Folic Acid,2,mcg
4977,Calcium,70.9,mg
4977,Iron,0.7,mg
4977,Magnesium,0,mg
4977,Phosphorus,0,mg
4977,Sodium,8.4,mg
4977,Potassium,63.8,mg
4977,Zinc,0.2,mg
4978,Energy,564,cal
4978,Protein,1.3,g
4978,Carbohydrates,16.9,g
4978,Fiber,0.7,g
4978,Fat,54.5,g
4978,Cholesterol,0,mg
4978,Sodium,3.6,mg
4979,Energy,564,cal
4979,Protein,1.3,g
4979,Carbohydrates,16.9,g
4979,Fiber,0.7,g
4979,Fat,54.5,g
4979,Cholesterol,0,mg
4979,Sodium,3.6,mg
4980,Energy,564,cal
4980,Protein,1.3,g
4980,Carbohydrates,16.9,g
4980,Fiber,0.7,g
4980,Fat,54.5,g
4980,Cholesterol,0,mg
4980,Sodium,3.6,mg
4981,Energy,104,cal
4981,Protein,1.9,g
4981,Carbohydrates,18,g
4981,Fiber,2.8,g
4981,Fat,2.8,g
4981,Cholesterol,0,mg
4981,Sodium,3.4,mg
4982,Energy,118,cal
4982,Protein,2.6,g
4982,Carbohydrates,25.9,g
4982,Fiber,4.1,g
4982,Fat,0.5,g
4982,Cholesterol,0,mg
4982,Sodium,4,mg
4983,Energy,132,cal
4983,Protein,3.1,g
4983,Carbohydrates,18,g
4983,Fiber,3,g
4983,Fat,5.3,g
4983,Cholesterol,0,mg
4983,Sodium,4.9,mg
4984,Energy,37,cal
4984,Protein,0.7,g
4984,Carbohydrates,6.7,g
4984,Fiber,1,g
4984,Fat,0.9,g
4984,Cholesterol,0,mg
4984,Sodium,1.7,mg
4985,Energy,253,cal
4985,Protein,5.8,g
4985,Carbohydrates,52.6,g
4985,Fiber,8.3,g
4985,Fat,2.2,g
4985,Cholesterol,0.1,mg
4985,Sodium,15.1,mg
4986,Energy,259,cal
4986,Protein,5.3,g
4986,Carbohydrates,52,g
4986,Fiber,8.3,g
4986,Fat,3.4,g
4986,Cholesterol,0,mg
4986,Vitamin A,157.8,mcg
4986,Vitamin B1,0.3,mg
4986,Vitamin B2,0.1,mg
4986,Vitamin B3,0.8,mg
4986,Vitamin C,2,mg
4986,Folic Acid,13.2,mcg
4986,Calcium,251.2,mg
4986,Iron,2.8,mg
4986,Magnesium,0,mg
4986,Phosphorus,0,mg
4986,Sodium,9,mg
4986,Potassium,297.6,mg
4986,Zinc,1.7,mg
4987,Energy,118,cal
4987,Protein,0.9,g
4987,Carbohydrates,13.6,g
4987,Fiber,1.4,g
4987,Fat,6.7,g
4987,Cholesterol,0,mg
4987,Sodium,1.3,mg
4988,Energy,318,cal
4988,Protein,9.8,g
4988,Carbohydrates,59.1,g
4988,Fiber,10.8,g
4988,Fat,5.3,g
4988,Cholesterol,0,mg
4988,Sodium,36.9,mg
4989,Energy,30,cal
4989,Protein,0.8,g
4989,Carbohydrates,5.1,g
4989,Fiber,0.9,g
4989,Fat,0.7,g
4989,Cholesterol,0.2,mg
4989,Sodium,2.9,mg
4990,Energy,30,cal
4990,Protein,0.8,g
4990,Carbohydrates,5.1,g
4990,Fiber,0.9,g
4990,Fat,0.7,g
4990,Cholesterol,0.2,mg
4990,Sodium,2.9,mg
4991,Energy,109,cal
4991,Protein,2.6,g
4991,Carbohydrates,19.2,g
4991,Fiber,3.1,g
4991,Fat,2.5,g
4991,Cholesterol,0,mg
4991,Sodium,4.5,mg
4992,Energy,85,cal
4992,Protein,2.3,g
4992,Carbohydrates,14.9,g
4992,Fiber,2.5,g
4992,Fat,1.8,g
4992,Cholesterol,0,mg
4992,Sodium,9.2,mg
4993,Energy,118,cal
4993,Protein,2,g
4993,Carbohydrates,20.8,g
4993,Fiber,2.2,g
4993,Fat,2.9,g
4993,Cholesterol,0,mg
4993,Sodium,4,mg
4994,Energy,84,cal
4994,Protein,2.1,g
4994,Carbohydrates,13,g
4994,Fiber,2.4,g
4994,Fat,2.7,g
4994,Cholesterol,0,mg
4994,Sodium,2.9,mg
4995,Energy,84,cal
4995,Protein,2.1,g
4995,Carbohydrates,13,g
4995,Fiber,2.4,g
4995,Fat,2.7,g
4995,Cholesterol,0,mg
4995,Sodium,2.9,mg
4996,Energy,24,cal
4996,Protein,0.2,g
4996,Carbohydrates,1.8,g
4996,Fiber,0.1,g
4996,Fat,1.8,g
4996,Cholesterol,0,mg
4996,Sodium,0.2,mg
4997,Energy,24,cal
4997,Protein,0.2,g
4997,Carbohydrates,1.8,g
4997,Fiber,0.1,g
4997,Fat,1.8,g
4997,Cholesterol,0,mg
4997,Sodium,0.2,mg
4998,Energy,24,cal
4998,Protein,0.2,g
4998,Carbohydrates,1.8,g
4998,Fiber,0.1,g
4998,Fat,1.8,g
4998,Cholesterol,0,mg
4998,Sodium,0.2,mg
4999,Energy,24,cal
4999,Protein,0.2,g
4999,Carbohydrates,1.8,g
4999,Fiber,0.1,g
4999,Fat,1.8,g
4999,Cholesterol,0,mg
4999,Sodium,0.2,mg
5002,Energy,175,cal
5002,Protein,3.7,g
5002,Carbohydrates,11,g
5002,Fiber,0.6,g
5002,Fat,12.9,g
5002,Cholesterol,0,mg
5002,Vitamin A,131.2,mcg
5002,Vitamin B1,0,mg
5002,Vitamin B2,0,mg
5002,Vitamin B3,0.6,mg
5002,Vitamin C,0.1,mg
5002,Folic Acid,2.5,mcg
5002,Calcium,91.2,mg
5002,Iron,0.8,mg
5002,Magnesium,0,mg
5002,Phosphorus,0,mg
5002,Sodium,2.1,mg
5002,Potassium,37,mg
5002,Zinc,0,mg
5003,Energy,175,cal
5003,Protein,3.7,g
5003,Carbohydrates,11,g
5003,Fiber,0.6,g
5003,Fat,12.9,g
5003,Cholesterol,0,mg
5003,Vitamin A,131.2,mcg
5003,Vitamin B1,0,mg
5003,Vitamin B2,0,mg
5003,Vitamin B3,0.6,mg
5003,Vitamin C,0.1,mg
5003,Folic Acid,2.5,mcg
5003,Calcium,91.2,mg
5003,Iron,0.8,mg
5003,Magnesium,0,mg
5003,Phosphorus,0,mg
5003,Sodium,2.1,mg
5003,Potassium,37,mg
5003,Zinc,0,mg
5004,Energy,355,cal
5004,Protein,17.9,g
5004,Carbohydrates,25,g
5004,Fiber,1.8,g
5004,Fat,20,g
5004,Cholesterol,0,mg
5004,Vitamin A,341.6,mcg
5004,Vitamin B1,0.2,mg
5004,Vitamin B2,0.1,mg
5004,Vitamin B3,0.6,mg
5004,Vitamin C,33.1,mg
5004,Folic Acid,5.6,mcg
5004,Calcium,532,mg
5004,Iron,2.1,mg
5004,Magnesium,0,mg
5004,Phosphorus,0,mg
5004,Sodium,6.4,mg
5004,Potassium,85.8,mg
5004,Zinc,0.4,mg
5005,Energy,355,cal
5005,Protein,17.9,g
5005,Carbohydrates,25,g
5005,Fiber,1.8,g
5005,Fat,20,g
5005,Cholesterol,0,mg
5005,Vitamin A,341.6,mcg
5005,Vitamin B1,0.2,mg
5005,Vitamin B2,0.1,mg
5005,Vitamin B3,0.6,mg
5005,Vitamin C,33.1,mg
5005,Folic Acid,5.6,mcg
5005,Calcium,532,mg
5005,Iron,2.1,mg
5005,Magnesium,0,mg
5005,Phosphorus,0,mg
5005,Sodium,6.4,mg
5005,Potassium,85.8,mg
5005,Zinc,0.4,mg
5006,Energy,31,cal
5006,Protein,0.2,g
5006,Carbohydrates,1.7,g
5006,Fiber,0.2,g
5006,Fat,2.6,g
5006,Cholesterol,0,mg
5006,Vitamin A,100.3,mcg
5006,Vitamin B1,0,mg
5006,Vitamin B2,0,mg
5006,Vitamin B3,0.2,mg
5006,Vitamin C,1.4,mg
5006,Folic Acid,4.4,mcg
5006,Calcium,3.9,mg
5006,Iron,0.1,mg
5006,Magnesium,0,mg
5006,Phosphorus,0,mg
5006,Sodium,1.3,mg
5006,Potassium,16.2,mg
5006,Zinc,0,mg
5007,Energy,617,cal
5007,Protein,5.6,g
5007,Carbohydrates,37.9,g
5007,Fiber,0.1,g
5007,Fat,49.3,g
5007,Cholesterol,0,mg
5007,Vitamin A,450.2,mcg
5007,Vitamin B1,0.1,mg
5007,Vitamin B2,0,mg
5007,Vitamin B3,1.2,mg
5007,Vitamin C,0,mg
5007,Folic Acid,0,mcg
5007,Calcium,11.3,mg
5007,Iron,1.3,mg
5007,Magnesium,0,mg
5007,Phosphorus,0,mg
5007,Sodium,5.6,mg
5007,Potassium,63.2,mg
5007,Zinc,0.3,mg
5008,Energy,617,cal
5008,Protein,5.6,g
5008,Carbohydrates,37.9,g
5008,Fiber,0.1,g
5008,Fat,49.3,g
5008,Cholesterol,0,mg
5008,Vitamin A,450.2,mcg
5008,Vitamin B1,0.1,mg
5008,Vitamin B2,0,mg
5008,Vitamin B3,1.2,mg
5008,Vitamin C,0,mg
5008,Folic Acid,0,mcg
5008,Calcium,11.3,mg
5008,Iron,1.3,mg
5008,Magnesium,0,mg
5008,Phosphorus,0,mg
5008,Sodium,5.6,mg
5008,Potassium,63.2,mg
5008,Zinc,0.3,mg
5009,Energy,207,cal
5009,Protein,2.3,g
5009,Carbohydrates,20.3,g
5009,Fiber,0.1,g
5009,Fat,12.9,g
5009,Cholesterol,0,mg
5009,Vitamin A,110,mcg
5009,Vitamin B1,0,mg
5009,Vitamin B2,0,mg
5009,Vitamin B3,0.4,mg
5009,Vitamin C,0,mg
5009,Folic Acid,0,mcg
5009,Calcium,7.1,mg
5009,Iron,0.6,mg
5009,Magnesium,0,mg
5009,Phosphorus,0,mg
5009,Sodium,2,mg
5009,Potassium,20.8,mg
5009,Zinc,0.1,mg
5010,Energy,207,cal
5010,Protein,2.3,g
5010,Carbohydrates,20.3,g
5010,Fiber,0.1,g
5010,Fat,12.9,g
5010,Cholesterol,0,mg
5010,Vitamin A,110,mcg
5010,Vitamin B1,0,mg
5010,Vitamin B2,0,mg
5010,Vitamin B3,0.4,mg
5010,Vitamin C,0,mg
5010,Folic Acid,0,mcg
5010,Calcium,7.1,mg
5010,Iron,0.6,mg
5010,Magnesium,0,mg
5010,Phosphorus,0,mg
5010,Sodium,2,mg
5010,Potassium,20.8,mg
5010,Zinc,0.1,mg
5011,Energy,207,cal
5011,Protein,2.3,g
5011,Carbohydrates,20.3,g
5011,Fiber,0.1,g
5011,Fat,12.9,g
5011,Cholesterol,0,mg
5011,Vitamin A,110,mcg
5011,Vitamin B1,0,mg
5011,Vitamin B2,0,mg
5011,Vitamin B3,0.4,mg
5011,Vitamin C,0,mg
5011,Folic Acid,0,mcg
5011,Calcium,7.1,mg
5011,Iron,0.6,mg
5011,Magnesium,0,mg
5011,Phosphorus,0,mg
5011,Sodium,2,mg
5011,Potassium,20.8,mg
5011,Zinc,0.1,mg
5012,Energy,207,cal
5012,Protein,2.3,g
5012,Carbohydrates,20.3,g
5012,Fiber,0.1,g
5012,Fat,12.9,g
5012,Cholesterol,0,mg
5012,Vitamin A,110,mcg
5012,Vitamin B1,0,mg
5012,Vitamin B2,0,mg
5012,Vitamin B3,0.4,mg
5012,Vitamin C,0,mg
5012,Folic Acid,0,mcg
5012,Calcium,7.1,mg
5012,Iron,0.6,mg
5012,Magnesium,0,mg
5012,Phosphorus,0,mg
5012,Sodium,2,mg
5012,Potassium,20.8,mg
5012,Zinc,0.1,mg
5013,Energy,207,cal
5013,Protein,2.3,g
5013,Carbohydrates,20.3,g
5013,Fiber,0.1,g
5013,Fat,12.9,g
5013,Cholesterol,0,mg
5013,Vitamin A,110,mcg
5013,Vitamin B1,0,mg
5013,Vitamin B2,0,mg
5013,Vitamin B3,0.4,mg
5013,Vitamin C,0,mg
5013,Folic Acid,0,mcg
5013,Calcium,7.1,mg
5013,Iron,0.6,mg
5013,Magnesium,0,mg
5013,Phosphorus,0,mg
5013,Sodium,2,mg
5013,Potassium,20.8,mg
5013,Zinc,0.1,mg
5014,Energy,207,cal
5014,Protein,2.3,g
5014,Carbohydrates,20.3,g
5014,Fiber,0.1,g
5014,Fat,12.9,g
5014,Cholesterol,0,mg
5014,Vitamin A,110,mcg
5014,Vitamin B1,0,mg
5014,Vitamin B2,0,mg
5014,Vitamin B3,0.4,mg
5014,Vitamin C,0,mg
5014,Folic Acid,0,mcg
5014,Calcium,7.1,mg
5014,Iron,0.6,mg
5014,Magnesium,0,mg
5014,Phosphorus,0,mg
5014,Sodium,2,mg
5014,Potassium,20.8,mg
5014,Zinc,0.1,mg
5015,Energy,117,cal
5015,Protein,0.6,g
5015,Carbohydrates,16.7,g
5015,Fiber,1.2,g
5015,Fat,5.2,g
5015,Cholesterol,0,mg
5015,Sodium,1.7,mg
5016,Energy,793,cal
5016,Protein,12.4,g
5016,Carbohydrates,63.4,g
5016,Fiber,18.2,g
5016,Fat,54.5,g
5016,Cholesterol,0,mg
5016,Vitamin A,74.3,mcg
5016,Vitamin B1,0.2,mg
5016,Vitamin B2,0.2,mg
5016,Vitamin B3,3.3,mg
5016,Vitamin C,1.1,mg
5016,Folic Acid,32.5,mcg
5016,Calcium,31.3,mg
5016,Iron,2.7,mg
5016,Magnesium,0,mg
5016,Phosphorus,0,mg
5016,Sodium,3.1,mg
5016,Potassium,104.5,mg
5016,Zinc,1.2,mg
5017,Energy,347,cal
5017,Protein,5.6,g
5017,Carbohydrates,46.4,g
5017,Fiber,4.8,g
5017,Fat,15.4,g
5017,Cholesterol,0,mg
5017,Vitamin A,674.2,mcg
5017,Vitamin B1,0.2,mg
5017,Vitamin B2,0.1,mg
5017,Vitamin B3,1.6,mg
5017,Vitamin C,54,mg
5017,Folic Acid,36.8,mcg
5017,Calcium,91.6,mg
5017,Iron,1.8,mg
5017,Magnesium,0,mg
5017,Phosphorus,0,mg
5017,Sodium,241.5,mg
5017,Potassium,130.9,mg
5017,Zinc,1,mg
5018,Energy,302,cal
5018,Protein,6.7,g
5018,Carbohydrates,20.5,g
5018,Fiber,4.3,g
5018,Fat,20.8,g
5018,Cholesterol,0,mg
5018,Vitamin A,647.9,mcg
5018,Vitamin B1,0,mg
5018,Vitamin B2,-0.1,mg
5018,Vitamin B3,0.4,mg
5018,Vitamin C,36.6,mg
5018,Folic Acid,16.1,mcg
5018,Calcium,171.1,mg
5018,Iron,1.3,mg
5018,Magnesium,0,mg
5018,Phosphorus,0,mg
5018,Sodium,20.6,mg
5018,Potassium,149.8,mg
5018,Zinc,0.3,mg
5019,Energy,223,cal
5019,Protein,6,g
5019,Carbohydrates,14.1,g
5019,Fiber,3.3,g
5019,Fat,16,g
5019,Cholesterol,0,mg
5019,Vitamin A,482,mcg
5019,Vitamin B1,-0.1,mg
5019,Vitamin B2,-0.1,mg
5019,Vitamin B3,0.5,mg
5019,Vitamin C,21.5,mg
5019,Folic Acid,20.6,mcg
5019,Calcium,135.7,mg
5019,Iron,1.5,mg
5019,Magnesium,0,mg
5019,Phosphorus,0,mg
5019,Sodium,20,mg
5019,Potassium,128.8,mg
5019,Zinc,0.6,mg
5020,Energy,122,cal
5020,Protein,2.5,g
5020,Carbohydrates,14.2,g
5020,Fiber,1.6,g
5020,Fat,5.5,g
5020,Cholesterol,0,mg
5020,Vitamin A,461,mcg
5020,Vitamin B1,0.1,mg
5020,Vitamin B2,0.1,mg
5020,Vitamin B3,0.8,mg
5020,Vitamin C,24.9,mg
5020,Folic Acid,20.9,mcg
5020,Calcium,96.1,mg
5020,Iron,0.7,mg
5020,Magnesium,0,mg
5020,Phosphorus,0,mg
5020,Sodium,16.9,mg
5020,Potassium,214.3,mg
5020,Zinc,0.3,mg
5021,Energy,122,cal
5021,Protein,2.5,g
5021,Carbohydrates,14.2,g
5021,Fiber,1.6,g
5021,Fat,5.5,g
5021,Cholesterol,0,mg
5021,Vitamin A,461,mcg
5021,Vitamin B1,0.1,mg
5021,Vitamin B2,0.1,mg
5021,Vitamin B3,0.8,mg
5021,Vitamin C,24.9,mg
5021,Folic Acid,20.9,mcg
5021,Calcium,96.1,mg
5021,Iron,0.7,mg
5021,Magnesium,0,mg
5021,Phosphorus,0,mg
5021,Sodium,16.9,mg
5021,Potassium,214.3,mg
5021,Zinc,0.3,mg
5022,Energy,71,cal
5022,Protein,2.4,g
5022,Carbohydrates,9.1,g
5022,Fiber,3.6,g
5022,Fat,2.7,g
5022,Cholesterol,0,mg
5022,Sodium,22.1,mg
5023,Energy,231,kcal
5023,Protein,4.8,gm
5023,Carbohydrate,13.1,gm
5023,Fat,17.5,gm
5023,Fibre,4.1,gm
5023,Vitamin A,683.6,mcg
5023,Vitamin C,23.1,mg
5023,Calcium,144.7,mg
5023,Iron,1.8,mg
5023,Folic Acid,30.6,mcg
5024,Energy,231,kcal
5024,Protein,4.8,gm
5024,Carbohydrate,13.1,gm
5024,Fat,17.5,gm
5024,Fibre,4.1,gm
5024,Vitamin A,683.6,mcg
5024,Vitamin C,23.1,mg
5024,Calcium,144.7,mg
5024,Iron,1.8,mg
5024,Folic Acid,30.6,mcg
5025,Energy,130,cal
5025,Protein,2.8,g
5025,Carbohydrates,14.5,g
5025,Fiber,0.1,g
5025,Fat,6.7,g
5025,Cholesterol,0,mg
5025,Vitamin A,109.5,mcg
5025,Vitamin B1,0,mg
5025,Vitamin B2,0,mg
5025,Vitamin B3,0.5,mg
5025,Vitamin C,0,mg
5025,Folic Acid,0,mcg
5025,Calcium,10.8,mg
5025,Iron,0.7,mg
5025,Magnesium,0,mg
5025,Phosphorus,0,mg
5025,Sodium,22.4,mg
5025,Potassium,24.5,mg
5025,Zinc,0.2,mg
5026,Energy,548,cal
5026,Protein,19.4,g
5026,Carbohydrates,18.6,g
5026,Fiber,0.2,g
5026,Fat,43.5,g
5026,Cholesterol,4,mg
5026,Vitamin A,477.9,mcg
5026,Vitamin B1,-0.6,mg
5026,Vitamin B2,-0.5,mg
5026,Vitamin B3,-0.4,mg
5026,Vitamin C,5.9,mg
5026,Folic Acid,2.1,mcg
5026,Calcium,751,mg
5026,Iron,0.5,mg
5026,Magnesium,0,mg
5026,Phosphorus,0,mg
5026,Sodium,5.2,mg
5026,Potassium,37.7,mg
5026,Zinc,0.4,mg
5027,Energy,134,cal
5027,Protein,4.4,g
5027,Carbohydrates,14.7,g
5027,Fiber,2.3,g
5027,Fat,6.6,g
5027,Cholesterol,5.8,mg
5027,Vitamin A,255.1,mcg
5027,Vitamin B1,0.1,mg
5027,Vitamin B2,0.1,mg
5027,Vitamin B3,0.8,mg
5027,Vitamin C,30.1,mg
5027,Folic Acid,23.8,mcg
5027,Calcium,99.8,mg
5027,Iron,1,mg
5027,Magnesium,0,mg
5027,Phosphorus,0,mg
5027,Sodium,170.2,mg
5027,Potassium,246.2,mg
5027,Zinc,0.4,mg
5028,Energy,45,cal
5028,Protein,2.5,g
5028,Carbohydrates,8,g
5028,Fiber,2.2,g
5028,Fat,0.3,g
5028,Cholesterol,0,mg
5028,Sodium,25.3,mg
5029,Energy,45,cal
5029,Protein,2.5,g
5029,Carbohydrates,8,g
5029,Fiber,2.2,g
5029,Fat,0.3,g
5029,Cholesterol,0,mg
5029,Sodium,25.3,mg
5030,Energy,60,cal
5030,Protein,0.7,g
5030,Carbohydrates,8.3,g
5030,Fiber,0.4,g
5030,Fat,2.6,g
5030,Cholesterol,0,mg
5030,Sodium,0.7,mg
5031,Energy,68,cal
5031,Protein,1.2,g
5031,Carbohydrates,13.3,g
5031,Fiber,2,g
5031,Fat,1.1,g
5031,Cholesterol,0,mg
5031,Sodium,15118,mg
5032,Energy,113,cal
5032,Protein,0.3,g
5032,Carbohydrates,27.2,g
5032,Fiber,0.5,g
5032,Fat,0.3,g
5032,Cholesterol,0,mg
5032,Sodium,388.2,mg
5033,Energy,94,cal
5033,Protein,0.4,g
5033,Carbohydrates,22.3,g
5033,Fiber,0.6,g
5033,Fat,0.3,g
5033,Cholesterol,0,mg
5033,Sodium,388.3,mg
5034,Energy,83,cal
5034,Protein,0.8,g
5034,Carbohydrates,5.1,g
5034,Fiber,0,g
5034,Fat,6.6,g
5034,Cholesterol,0,mg
5034,Sodium,0.6,mg
5035,Energy,109,cal
5035,Protein,3.4,g
5035,Carbohydrates,15.2,g
5035,Fiber,4.1,g
5035,Fat,3.9,g
5035,Cholesterol,0,mg
5035,Vitamin A,173.7,mcg
5035,Vitamin B1,0.1,mg
5035,Vitamin B2,0,mg
5035,Vitamin B3,0.6,mg
5035,Vitamin C,17.7,mg
5035,Folic Acid,18.2,mcg
5035,Calcium,28,mg
5035,Iron,0.9,mg
5035,Magnesium,0,mg
5035,Phosphorus,0,mg
5035,Sodium,10.6,mg
5035,Potassium,165.1,mg
5035,Zinc,0.2,mg
5036,Energy,154,cal
5036,Protein,1.4,g
5036,Carbohydrates,12,g
5036,Fiber,1.5,g
5036,Fat,11.3,g
5036,Cholesterol,32.5,mg
5036,Sodium,107.4,mg
5037,Energy,154,cal
5037,Protein,1.4,g
5037,Carbohydrates,12,g
5037,Fiber,1.5,g
5037,Fat,11.3,g
5037,Cholesterol,32.5,mg
5037,Sodium,107.4,mg
5038,Energy,388,cal
5038,Protein,6.1,g
5038,Carbohydrates,27.3,g
5038,Fiber,0,g
5038,Fat,31.3,g
5038,Cholesterol,53.1,mg
5038,Sodium,176.2,mg
5039,Energy,2107,cal
5039,Protein,33.9,g
5039,Carbohydrates,133.3,g
5039,Fiber,0.9,g
5039,Fat,178.6,g
5039,Cholesterol,212.5,mg
5039,Sodium,807.6,mg
5040,Energy,104,kcal
5040,Protein,4.3,gm
5040,Carbohydrates,13.9,gm
5040,Fat,3.5,gm
5040,Fibre,2.7,gm
5040,Iron,1.2,mg
5041,Energy,111,cal
5041,Protein,5.5,g
5041,Carbohydrates,10.6,g
5041,Fiber,1.1,g
5041,Fat,4,g
5041,Cholesterol,8,mg
5041,Sodium,13.4,mg
5042,Energy,111,cal
5042,Protein,5.5,g
5042,Carbohydrates,10.6,g
5042,Fiber,1.1,g
5042,Fat,4,g
5042,Cholesterol,8,mg
5042,Sodium,13.4,mg
5043,Energy,197,cal
5043,Protein,2.7,g
5043,Carbohydrates,44.6,g
5043,Fiber,5.5,g
5043,Fat,0.9,g
5043,Cholesterol,0,mg
5043,Sodium,12.2,mg
5044,Energy,435,cal
5044,Protein,4.8,g
5044,Carbohydrates,82.2,g
5044,Fiber,12.5,g
5044,Fat,9.8,g
5044,Cholesterol,0,mg
5044,Sodium,107.1,mg
5045,Energy,435,cal
5045,Protein,4.8,g
5045,Carbohydrates,82.2,g
5045,Fiber,12.5,g
5045,Fat,9.8,g
5045,Cholesterol,0,mg
5045,Sodium,107.1,mg
5046,Energy,117,cal
5046,Protein,1.8,g
5046,Carbohydrates,20.2,g
5046,Fiber,0.8,g
5046,Fat,2.9,g
5046,Cholesterol,7.5,mg
5046,Sodium,25.6,mg
5047,Energy,117,cal
5047,Protein,1.8,g
5047,Carbohydrates,20.2,g
5047,Fiber,0.8,g
5047,Fat,2.9,g
5047,Cholesterol,7.5,mg
5047,Sodium,25.6,mg
5048,Energy,117,cal
5048,Protein,1.8,g
5048,Carbohydrates,20.2,g
5048,Fiber,0.8,g
5048,Fat,2.9,g
5048,Cholesterol,7.5,mg
5048,Sodium,25.6,mg
5049,Energy,117,cal
5049,Protein,1.8,g
5049,Carbohydrates,20.2,g
5049,Fiber,0.8,g
5049,Fat,2.9,g
5049,Cholesterol,7.5,mg
5049,Sodium,25.6,mg
5051,Energy,249,cal
5051,Protein,8.9,g
5051,Carbohydrates,25.6,g
5051,Fiber,0.3,g
5051,Fat,10.1,g
5051,Cholesterol,0,mg
5051,Vitamin A,269.6,mcg
5051,Vitamin B1,0.1,mg
5051,Vitamin B2,0.1,mg
5051,Vitamin B3,0.1,mg
5051,Vitamin C,7.1,mg
5051,Folic Acid,7.4,mcg
5051,Calcium,257.6,mg
5051,Iron,0.6,mg
5051,Magnesium,0,mg
5051,Phosphorus,0,mg
5051,Sodium,152.4,mg
5051,Potassium,124.9,mg
5051,Zinc,0.1,mg
5053,Energy,70,cal
5053,Protein,2.4,g
5053,Carbohydrates,11.9,g
5053,Fiber,1.5,g
5053,Fat,1.5,g
5053,Cholesterol,0,mg
5053,Sodium,50.4,mg
5054,Energy,82,cal
5054,Protein,4.4,g
5054,Carbohydrates,15.4,g
5054,Fiber,2.4,g
5054,Fat,0.3,g
5054,Cholesterol,0,mg
5054,Sodium,35.7,mg
5055,Energy,284,cal
5055,Protein,10.1,g
5055,Carbohydrates,24,g
5055,Fiber,5.2,g
5055,Fat,15.9,g
5055,Cholesterol,0,mg
5055,Vitamin A,333.5,mcg
5055,Vitamin B1,0,mg
5055,Vitamin B2,0.1,mg
5055,Vitamin B3,0.2,mg
5055,Vitamin C,5.1,mg
5055,Folic Acid,20.9,mcg
5055,Calcium,279,mg
5055,Iron,0.8,mg
5055,Magnesium,0,mg
5055,Phosphorus,0,mg
5055,Sodium,361.5,mg
5055,Potassium,290.1,mg
5055,Zinc,1,mg
5056,Energy,280,cal
5056,Protein,8.9,g
5056,Carbohydrates,31.9,g
5056,Fiber,0.3,g
5056,Fat,11.3,g
5056,Cholesterol,0,mg
5056,Vitamin A,325.3,mcg
5056,Vitamin B1,0.1,mg
5056,Vitamin B2,0.2,mg
5056,Vitamin B3,0.9,mg
5056,Vitamin C,3.1,mg
5056,Folic Acid,8.6,mcg
5056,Calcium,202.5,mg
5056,Iron,0.6,mg
5056,Magnesium,0,mg
5056,Phosphorus,0,mg
5056,Sodium,202.9,mg
5056,Potassium,154.4,mg
5056,Zinc,0.2,mg
5057,Energy,280,cal
5057,Protein,8.9,g
5057,Carbohydrates,31.9,g
5057,Fiber,0.3,g
5057,Fat,11.3,g
5057,Cholesterol,0,mg
5057,Vitamin A,325.3,mcg
5057,Vitamin B1,0.1,mg
5057,Vitamin B2,0.2,mg
5057,Vitamin B3,0.9,mg
5057,Vitamin C,3.1,mg
5057,Folic Acid,8.6,mcg
5057,Calcium,202.5,mg
5057,Iron,0.6,mg
5057,Magnesium,0,mg
5057,Phosphorus,0,mg
5057,Sodium,202.9,mg
5057,Potassium,154.4,mg
5057,Zinc,0.2,mg
5058,Energy,280,cal
5058,Protein,8.9,g
5058,Carbohydrates,31.9,g
5058,Fiber,0.3,g
5058,Fat,11.3,g
5058,Cholesterol,0,mg
5058,Vitamin A,325.3,mcg
5058,Vitamin B1,0.1,mg
5058,Vitamin B2,0.2,mg
5058,Vitamin B3,0.9,mg
5058,Vitamin C,3.1,mg
5058,Folic Acid,8.6,mcg
5058,Calcium,202.5,mg
5058,Iron,0.6,mg
5058,Magnesium,0,mg
5058,Phosphorus,0,mg
5058,Sodium,202.9,mg
5058,Potassium,154.4,mg
5058,Zinc,0.2,mg
5059,Energy,280,cal
5059,Protein,8.9,g
5059,Carbohydrates,31.9,g
5059,Fiber,0.3,g
5059,Fat,11.3,g
5059,Cholesterol,0,mg
5059,Vitamin A,325.3,mcg
5059,Vitamin B1,0.1,mg
5059,Vitamin B2,0.2,mg
5059,Vitamin B3,0.9,mg
5059,Vitamin C,3.1,mg
5059,Folic Acid,8.6,mcg
5059,Calcium,202.5,mg
5059,Iron,0.6,mg
5059,Magnesium,0,mg
5059,Phosphorus,0,mg
5059,Sodium,202.9,mg
5059,Potassium,154.4,mg
5059,Zinc,0.2,mg
5060,Energy,82,cal
5060,Protein,1.2,g
5060,Carbohydrates,14,g
5060,Fiber,0.3,g
5060,Fat,2.5,g
5060,Cholesterol,0,mg
5060,Sodium,0.8,mg
5061,Energy,230,cal
5061,Protein,4.6,g
5061,Carbohydrates,26.9,g
5061,Fiber,0.3,g
5061,Fat,11.5,g
5061,Cholesterol,0,mg
5061,Sodium,1.5,mg
5062,Energy,205,cal
5062,Protein,4,g
5062,Carbohydrates,27.3,g
5062,Fiber,0.2,g
5062,Fat,8.8,g
5062,Cholesterol,0,mg
5062,Sodium,2.2,mg
5063,Energy,421,cal
5063,Protein,17.4,g
5063,Carbohydrates,61.2,g
5063,Fiber,13.9,g
5063,Fat,10.8,g
5063,Cholesterol,20.1,mg
5063,Sodium,313.7,mg
5064,Energy,61,cal
5064,Protein,2.5,g
5064,Carbohydrates,9.6,g
5064,Fiber,1.7,g
5064,Fat,1.4,g
5064,Cholesterol,0,mg
5064,Sodium,6.7,mg
5065,Protein,1.3,g
5065,Cho,5,g
5065,Fat,2.3,g
5066,Energy,127,cal
5066,Protein,5.7,g
5066,Carbohydrates,20.2,g
5066,Fiber,3.3,g
5066,Fat,2.7,g
5066,Cholesterol,0,mg
5066,Sodium,200.4,mg
5067,Energy,105,cal
5067,Protein,4.9,g
5067,Carbohydrates,8.9,g
5067,Fiber,0.7,g
5067,Fat,4.4,g
5067,Cholesterol,10.5,mg
5067,Sodium,82.9,mg
5068,Energy,35,cal
5068,Protein,1.5,g
5068,Carbohydrates,5.7,g
5068,Fiber,0.3,g
5068,Fat,0.7,g
5068,Cholesterol,1.7,mg
5068,Sodium,30.8,mg
5069,Energy,35,cal
5069,Protein,1.5,g
5069,Carbohydrates,5.7,g
5069,Fiber,0.3,g
5069,Fat,0.7,g
5069,Cholesterol,1.7,mg
5069,Sodium,30.8,mg
5070,Energy,389,cal
5070,Protein,8.9,g
5070,Carbohydrates,43.5,g
5070,Fiber,0.9,g
5070,Fat,20.6,g
5070,Cholesterol,17.5,mg
5070,Sodium,143.5,mg
5071,Energy,389,cal
5071,Protein,8.9,g
5071,Carbohydrates,43.5,g
5071,Fiber,0.9,g
5071,Fat,20.6,g
5071,Cholesterol,17.5,mg
5071,Sodium,143.5,mg
5072,Energy,304,cal
5072,Protein,4.3,g
5072,Carbohydrates,33,g
5072,Fiber,0,g
5072,Fat,19.3,g
5072,Cholesterol,17.8,mg
5072,Sodium,60.1,mg
5073,Energy,2305,cal
5073,Protein,17.6,g
5073,Carbohydrates,487.3,g
5073,Fiber,0,g
5073,Fat,30.4,g
5073,Cholesterol,10.7,mg
5073,Sodium,12.7,mg
5074,Energy,2305,cal
5074,Protein,17.6,g
5074,Carbohydrates,487.3,g
5074,Fiber,0,g
5074,Fat,30.4,g
5074,Cholesterol,10.7,mg
5074,Sodium,12.7,mg
5075,Energy,141,cal
5075,Protein,8.2,g
5075,Carbohydrates,19.2,g
5075,Fiber,2.8,g
5075,Fat,3.5,g
5075,Cholesterol,0,mg
5075,Sodium,26,mg
5076,Energy,141,cal
5076,Protein,8.2,g
5076,Carbohydrates,19.2,g
5076,Fiber,2.8,g
5076,Fat,3.5,g
5076,Cholesterol,0,mg
5076,Sodium,26,mg
5077,Energy,141,cal
5077,Protein,8.2,g
5077,Carbohydrates,19.2,g
5077,Fiber,2.8,g
5077,Fat,3.5,g
5077,Cholesterol,0,mg
5077,Sodium,26,mg
5078,Energy,141,cal
5078,Protein,8.2,g
5078,Carbohydrates,19.2,g
5078,Fiber,2.8,g
5078,Fat,3.5,g
5078,Cholesterol,0,mg
5078,Sodium,26,mg
5079,Energy,106,cal
5079,Protein,3.7,g
5079,Carbohydrates,18.4,g
5079,Fiber,3.4,g
5079,Fat,2.1,g
5079,Cholesterol,0,mg
5079,Sodium,9.3,mg
5080,Energy,58,cal
5080,Protein,0.5,g
5080,Carbohydrates,2.9,g
5080,Fiber,0.3,g
5080,Fat,5,g
5080,Cholesterol,0,mg
5080,Sodium,0.3,mg
5081,Energy,98,cal
5081,Protein,2.5,g
5081,Carbohydrates,18,g
5081,Fiber,2.9,g
5081,Fat,1.9,g
5081,Cholesterol,0,mg
5081,Sodium,5.5,mg
5082,Energy,72,cal
5082,Protein,2.9,g
5082,Carbohydrates,12.9,g
5082,Fiber,2.2,g
5082,Fat,1.4,g
5082,Cholesterol,0,mg
5082,Sodium,200.4,mg
5083,Energy,72,cal
5083,Protein,2.9,g
5083,Carbohydrates,12.9,g
5083,Fiber,2.2,g
5083,Fat,1.4,g
5083,Cholesterol,0,mg
5083,Sodium,200.4,mg
5084,Energy,41,cal
5084,Protein,2,g
5084,Carbohydrates,8,g
5084,Fiber,0.8,g
5084,Fat,0.1,g
5084,Cholesterol,0,mg
5084,Sodium,2.2,mg
5085,Energy,92,cal
5085,Protein,2.3,g
5085,Carbohydrates,16.5,g
5085,Fiber,2.4,g
5085,Fat,2.1,g
5085,Cholesterol,0,mg
5085,Sodium,6.1,mg
5086,Energy,62,cal
5086,Protein,2,g
5086,Carbohydrates,12.1,g
5086,Fiber,2.1,g
5086,Fat,0.9,g
5086,Cholesterol,0,mg
5086,Sodium,3.9,mg
5087,Energy,62,cal
5087,Protein,2,g
5087,Carbohydrates,12.1,g
5087,Fiber,2.1,g
5087,Fat,0.9,g
5087,Cholesterol,0,mg
5087,Sodium,3.9,mg
5091,Energy,43,cal
5091,Protein,1.2,g
5091,Carbohydrates,7.1,g
5091,Fiber,1.8,g
5091,Fat,1.1,g
5091,Cholesterol,0,mg
5091,Sodium,169.3,mg
5092,Energy,43,cal
5092,Protein,1.2,g
5092,Carbohydrates,7.1,g
5092,Fiber,1.8,g
5092,Fat,1.1,g
5092,Cholesterol,0,mg
5092,Sodium,169.3,mg
5093,Energy,88,cal
5093,Protein,3.2,g
5093,Carbohydrates,14.1,g
5093,Fiber,2.9,g
5093,Fat,2.1,g
5093,Cholesterol,0,mg
5093,Sodium,9.7,mg
5094,Energy,88,cal
5094,Protein,3.2,g
5094,Carbohydrates,14.1,g
5094,Fiber,2.9,g
5094,Fat,2.1,g
5094,Cholesterol,0,mg
5094,Sodium,9.7,mg
5095,Energy,58,cal
5095,Protein,1.1,g
5095,Carbohydrates,10.8,g
5095,Fiber,2.9,g
5095,Fat,1.2,g
5095,Cholesterol,0,mg
5095,Sodium,116,mg
5096,Energy,83,cal
5096,Protein,3,g
5096,Carbohydrates,6.4,g
5096,Fiber,0,g
5096,Fat,5,g
5096,Cholesterol,0,mg
5096,Sodium,0,mg
5097,Energy,83,cal
5097,Protein,3,g
5097,Carbohydrates,6.4,g
5097,Fiber,0,g
5097,Fat,5,g
5097,Cholesterol,0,mg
5097,Sodium,0,mg
5098,Energy,98,cal
5098,Protein,1.5,g
5098,Carbohydrates,8.6,g
5098,Fiber,0.6,g
5098,Fat,6.4,g
5098,Cholesterol,13.3,mg
5098,Sodium,44,mg
5099,Energy,472,cal
5099,Protein,8.6,g
5099,Carbohydrates,35,g
5099,Fiber,2.5,g
5099,Fat,38.5,g
5099,Cholesterol,10,mg
5099,Sodium,38.9,mg
5100,Energy,472,cal
5100,Protein,8.6,g
5100,Carbohydrates,35,g
5100,Fiber,2.5,g
5100,Fat,38.5,g
5100,Cholesterol,10,mg
5100,Sodium,38.9,mg
5101,Energy,75,cal
5101,Protein,1.7,g
5101,Carbohydrates,13.7,g
5101,Fiber,1.1,g
5101,Fat,1.6,g
5101,Cholesterol,3.3,mg
5101,Sodium,13.8,mg
5102,Energy,116,cal
5102,Protein,4.2,g
5102,Carbohydrates,21.8,g
5102,Fiber,2.6,g
5102,Fat,1.7,g
5102,Cholesterol,0,mg
5102,Sodium,0.3,mg
5103,Energy,407,cal
5103,Protein,8.4,g
5103,Carbohydrates,37.9,g
5103,Fiber,8.1,g
5103,Fat,24.6,g
5103,Cholesterol,55,mg
5103,Sodium,271.3,mg
5104,Energy,318,cal
5104,Protein,10.9,g
5104,Carbohydrates,44.2,g
5104,Fiber,7.7,g
5104,Fat,10,g
5104,Cholesterol,8,mg
5104,Sodium,83.9,mg
5105,Energy,318,cal
5105,Protein,10.9,g
5105,Carbohydrates,44.2,g
5105,Fiber,7.7,g
5105,Fat,10,g
5105,Cholesterol,8,mg
5105,Sodium,83.9,mg
5106,Energy,70,cal
5106,Protein,1.5,g
5106,Carbohydrates,5.8,g
5106,Fiber,0.3,g
5106,Fat,4.4,g
5106,Cholesterol,1.5,mg
5106,Sodium,39,mg
5107,Energy,70,cal
5107,Protein,1.5,g
5107,Carbohydrates,5.8,g
5107,Fiber,0.3,g
5107,Fat,4.4,g
5107,Cholesterol,1.5,mg
5107,Sodium,39,mg
5109,Energy,62,cal
5109,Protein,1.7,g
5109,Carbohydrates,6.7,g
5109,Fiber,1.1,g
5109,Fat,3.2,g
5109,Cholesterol,0,mg
5109,Sodium,2.7,mg
5110,Energy,62,cal
5110,Protein,1.7,g
5110,Carbohydrates,6.7,g
5110,Fiber,1.1,g
5110,Fat,3.2,g
5110,Cholesterol,0,mg
5110,Sodium,2.7,mg
5111,Energy,96,cal
5111,Protein,1.6,g
5111,Carbohydrates,12,g
5111,Fiber,1.1,g
5111,Fat,4.7,g
5111,Cholesterol,12.5,mg
5111,Sodium,41.4,mg
5112,Energy,22,cal
5112,Protein,0.5,g
5112,Carbohydrates,2.7,g
5112,Fiber,0.4,g
5112,Fat,1,g
5112,Cholesterol,2.8,mg
5112,Sodium,9.7,mg
5113,Energy,171,cal
5113,Protein,6,g
5113,Carbohydrates,15.2,g
5113,Fiber,1.9,g
5113,Fat,7.2,g
5113,Cholesterol,16,mg
5113,Sodium,19,mg
5114,Energy,105,cal
5114,Protein,2.9,g
5114,Carbohydrates,11.6,g
5114,Fiber,1.5,g
5114,Fat,5.3,g
5114,Cholesterol,0,mg
5114,Sodium,2.2,mg
5115,Energy,105,cal
5115,Protein,2.9,g
5115,Carbohydrates,11.6,g
5115,Fiber,1.5,g
5115,Fat,5.3,g
5115,Cholesterol,0,mg
5115,Sodium,2.2,mg
5116,Energy,99,cal
5116,Protein,5.9,g
5116,Carbohydrates,13.8,g
5116,Fiber,1,g
5116,Fat,2.3,g
5116,Cholesterol,0,mg
5116,Sodium,68,mg
5117,Energy,211,cal
5117,Protein,7.1,g
5117,Carbohydrates,36.2,g
5117,Fiber,2.6,g
5117,Fat,4.3,g
5117,Cholesterol,0,mg
5117,Sodium,12.1,mg
5118,Energy,149,cal
5118,Protein,5.1,g
5118,Carbohydrates,28.7,g
5118,Fiber,3.1,g
5118,Fat,1.7,g
5118,Cholesterol,0,mg
5118,Sodium,8.8,mg
5119,Energy,61,cal
5119,Protein,2.9,g
5119,Carbohydrates,10.7,g
5119,Fiber,3.6,g
5119,Fat,0.9,g
5119,Cholesterol,0,mg
5119,Sodium,12.1,mg
5120,Energy,17,cal
5120,Protein,0.9,g
5120,Carbohydrates,2.4,g
5120,Fiber,0.5,g
5120,Fat,0.4,g
5120,Cholesterol,0,mg
5120,Sodium,1.2,mg
5121,Energy,17,cal
5121,Protein,0.9,g
5121,Carbohydrates,2.4,g
5121,Fiber,0.5,g
5121,Fat,0.4,g
5121,Cholesterol,0,mg
5121,Sodium,1.2,mg
5122,Energy,17,cal
5122,Protein,0.9,g
5122,Carbohydrates,2.4,g
5122,Fiber,0.5,g
5122,Fat,0.4,g
5122,Cholesterol,0,mg
5122,Sodium,1.2,mg
5123,Energy,17,cal
5123,Protein,0.9,g
5123,Carbohydrates,2.4,g
5123,Fiber,0.5,g
5123,Fat,0.4,g
5123,Cholesterol,0,mg
5123,Sodium,1.2,mg
5124,Energy,90,cal
5124,Protein,2.4,g
5124,Carbohydrates,12.7,g
5124,Fiber,3.4,g
5124,Fat,3.3,g
5124,Cholesterol,0,mg
5124,Sodium,18.1,mg
5125,Energy,90,cal
5125,Protein,2.4,g
5125,Carbohydrates,12.7,g
5125,Fiber,3.4,g
5125,Fat,3.3,g
5125,Cholesterol,0,mg
5125,Sodium,18.1,mg
5126,Energy,125,cal
5126,Protein,3.9,g
5126,Carbohydrates,15.1,g
5126,Fiber,2,g
5126,Fat,4.4,g
5126,Cholesterol,8,mg
5126,Sodium,31.4,mg
5127,Energy,117,cal
5127,Protein,7.6,g
5127,Carbohydrates,19,g
5127,Fiber,2,g
5127,Fat,1.2,g
5127,Cholesterol,0,mg
5127,Sodium,79.6,mg
5128,Energy,306,cal
5128,Protein,5.9,g
5128,Carbohydrates,52.1,g
5128,Fiber,3.6,g
5128,Fat,7.2,g
5128,Cholesterol,8,mg
5128,Sodium,22.7,mg
5129,Energy,306,cal
5129,Protein,5.9,g
5129,Carbohydrates,52.1,g
5129,Fiber,3.6,g
5129,Fat,7.2,g
5129,Cholesterol,8,mg
5129,Sodium,22.7,mg
5130,Energy,306,cal
5130,Protein,5.9,g
5130,Carbohydrates,52.1,g
5130,Fiber,3.6,g
5130,Fat,7.2,g
5130,Cholesterol,8,mg
5130,Sodium,22.7,mg
5131,Energy,306,cal
5131,Protein,5.9,g
5131,Carbohydrates,52.1,g
5131,Fiber,3.6,g
5131,Fat,7.2,g
5131,Cholesterol,8,mg
5131,Sodium,22.7,mg
5132,Energy,306,cal
5132,Protein,5.9,g
5132,Carbohydrates,52.1,g
5132,Fiber,3.6,g
5132,Fat,7.2,g
5132,Cholesterol,8,mg
5132,Sodium,22.7,mg
5133,Energy,99,cal
5133,Protein,3.2,g
5133,Carbohydrates,13.4,g
5133,Fiber,3.3,g
5133,Fat,4,g
5133,Cholesterol,0,mg
5133,Sodium,68.2,mg
5134,Energy,27,calories
5134,Protein,1.2,gm
5134,Carbohydrate,4.3,gm
5134,Fat,0.5,gm
5134,Cholesterol,0,mg
5134,Fibre,0.2,gm
5135,Energy,27,calories
5135,Protein,1.2,gm
5135,Carbohydrate,4.3,gm
5135,Fat,0.5,gm
5135,Cholesterol,0,mg
5135,Fibre,0.2,gm
5136,Energy,63,cal
5136,Protein,1.1,g
5136,Carbohydrates,9,g
5136,Fiber,0.4,g
5136,Fat,2.6,g
5136,Cholesterol,0,mg
5136,Sodium,0.1,mg
5137,Energy,51,cal
5137,Protein,1.6,g
5137,Carbohydrates,9.2,g
5137,Fiber,1.6,g
5137,Fat,0.9,g
5137,Cholesterol,0,mg
5137,Sodium,2.3,mg
5138,Energy,133,cal
5138,Protein,5.4,g
5138,Carbohydrates,20.6,g
5138,Fiber,3.7,g
5138,Fat,3.3,g
5138,Cholesterol,0,mg
5138,Sodium,23.5,mg
5139,Energy,60,cal
5139,Protein,2.3,g
5139,Carbohydrates,12.2,g
5139,Fiber,2.2,g
5139,Fat,0.5,g
5139,Cholesterol,0,mg
5139,Sodium,6.2,mg
5140,Energy,47,cal
5140,Protein,2.3,g
5140,Carbohydrates,6.5,g
5140,Fiber,0.9,g
5140,Fat,1.3,g
5140,Cholesterol,0.4,mg
5140,Sodium,2.7,mg
5141,Energy,47,cal
5141,Protein,2.3,g
5141,Carbohydrates,6.5,g
5141,Fiber,0.9,g
5141,Fat,1.3,g
5141,Cholesterol,0.4,mg
5141,Sodium,2.7,mg
5142,Energy,47,cal
5142,Protein,2.3,g
5142,Carbohydrates,6.5,g
5142,Fiber,0.9,g
5142,Fat,1.3,g
5142,Cholesterol,0.4,mg
5142,Sodium,2.7,mg
5143,Energy,76,cal
5143,Protein,2.4,g
5143,Carbohydrates,11.6,g
5143,Fiber,0.9,g
5143,Fat,2.3,g
5143,Cholesterol,0,mg
5143,Sodium,66.8,mg
5144,Energy,76,cal
5144,Protein,2.4,g
5144,Carbohydrates,11.6,g
5144,Fiber,0.9,g
5144,Fat,2.3,g
5144,Cholesterol,0,mg
5144,Sodium,66.8,mg
5145,Energy,268,cal
5145,Protein,5.4,g
5145,Carbohydrates,41.5,g
5145,Fiber,2.9,g
5145,Fat,7.8,g
5145,Cholesterol,8,mg
5145,Sodium,21.1,mg
5146,Energy,268,cal
5146,Protein,5.4,g
5146,Carbohydrates,41.5,g
5146,Fiber,2.9,g
5146,Fat,7.8,g
5146,Cholesterol,8,mg
5146,Sodium,21.1,mg
5147,Energy,268,cal
5147,Protein,5.4,g
5147,Carbohydrates,41.5,g
5147,Fiber,2.9,g
5147,Fat,7.8,g
5147,Cholesterol,8,mg
5147,Sodium,21.1,mg
5148,Energy,77,cal
5148,Protein,2.3,g
5148,Carbohydrates,12.3,g
5148,Fiber,2,g
5148,Fat,2.3,g
5148,Cholesterol,0,mg
5148,Sodium,3.1,mg
5149,Energy,88,cal
5149,Protein,3.3,g
5149,Carbohydrates,10.8,g
5149,Fiber,2.7,g
5149,Fat,3.7,g
5149,Cholesterol,0,mg
5149,Sodium,3,mg
5150,Energy,88,cal
5150,Protein,3.3,g
5150,Carbohydrates,10.8,g
5150,Fiber,2.7,g
5150,Fat,3.7,g
5150,Cholesterol,0,mg
5150,Sodium,3,mg
5151,Energy,207,cal
5151,Protein,7.4,g
5151,Carbohydrates,30.6,g
5151,Fiber,5.3,g
5151,Fat,6.4,g
5151,Cholesterol,0,mg
5151,Sodium,5.1,mg
5152,Energy,319,cal
5152,Protein,3.1,g
5152,Carbohydrates,18.4,g
5152,Fiber,1.9,g
5152,Fat,25.7,g
5152,Cholesterol,40,mg
5152,Sodium,136.9,mg
5153,Energy,300,cal
5153,Protein,9.1,g
5153,Carbohydrates,53.2,g
5153,Fiber,5.5,g
5153,Fat,5.6,g
5153,Cholesterol,0,mg
5153,Sodium,12.1,mg
5154,Energy,221,cal
5154,Protein,3,g
5154,Carbohydrates,35.2,g
5154,Fiber,0.6,g
5154,Fat,7.5,g
5154,Cholesterol,19.4,mg
5154,Sodium,148.5,mg
5155,Energy,4,cal
5155,Protein,0.1,g
5155,Carbohydrates,0.8,g
5155,Fiber,0.2,g
5155,Fat,0.1,g
5155,Cholesterol,0,mg
5155,Sodium,23.2,mg
5156,Energy,15,cal
5156,Protein,0.2,g
5156,Carbohydrates,3.2,g
5156,Fiber,0.3,g
5156,Fat,0.1,g
5156,Cholesterol,0,mg
5156,Sodium,114.6,mg
5157,Energy,15,cal
5157,Protein,0.2,g
5157,Carbohydrates,3.2,g
5157,Fiber,0.3,g
5157,Fat,0.1,g
5157,Cholesterol,0,mg
5157,Sodium,114.6,mg
5158,Energy,482,cal
5158,Protein,4.9,g
5158,Carbohydrates,34,g
5158,Fiber,5.1,g
5158,Fat,37.6,g
5158,Cholesterol,0,mg
5158,Vitamin A,362.4,mcg
5158,Vitamin B1,0.3,mg
5158,Vitamin B2,0.2,mg
5158,Vitamin B3,2.1,mg
5158,Vitamin C,11.8,mg
5158,Folic Acid,100.5,mcg
5158,Calcium,102.9,mg
5158,Iron,2.1,mg
5158,Magnesium,0,mg
5158,Phosphorus,0,mg
5158,Sodium,248,mg
5158,Potassium,266.4,mg
5158,Zinc,0.8,mg
5159,Energy,482,cal
5159,Protein,4.9,g
5159,Carbohydrates,34,g
5159,Fiber,5.1,g
5159,Fat,37.6,g
5159,Cholesterol,0,mg
5159,Vitamin A,362.4,mcg
5159,Vitamin B1,0.3,mg
5159,Vitamin B2,0.2,mg
5159,Vitamin B3,2.1,mg
5159,Vitamin C,11.8,mg
5159,Folic Acid,100.5,mcg
5159,Calcium,102.9,mg
5159,Iron,2.1,mg
5159,Magnesium,0,mg
5159,Phosphorus,0,mg
5159,Sodium,248,mg
5159,Potassium,266.4,mg
5159,Zinc,0.8,mg
5160,Energy,42,cal
5160,Protein,1.6,g
5160,Carbohydrates,1.2,g
5160,Fiber,0.1,g
5160,Fat,3.4,g
5160,Cholesterol,2.9,mg
5160,Sodium,36.8,mg
5161,Energy,138,cal
5161,Protein,0.1,g
5161,Carbohydrates,0.8,g
5161,Fiber,0.2,g
5161,Fat,15,g
5161,Cholesterol,0,mg
5161,Vitamin A,128.6,mcg
5161,Vitamin B1,0,mg
5161,Vitamin B2,0,mg
5161,Vitamin B3,0,mg
5161,Vitamin C,1.7,mg
5161,Folic Acid,0,mcg
5161,Calcium,3,mg
5161,Iron,0,mg
5161,Magnesium,0,mg
5161,Phosphorus,0,mg
5161,Sodium,0,mg
5161,Potassium,11.6,mg
5161,Zinc,0,mg
5162,Energy,39,cal
5162,Protein,0.4,g
5162,Carbohydrates,3.3,g
5162,Fiber,0.2,g
5162,Fat,2.6,g
5162,Cholesterol,0,mg
5162,Vitamin A,27.8,mcg
5162,Vitamin B1,0,mg
5162,Vitamin B2,0,mg
5162,Vitamin B3,0.1,mg
5162,Vitamin C,0.4,mg
5162,Folic Acid,1.8,mcg
5162,Calcium,2.2,mg
5162,Iron,0.1,mg
5162,Magnesium,0,mg
5162,Phosphorus,0,mg
5162,Sodium,0.5,mg
5162,Potassium,8.4,mg
5162,Zinc,0.1,mg
5163,Energy,39,cal
5163,Protein,0.4,g
5163,Carbohydrates,3.3,g
5163,Fiber,0.2,g
5163,Fat,2.6,g
5163,Cholesterol,0,mg
5163,Vitamin A,27.8,mcg
5163,Vitamin B1,0,mg
5163,Vitamin B2,0,mg
5163,Vitamin B3,0.1,mg
5163,Vitamin C,0.4,mg
5163,Folic Acid,1.8,mcg
5163,Calcium,2.2,mg
5163,Iron,0.1,mg
5163,Magnesium,0,mg
5163,Phosphorus,0,mg
5163,Sodium,0.5,mg
5163,Potassium,8.4,mg
5163,Zinc,0.1,mg
5164,Energy,397,cal
5164,Protein,1.2,g
5164,Carbohydrates,19,g
5164,Fiber,0.4,g
5164,Fat,35,g
5164,Cholesterol,30,mg
5164,Vitamin A,609,mcg
5164,Vitamin B1,0,mg
5164,Vitamin B2,0,mg
5164,Vitamin B3,0.4,mg
5164,Vitamin C,0,mg
5164,Folic Acid,0.7,mcg
5164,Calcium,1.7,mg
5164,Iron,0.1,mg
5164,Magnesium,0,mg
5164,Phosphorus,0,mg
5164,Sodium,367.4,mg
5164,Potassium,16,mg
5164,Zinc,0.1,mg
5165,Energy,397,cal
5165,Protein,1.2,g
5165,Carbohydrates,19,g
5165,Fiber,0.4,g
5165,Fat,35,g
5165,Cholesterol,30,mg
5165,Vitamin A,609,mcg
5165,Vitamin B1,0,mg
5165,Vitamin B2,0,mg
5165,Vitamin B3,0.4,mg
5165,Vitamin C,0,mg
5165,Folic Acid,0.7,mcg
5165,Calcium,1.7,mg
5165,Iron,0.1,mg
5165,Magnesium,0,mg
5165,Phosphorus,0,mg
5165,Sodium,367.4,mg
5165,Potassium,16,mg
5165,Zinc,0.1,mg
5166,Energy,355,cal
5166,Protein,18.5,g
5166,Carbohydrates,24.7,g
5166,Fiber,0.8,g
5166,Fat,20.2,g
5166,Cholesterol,35,mg
5166,Sodium,302,mg
5167,Energy,355,cal
5167,Protein,18.5,g
5167,Carbohydrates,24.7,g
5167,Fiber,0.8,g
5167,Fat,20.2,g
5167,Cholesterol,35,mg
5167,Sodium,302,mg
5168,Energy,52,cal
5168,Protein,2.2,g
5168,Carbohydrates,8.5,g
5168,Fiber,1.5,g
5168,Fat,1,g
5168,Cholesterol,0,mg
5168,Sodium,139.7,mg
5169,Energy,33,cal
5169,Protein,1,g
5169,Carbohydrates,3.5,g
5169,Fiber,0.1,g
5169,Fat,1.7,g
5169,Cholesterol,0,mg
5169,Vitamin A,53.9,mcg
5169,Vitamin B1,0,mg
5169,Vitamin B2,0,mg
5169,Vitamin B3,0.2,mg
5169,Vitamin C,0.2,mg
5169,Folic Acid,1.7,mcg
5169,Calcium,16.3,mg
5169,Iron,0.3,mg
5169,Magnesium,0,mg
5169,Phosphorus,0,mg
5169,Sodium,13.4,mg
5169,Potassium,17.1,mg
5169,Zinc,0.1,mg
5170,Energy,33,cal
5170,Protein,1,g
5170,Carbohydrates,3.5,g
5170,Fiber,0.1,g
5170,Fat,1.7,g
5170,Cholesterol,0,mg
5170,Vitamin A,53.9,mcg
5170,Vitamin B1,0,mg
5170,Vitamin B2,0,mg
5170,Vitamin B3,0.2,mg
5170,Vitamin C,0.2,mg
5170,Folic Acid,1.7,mcg
5170,Calcium,16.3,mg
5170,Iron,0.3,mg
5170,Magnesium,0,mg
5170,Phosphorus,0,mg
5170,Sodium,13.4,mg
5170,Potassium,17.1,mg
5170,Zinc,0.1,mg
5171,Energy,80,cal
5171,Protein,1.6,g
5171,Carbohydrates,10.1,g
5171,Fiber,2.8,g
5171,Fat,3.7,g
5171,Cholesterol,0,mg
5171,Sodium,2.7,mg
5172,Energy,17,cal
5172,Protein,0.1,g
5172,Carbohydrates,4.2,g
5172,Fiber,0.2,g
5172,Fat,0,g
5172,Cholesterol,0,mg
5172,Sodium,0.3,mg
5173,Energy,107,cal
5173,Protein,1.6,g
5173,Carbohydrates,10.9,g
5173,Fiber,0.1,g
5173,Fat,6.4,g
5173,Cholesterol,0,mg
5173,Vitamin A,59.7,mcg
5173,Vitamin B1,0,mg
5173,Vitamin B2,0,mg
5173,Vitamin B3,0.3,mg
5173,Vitamin C,0.5,mg
5173,Folic Acid,0.2,mcg
5173,Calcium,5.1,mg
5173,Iron,0.4,mg
5173,Magnesium,0,mg
5173,Phosphorus,0,mg
5173,Sodium,1.4,mg
5173,Potassium,23.1,mg
5173,Zinc,0.1,mg
5174,Energy,158,cal
5174,Protein,4.3,g
5174,Carbohydrates,26.4,g
5174,Fiber,4.2,g
5174,Fat,4.4,g
5174,Cholesterol,0,mg
5174,Sodium,8.4,mg
5175,Energy,9,cal
5175,Protein,0.3,g
5175,Carbohydrates,1.7,g
5175,Fiber,0.4,g
5175,Fat,0.1,g
5175,Cholesterol,0,mg
5175,Sodium,1.2,mg
5176,Energy,67,cal
5176,Protein,2.4,g
5176,Carbohydrates,4.4,g
5176,Fiber,0.1,g
5176,Fat,3.3,g
5176,Cholesterol,8,mg
5176,Sodium,10.6,mg
5177,Energy,67,cal
5177,Protein,2.4,g
5177,Carbohydrates,4.4,g
5177,Fiber,0.1,g
5177,Fat,3.3,g
5177,Cholesterol,8,mg
5177,Sodium,10.6,mg
5178,Energy,335,cal
5178,Protein,2.9,g
5178,Carbohydrates,23.7,g
5178,Fiber,1.3,g
5178,Fat,25.6,g
5178,Cholesterol,0,mg
5178,Vitamin A,228.8,mcg
5178,Vitamin B1,0.2,mg
5178,Vitamin B2,0.1,mg
5178,Vitamin B3,1.6,mg
5178,Vitamin C,3.4,mg
5178,Folic Acid,28.1,mcg
5178,Calcium,33.6,mg
5178,Iron,1.4,mg
5178,Magnesium,0,mg
5178,Phosphorus,0,mg
5178,Sodium,3.1,mg
5178,Potassium,90.8,mg
5178,Zinc,0.4,mg
5179,Energy,335,cal
5179,Protein,2.9,g
5179,Carbohydrates,23.7,g
5179,Fiber,1.3,g
5179,Fat,25.6,g
5179,Cholesterol,0,mg
5179,Vitamin A,228.8,mcg
5179,Vitamin B1,0.2,mg
5179,Vitamin B2,0.1,mg
5179,Vitamin B3,1.6,mg
5179,Vitamin C,3.4,mg
5179,Folic Acid,28.1,mcg
5179,Calcium,33.6,mg
5179,Iron,1.4,mg
5179,Magnesium,0,mg
5179,Phosphorus,0,mg
5179,Sodium,3.1,mg
5179,Potassium,90.8,mg
5179,Zinc,0.4,mg
5180,Energy,169,cal
5180,Protein,2.9,g
5180,Carbohydrates,18.2,g
5180,Fiber,2.8,g
5180,Fat,9.8,g
5180,Cholesterol,0,mg
5180,Sodium,5.8,mg
5181,Energy,122,cal
5181,Protein,2.7,g
5181,Carbohydrates,6.7,g
5181,Fiber,0.1,g
5181,Fat,8.2,g
5181,Cholesterol,0,mg
5181,Vitamin A,272.6,mcg
5181,Vitamin B1,0,mg
5181,Vitamin B2,0.1,mg
5181,Vitamin B3,0.2,mg
5181,Vitamin C,3.1,mg
5181,Folic Acid,4.2,mcg
5181,Calcium,116.4,mg
5181,Iron,0.3,mg
5181,Magnesium,0,mg
5181,Phosphorus,0,mg
5181,Sodium,60.2,mg
5181,Potassium,79,mg
5181,Zinc,0.1,mg
5182,Energy,122,cal
5182,Protein,2.7,g
5182,Carbohydrates,6.7,g
5182,Fiber,0.1,g
5182,Fat,8.2,g
5182,Cholesterol,0,mg
5182,Vitamin A,272.6,mcg
5182,Vitamin B1,0,mg
5182,Vitamin B2,0.1,mg
5182,Vitamin B3,0.2,mg
5182,Vitamin C,3.1,mg
5182,Folic Acid,4.2,mcg
5182,Calcium,116.4,mg
5182,Iron,0.3,mg
5182,Magnesium,0,mg
5182,Phosphorus,0,mg
5182,Sodium,60.2,mg
5182,Potassium,79,mg
5182,Zinc,0.1,mg
5183,Energy,42,cal
5183,Protein,0.7,g
5183,Carbohydrates,4.9,g
5183,Fiber,1,g
5183,Fat,2.1,g
5183,Cholesterol,0,mg
5183,Sodium,7.8,mg
5184,Energy,120,cal
5184,Protein,3,g
5184,Carbohydrates,18.9,g
5184,Fiber,0.2,g
5184,Fat,3.4,g
5184,Cholesterol,1.6,mg
5184,Sodium,8.7,mg
5185,Energy,92,cal
5185,Protein,17.9,g
5185,Carbohydrates,14.2,g
5185,Fiber,1.5,g
5185,Fat,2.8,g
5185,Cholesterol,0,mg
5185,Sodium,6.6,mg
5187,Energy,125,cal
5187,Protein,4.3,g
5187,Carbohydrates,18.9,g
5187,Fiber,3,g
5187,Fat,4,g
5187,Cholesterol,5,mg
5187,Sodium,67.5,mg
5188,Energy,10,cal
5188,Protein,0.7,g
5188,Carbohydrates,1,g
5188,Fiber,0.2,g
5188,Fat,0.5,g
5188,Cholesterol,0,mg
5188,Vitamin A,39.1,mcg
5188,Vitamin B1,0,mg
5188,Vitamin B2,0.1,mg
5188,Vitamin B3,0.5,mg
5188,Vitamin C,1.4,mg
5188,Folic Acid,2.5,mcg
5188,Calcium,15.9,mg
5188,Iron,0.2,mg
5188,Magnesium,0,mg
5188,Phosphorus,0,mg
5188,Sodium,0.8,mg
5188,Potassium,45.5,mg
5188,Zinc,0.1,mg
5189,Energy,98,cal
5189,Protein,2.4,g
5189,Carbohydrates,11.9,g
5189,Fiber,0.2,g
5189,Fat,4.5,g
5189,Cholesterol,14,mg
5189,Sodium,70.1,mg
5190,Energy,98,cal
5190,Protein,2.4,g
5190,Carbohydrates,11.9,g
5190,Fiber,0.2,g
5190,Fat,4.5,g
5190,Cholesterol,14,mg
5190,Sodium,70.1,mg
5191,Energy,98,cal
5191,Protein,2.4,g
5191,Carbohydrates,11.9,g
5191,Fiber,0.2,g
5191,Fat,4.5,g
5191,Cholesterol,14,mg
5191,Sodium,70.1,mg
5192,Energy,98,cal
5192,Protein,2.4,g
5192,Carbohydrates,11.9,g
5192,Fiber,0.2,g
5192,Fat,4.5,g
5192,Cholesterol,14,mg
5192,Sodium,70.1,mg
5193,Energy,98,cal
5193,Protein,2.4,g
5193,Carbohydrates,11.9,g
5193,Fiber,0.2,g
5193,Fat,4.5,g
5193,Cholesterol,14,mg
5193,Sodium,70.1,mg
5194,Energy,98,cal
5194,Protein,2.4,g
5194,Carbohydrates,11.9,g
5194,Fiber,0.2,g
5194,Fat,4.5,g
5194,Cholesterol,14,mg
5194,Sodium,70.1,mg
5195,Energy,148,cal
5195,Protein,4.8,g
5195,Carbohydrates,22.2,g
5195,Fiber,0,g
5195,Fat,4.4,g
5195,Cholesterol,0,mg
5195,Vitamin A,17.1,mcg
5195,Vitamin B1,0,mg
5195,Vitamin B2,0,mg
5195,Vitamin B3,0.1,mg
5195,Vitamin C,0,mg
5195,Folic Acid,0,mcg
5195,Calcium,87.7,mg
5195,Iron,0.4,mg
5195,Magnesium,0,mg
5195,Phosphorus,0,mg
5195,Sodium,241,mg
5195,Potassium,0,mg
5195,Zinc,0,mg
5196,Energy,275,cal
5196,Protein,9,g
5196,Carbohydrates,24.7,g
5196,Fiber,1.6,g
5196,Fat,15.8,g
5196,Cholesterol,17.1,mg
5196,Vitamin A,446.5,mcg
5196,Vitamin B1,-0.2,mg
5196,Vitamin B2,-0.2,mg
5196,Vitamin B3,0.3,mg
5196,Vitamin C,17.4,mg
5196,Folic Acid,3.6,mcg
5196,Calcium,197.6,mg
5196,Iron,0.9,mg
5196,Magnesium,0,mg
5196,Phosphorus,0,mg
5196,Sodium,240,mg
5196,Potassium,63.5,mg
5196,Zinc,0.2,mg
5197,Energy,275,cal
5197,Protein,9,g
5197,Carbohydrates,24.7,g
5197,Fiber,1.6,g
5197,Fat,15.8,g
5197,Cholesterol,17.1,mg
5197,Vitamin A,446.5,mcg
5197,Vitamin B1,-0.2,mg
5197,Vitamin B2,-0.2,mg
5197,Vitamin B3,0.3,mg
5197,Vitamin C,17.4,mg
5197,Folic Acid,3.6,mcg
5197,Calcium,197.6,mg
5197,Iron,0.9,mg
5197,Magnesium,0,mg
5197,Phosphorus,0,mg
5197,Sodium,240,mg
5197,Potassium,63.5,mg
5197,Zinc,0.2,mg
5200,Energy,216,cal
5200,Protein,3.4,g
5200,Carbohydrates,43.1,g
5200,Fiber,3.3,g
5200,Fat,3.4,g
5200,Cholesterol,0,mg
5200,Sodium,20.6,mg
5201,Energy,232,cal
5201,Protein,4.3,g
5201,Carbohydrates,24.7,g
5201,Fiber,0.4,g
5201,Fat,11.1,g
5201,Cholesterol,13.7,mg
5201,Sodium,23.8,mg
5202,Energy,232,cal
5202,Protein,4.3,g
5202,Carbohydrates,24.7,g
5202,Fiber,0.4,g
5202,Fat,11.1,g
5202,Cholesterol,13.7,mg
5202,Sodium,23.8,mg
5204,Energy,388,cal
5204,Protein,3.2,g
5204,Carbohydrates,91.7,g
5204,Fiber,15.9,g
5204,Fat,0.9,g
5204,Cholesterol,0,mg
5204,Sodium,188.5,mg
5205,Energy,163,cal
5205,Protein,2.3,g
5205,Carbohydrates,27,g
5205,Fiber,0.3,g
5205,Fat,5.3,g
5205,Cholesterol,0,mg
5205,Sodium,13.3,mg
5206,Energy,271,cal
5206,Protein,4,g
5206,Carbohydrates,46.7,g
5206,Fiber,4.4,g
5206,Fat,7.8,g
5206,Cholesterol,0,mg
5206,Sodium,21.8,mg
5207,Energy,264,cal
5207,Protein,2.8,g
5207,Carbohydrates,61.8,g
5207,Fiber,4.9,g
5207,Fat,0.8,g
5207,Cholesterol,0,mg
5207,Sodium,20,mg
5208,Energy,393,cal
5208,Protein,6.1,g
5208,Carbohydrates,75.9,g
5208,Fiber,5.9,g
5208,Fat,6.6,g
5208,Cholesterol,4,mg
5208,Sodium,21.5,mg
5210,Energy,260,cal
5210,Protein,4.3,g
5210,Carbohydrates,49.4,g
5210,Fiber,3.4,g
5210,Fat,3.9,g
5210,Cholesterol,8,mg
5210,Sodium,39.5,mg
5211,Energy,114,cal
5211,Protein,0,g
5211,Carbohydrates,17.4,g
5211,Fiber,0,g
5211,Fat,4.9,g
5211,Cholesterol,15,mg
5211,Sodium,49.7,mg
5212,Energy,141,cal
5212,Protein,2.4,g
5212,Carbohydrates,17.3,g
5212,Fiber,0.2,g
5212,Fat,7,g
5212,Cholesterol,17.7,mg
5212,Sodium,77.2,mg
5213,Energy,154,cal
5213,Protein,5,g
5213,Carbohydrates,15.3,g
5213,Fiber,0.1,g
5213,Fat,7.1,g
5213,Cholesterol,8,mg
5213,Sodium,35.4,mg
5214,Energy,311,cal
5214,Protein,10.2,g
5214,Carbohydrates,30.6,g
5214,Fiber,0.2,g
5214,Fat,14.4,g
5214,Cholesterol,16,mg
5214,Sodium,70.8,mg
5215,Energy,408,cal
5215,Protein,5,g
5215,Carbohydrates,70.6,g
5215,Fiber,2,g
5215,Fat,10.8,g
5215,Cholesterol,0,mg
5215,Sodium,11.7,mg
5216,Energy,134,cal
5216,Protein,0.4,g
5216,Carbohydrates,10.4,g
5216,Fiber,0,g
5216,Fat,8.8,g
5216,Cholesterol,0,mg
5216,Sodium,11.8,mg
5217,Energy,75,cal
5217,Protein,0.9,g
5217,Carbohydrates,9.8,g
5217,Fiber,0,g
5217,Fat,3.5,g
5217,Cholesterol,0,mg
5217,Vitamin A,137.7,mcg
5217,Vitamin B1,0,mg
5217,Vitamin B2,0,mg
5217,Vitamin B3,0.2,mg
5217,Vitamin C,0,mg
5217,Folic Acid,0,mcg
5217,Calcium,3.5,mg
5217,Iron,0.2,mg
5217,Magnesium,0,mg
5217,Phosphorus,0,mg
5217,Sodium,35.6,mg
5217,Potassium,12.5,mg
5217,Zinc,0,mg
5218,Energy,320,cal
5218,Protein,8.7,g
5218,Carbohydrates,36,g
5218,Fiber,0,g
5218,Fat,12.8,g
5218,Cholesterol,21.3,mg
5218,Sodium,59.2,mg
5219,Energy,320,cal
5219,Protein,8.7,g
5219,Carbohydrates,36,g
5219,Fiber,0,g
5219,Fat,12.8,g
5219,Cholesterol,21.3,mg
5219,Sodium,59.2,mg
5220,Energy,320,cal
5220,Protein,8.7,g
5220,Carbohydrates,36,g
5220,Fiber,0,g
5220,Fat,12.8,g
5220,Cholesterol,21.3,mg
5220,Sodium,59.2,mg
5221,Energy,128,cal
5221,Protein,0.1,g
5221,Carbohydrates,31.7,g
5221,Fiber,0.2,g
5221,Fat,0,g
5221,Cholesterol,0,mg
5221,Sodium,0.8,mg
5222,Energy,30,cal
5222,Protein,0,g
5222,Carbohydrates,8.2,g
5222,Fiber,0,g
5222,Fat,0,g
5222,Cholesterol,0,mg
5222,Sodium,0.4,mg
5223,Energy,218,cal
5223,Protein,4.2,g
5223,Carbohydrates,22,g
5223,Fiber,0.2,g
5223,Fat,10.7,g
5223,Cholesterol,13.3,mg
5223,Sodium,21.7,mg
5224,Energy,324,cal
5224,Protein,8.5,g
5224,Carbohydrates,35.9,g
5224,Fiber,1,g
5224,Fat,12,g
5224,Cholesterol,28.8,mg
5224,Sodium,36.1,mg
5225,Energy,52,cal
5225,Protein,0.4,g
5225,Carbohydrates,12.4,g
5225,Fiber,0.6,g
5225,Fat,0.1,g
5225,Cholesterol,0,mg
5225,Sodium,2.4,mg
5227,Energy,257,cal
5227,Protein,4,g
5227,Carbohydrates,27,g
5227,Fiber,1.9,g
5227,Fat,13.9,g
5227,Cholesterol,8,mg
5227,Sodium,24,mg
5228,Energy,115,cal
5228,Protein,2.8,g
5228,Carbohydrates,24.6,g
5228,Fiber,2.1,g
5228,Fat,0.8,g
5228,Cholesterol,0,mg
5228,Sodium,4.2,mg
5229,Energy,115,cal
5229,Protein,2.8,g
5229,Carbohydrates,24.6,g
5229,Fiber,2.1,g
5229,Fat,0.8,g
5229,Cholesterol,0,mg
5229,Sodium,4.2,mg
5230,Energy,174,cal
5230,Protein,2.3,g
5230,Carbohydrates,21.4,g
5230,Fiber,0.1,g
5230,Fat,8.9,g
5230,Cholesterol,17.7,mg
5230,Sodium,78.8,mg
5231,Energy,411,cal
5231,Protein,10.8,g
5231,Carbohydrates,51.8,g
5231,Fiber,0.2,g
5231,Fat,18,g
5231,Cholesterol,1.2,mg
5231,Sodium,2.4,mg
5232,Energy,411,cal
5232,Protein,10.8,g
5232,Carbohydrates,51.8,g
5232,Fiber,0.2,g
5232,Fat,18,g
5232,Cholesterol,1.2,mg
5232,Sodium,2.4,mg
5233,Energy,49,cal
5233,Protein,0.4,g
5233,Carbohydrates,11.6,g
5233,Fiber,0.6,g
5233,Fat,0.1,g
5233,Cholesterol,0,mg
5233,Sodium,2.4,mg
5235,Energy,269,cal
5235,Protein,4.8,g
5235,Carbohydrates,39.5,g
5235,Fiber,2.8,g
5235,Fat,10.5,g
5235,Cholesterol,0,mg
5235,Sodium,7.2,mg
5236,Energy,233,cal
5236,Protein,3.7,g
5236,Carbohydrates,36,g
5236,Fiber,1.7,g
5236,Fat,8.4,g
5236,Cholesterol,0,mg
5236,Vitamin A,648.3,mcg
5236,Vitamin B1,0.3,mg
5236,Vitamin B2,0.1,mg
5236,Vitamin B3,1.8,mg
5236,Vitamin C,25.8,mg
5236,Folic Acid,8.1,mcg
5236,Calcium,45.4,mg
5236,Iron,2.3,mg
5236,Magnesium,0,mg
5236,Phosphorus,0,mg
5236,Sodium,6,mg
5236,Potassium,174.5,mg
5236,Zinc,0,mg
5237,Energy,67,cal
5237,Protein,0,g
5237,Carbohydrates,17.3,g
5237,Fiber,0,g
5237,Fat,0.1,g
5237,Cholesterol,0,mg
5237,Sodium,0,mg
5239,Energy,217,cal
5239,Protein,5.3,g
5239,Carbohydrates,31.9,g
5239,Fiber,0,g
5239,Fat,6.7,g
5239,Cholesterol,8,mg
5239,Sodium,64.1,mg
5240,Energy,136,cal
5240,Protein,3.1,g
5240,Carbohydrates,29.7,g
5240,Fiber,1.6,g
5240,Fat,0.6,g
5240,Cholesterol,0,mg
5240,Sodium,6.4,mg
5243,Energy,105,cal
5243,Protein,1.5,g
5243,Carbohydrates,24,g
5243,Fiber,2.4,g
5243,Fat,0.3,g
5243,Cholesterol,0,mg
5243,Sodium,6.3,mg
5244,Energy,239,cal
5244,Protein,3.2,g
5244,Carbohydrates,21.4,g
5244,Fiber,3.1,g
5244,Fat,11.6,g
5244,Cholesterol,0,mg
5244,Sodium,98.1,mg
5245,Energy,1161,cal
5245,Protein,14,g
5245,Carbohydrates,126.3,g
5245,Fiber,1,g
5245,Fat,79.7,g
5245,Cholesterol,2.4,mg
5245,Sodium,36.8,mg
5246,Energy,254,cal
5246,Protein,2.7,g
5246,Carbohydrates,34.5,g
5246,Fiber,0.2,g
5246,Fat,13,g
5246,Cholesterol,18.2,mg
5246,Sodium,60.2,mg
5247,Energy,254,cal
5247,Protein,2.7,g
5247,Carbohydrates,34.5,g
5247,Fiber,0.2,g
5247,Fat,13,g
5247,Cholesterol,18.2,mg
5247,Sodium,60.2,mg
5248,Energy,254,cal
5248,Protein,2.7,g
5248,Carbohydrates,34.5,g
5248,Fiber,0.2,g
5248,Fat,13,g
5248,Cholesterol,18.2,mg
5248,Sodium,60.2,mg
5249,Energy,262,cal
5249,Protein,5.1,g
5249,Carbohydrates,31.4,g
5249,Fiber,0.3,g
5249,Fat,11.7,g
5249,Cholesterol,8,mg
5249,Sodium,9.5,mg
5250,Energy,262,cal
5250,Protein,5.1,g
5250,Carbohydrates,31.4,g
5250,Fiber,0.3,g
5250,Fat,11.7,g
5250,Cholesterol,8,mg
5250,Sodium,9.5,mg
5251,Energy,94,cal
5251,Protein,0.4,g
5251,Carbohydrates,22.6,g
5251,Fiber,3.1,g
5251,Fat,0.1,g
5251,Cholesterol,0,mg
5251,Sodium,38.7,mg
5252,Energy,94,cal
5252,Protein,0.4,g
5252,Carbohydrates,22.6,g
5252,Fiber,3.1,g
5252,Fat,0.1,g
5252,Cholesterol,0,mg
5252,Sodium,38.7,mg
5253,Energy,94,cal
5253,Protein,0.4,g
5253,Carbohydrates,22.6,g
5253,Fiber,3.1,g
5253,Fat,0.1,g
5253,Cholesterol,0,mg
5253,Sodium,38.7,mg
5254,Energy,145,cal
5254,Protein,5.6,g
5254,Carbohydrates,8,g
5254,Fiber,1.7,g
5254,Fat,10,g
5254,Cholesterol,0,mg
5254,Vitamin A,397.6,mcg
5254,Vitamin B1,0.3,mg
5254,Vitamin B2,0.1,mg
5254,Vitamin B3,0.1,mg
5254,Vitamin C,60.9,mg
5254,Folic Acid,1.1,mcg
5254,Calcium,175.1,mg
5254,Iron,1.5,mg
5254,Magnesium,0,mg
5254,Phosphorus,0,mg
5254,Sodium,130.1,mg
5254,Potassium,34.8,mg
5254,Zinc,0.1,mg
5255,Energy,145,cal
5255,Protein,5.6,g
5255,Carbohydrates,8,g
5255,Fiber,1.7,g
5255,Fat,10,g
5255,Cholesterol,0,mg
5255,Vitamin A,397.6,mcg
5255,Vitamin B1,0.3,mg
5255,Vitamin B2,0.1,mg
5255,Vitamin B3,0.1,mg
5255,Vitamin C,60.9,mg
5255,Folic Acid,1.1,mcg
5255,Calcium,175.1,mg
5255,Iron,1.5,mg
5255,Magnesium,0,mg
5255,Phosphorus,0,mg
5255,Sodium,130.1,mg
5255,Potassium,34.8,mg
5255,Zinc,0.1,mg
5256,Energy,100,cal
5256,Protein,5,g
5256,Carbohydrates,10.6,g
5256,Fiber,3.2,g
5256,Fat,4.4,g
5256,Cholesterol,0,mg
5256,Sodium,300.4,mg
5257,Protein,7.3,g
5257,Cho,16.7,g
5257,Fat,5,g
5259,Energy,115,calories.
5259,Protein,7,gm.
5259,Carbohydrate,19.2,gm.
5259,Fat,1.6,gm.
5260,Energy,115,calories.
5260,Protein,7,gm.
5260,Carbohydrate,19.2,gm.
5260,Fat,1.6,gm.
5261,Energy,115,calories.
5261,Protein,7,gm.
5261,Carbohydrate,19.2,gm.
5261,Fat,1.6,gm.
5262,Energy,320,cal
5262,Protein,3.5,g
5262,Carbohydrates,11.2,g
5262,Fiber,7.9,g
5262,Fat,29,g
5262,Cholesterol,0,mg
5262,Sodium,12.3,mg
5264,Energy,162,cal
5264,Protein,4.6,g
5264,Carbohydrates,20.4,g
5264,Fiber,1.9,g
5264,Fat,6.9,g
5264,Cholesterol,0,mg
5264,Sodium,5.8,mg
5265,Energy,128,cal
5265,Protein,1.6,g
5265,Carbohydrates,5.3,g
5265,Fiber,0.8,g
5265,Fat,11.1,g
5265,Cholesterol,0,mg
5265,Sodium,6.5,mg
5266,Energy,307,cal
5266,Protein,2.4,g
5266,Carbohydrates,56.8,g
5266,Fiber,7.9,g
5266,Fat,8,g
5266,Cholesterol,0,mg
5266,Sodium,18.2,mg
5267,Energy,289,cal
5267,Protein,6.9,g
5267,Carbohydrates,35.3,g
5267,Fiber,0.2,g
5267,Fat,9.8,g
5267,Cholesterol,24,mg
5267,Sodium,28.8,mg
5268,Energy,408,cal
5268,Protein,10.9,g
5268,Carbohydrates,43.4,g
5268,Fiber,0.4,g
5268,Fat,15.5,g
5268,Cholesterol,38,mg
5268,Sodium,45.7,mg
5269,Energy,408,cal
5269,Protein,10.9,g
5269,Carbohydrates,43.4,g
5269,Fiber,0.4,g
5269,Fat,15.5,g
5269,Cholesterol,38,mg
5269,Sodium,45.7,mg
5270,Energy,408,cal
5270,Protein,10.9,g
5270,Carbohydrates,43.4,g
5270,Fiber,0.4,g
5270,Fat,15.5,g
5270,Cholesterol,38,mg
5270,Sodium,45.7,mg
5271,Energy,408,cal
5271,Protein,10.9,g
5271,Carbohydrates,43.4,g
5271,Fiber,0.4,g
5271,Fat,15.5,g
5271,Cholesterol,38,mg
5271,Sodium,45.7,mg
5272,Energy,52,cal
5272,Protein,1.1,g
5272,Carbohydrates,6.6,g
5272,Fiber,0,g
5272,Fat,2.3,g
5272,Cholesterol,0,mg
5272,Sodium,0,mg
5273,Energy,52,cal
5273,Protein,1.1,g
5273,Carbohydrates,6.6,g
5273,Fiber,0,g
5273,Fat,2.3,g
5273,Cholesterol,0,mg
5273,Sodium,0,mg
5274,Energy,802,cal
5274,Protein,5.5,g
5274,Carbohydrates,40.3,g
5274,Fiber,8.7,g
5274,Fat,68.7,g
5274,Cholesterol,0,mg
5274,Sodium,10378.4,mg
5278,Energy,190,cal
5278,Protein,3.9,g
5278,Carbohydrates,23.6,g
5278,Fiber,4,g
5278,Fat,9.4,g
5278,Cholesterol,0,mg
5278,Sodium,6.5,mg
5282,Carbohydrates,11.4,gm
5282,Vitamin C,45.9,mg
5282,Energy,212,cal
5282,Fat,14.8,gm
5282,Protein,8,m
5282,Iron,1.4,mg
5283,Carbohydrates,11.4,gm
5283,Vitamin C,45.9,mg
5283,Energy,212,cal
5283,Fat,14.8,gm
5283,Protein,8,m
5283,Iron,1.4,mg
5284,Carbohydrates,11.4,gm
5284,Vitamin C,45.9,mg
5284,Energy,212,cal
5284,Fat,14.8,gm
5284,Protein,8,m
5284,Iron,1.4,mg
5285,Carbohydrates,11.4,gm
5285,Vitamin C,45.9,mg
5285,Energy,212,cal
5285,Fat,14.8,gm
5285,Protein,8,m
5285,Iron,1.4,mg
5286,Carbohydrates,11.4,gm
5286,Vitamin C,45.9,mg
5286,Energy,212,cal
5286,Fat,14.8,gm
5286,Protein,8,m
5286,Iron,1.4,mg
5287,Energy,42,cal
5287,Protein,1.3,g
5287,Carbohydrates,8.8,g
5287,Fiber,0.4,g
5287,Fat,0.2,g
5287,Cholesterol,0,mg
5287,Vitamin A,79.7,mcg
5287,Vitamin B1,0.1,mg
5287,Vitamin B2,0,mg
5287,Vitamin B3,0.5,mg
5287,Vitamin C,2.2,mg
5287,Folic Acid,6.7,mcg
5287,Calcium,6.4,mg
5287,Iron,0.5,mg
5287,Magnesium,0,mg
5287,Phosphorus,0,mg
5287,Sodium,3.8,mg
5287,Potassium,58.3,mg
5287,Zinc,0.3,mg
5288,Energy,114,cal
5288,Protein,2,g
5288,Carbohydrates,21.5,g
5288,Fiber,1.3,g
5288,Fat,2.1,g
5288,Cholesterol,0,mg
5288,Sodium,9.4,mg
5289,Energy,75,cal
5289,Protein,1.2,g
5289,Carbohydrates,2.6,g
5289,Fiber,2,g
5289,Fat,6.6,g
5289,Cholesterol,0,mg
5289,Sodium,23.9,mg
5290,Energy,75,cal
5290,Protein,1.2,g
5290,Carbohydrates,2.6,g
5290,Fiber,2,g
5290,Fat,6.6,g
5290,Cholesterol,0,mg
5290,Sodium,23.9,mg
5291,Energy,75,cal
5291,Protein,1.2,g
5291,Carbohydrates,2.6,g
5291,Fiber,2,g
5291,Fat,6.6,g
5291,Cholesterol,0,mg
5291,Sodium,23.9,mg
5292,Energy,201,cal
5292,Protein,9.5,g
5292,Carbohydrates,26,g
5292,Fiber,7.5,g
5292,Fat,6.6,g
5292,Cholesterol,0,mg
5292,Sodium,58.3,mg
5293,Energy,37,cal
5293,Protein,0.2,g
5293,Carbohydrates,2.8,g
5293,Fiber,0.1,g
5293,Fat,2.7,g
5293,Cholesterol,0.4,mg
5293,Vitamin A,74.7,mcg
5293,Vitamin B1,0,mg
5293,Vitamin B2,0,mg
5293,Vitamin B3,0.1,mg
5293,Vitamin C,0.2,mg
5293,Folic Acid,1.2,mcg
5293,Calcium,1,mg
5293,Iron,0,mg
5293,Magnesium,0,mg
5293,Phosphorus,0,mg
5293,Sodium,5.2,mg
5293,Potassium,4.4,mg
5293,Zinc,0,mg
5294,Energy,141,cal
5294,Protein,6.8,g
5294,Carbohydrates,24.3,g
5294,Fiber,5.2,g
5294,Fat,1.8,g
5294,Cholesterol,0,mg
5294,Sodium,37.2,mg
5295,Energy,392,cal
5295,Protein,9.9,g
5295,Carbohydrates,80.7,g
5295,Fiber,5,g
5295,Fat,3,g
5295,Cholesterol,0,mg
5295,Sodium,30.1,mg
5296,Energy,168,cal
5296,Protein,19.1,g
5296,Carbohydrates,11.7,g
5296,Fiber,2.2,g
5296,Fat,10.1,g
5296,Cholesterol,29.2,mg
5296,Vitamin A,3372.9,mcg
5296,Vitamin B1,0.1,mg
5296,Vitamin B2,0.2,mg
5296,Vitamin B3,0.6,mg
5296,Vitamin C,18.2,mg
5296,Folic Acid,76.8,mcg
5296,Calcium,210.8,mg
5296,Iron,1.4,mg
5296,Magnesium,0,mg
5296,Phosphorus,0,mg
5296,Sodium,66,mg
5296,Potassium,160.3,mg
5296,Zinc,0.4,mg
5297,Energy,32,cal
5297,Protein,2.4,g
5297,Carbohydrates,5.4,g
5297,Fiber,1.6,g
5297,Fat,0.1,g
5297,Cholesterol,0,mg
5297,Sodium,3.7,mg
5298,Energy,153,cal
5298,Protein,4.5,g
5298,Carbohydrates,15.8,g
5298,Fiber,7.2,g
5298,Fat,8,g
5298,Cholesterol,0,mg
5298,Sodium,26.3,mg
5301,Energy,152,cal
5301,Protein,6.6,g
5301,Carbohydrates,28.3,g
5301,Fiber,3.5,g
5301,Fat,1.4,g
5301,Cholesterol,0,mg
5301,Sodium,74,mg
5302,Energy,61,cal
5302,Protein,3.6,g
5302,Carbohydrates,9.9,g
5302,Fiber,2,g
5302,Fat,0.7,g
5302,Cholesterol,0.1,mg
5302,Sodium,44.4,mg
5303,Amount,36,gms
5303,Energy,59,kcal
5303,Protein,3.2,gm
5303,CHO,6.6,gm
5303,Fat,2.2,gm
5303,Fibre,0.5,gm
5304,Energy,212,cal
5304,Protein,4.7,g
5304,Carbohydrates,25.1,g
5304,Fiber,2.9,g
5304,Fat,10.3,g
5304,Cholesterol,0,mg
5304,Sodium,26.5,mg
5305,Energy,212,cal
5305,Protein,4.7,g
5305,Carbohydrates,25.1,g
5305,Fiber,2.9,g
5305,Fat,10.3,g
5305,Cholesterol,0,mg
5305,Sodium,26.5,mg
5306,Energy,212,cal
5306,Protein,4.7,g
5306,Carbohydrates,25.1,g
5306,Fiber,2.9,g
5306,Fat,10.3,g
5306,Cholesterol,0,mg
5306,Sodium,26.5,mg
5307,Energy,130,cal
5307,Protein,3.5,g
5307,Carbohydrates,16.2,g
5307,Fiber,3.6,g
5307,Fat,6.7,g
5307,Cholesterol,0,mg
5307,Vitamin A,3836.5,mcg
5307,Vitamin B1,0.1,mg
5307,Vitamin B2,0.2,mg
5307,Vitamin B3,0.5,mg
5307,Vitamin C,22.4,mg
5307,Folic Acid,96.4,mcg
5307,Calcium,59.7,mg
5307,Iron,1.2,mg
5307,Magnesium,0,mg
5307,Phosphorus,0,mg
5307,Sodium,44.8,mg
5307,Potassium,259,mg
5307,Zinc,0.5,mg
5308,Energy,129,cal
5308,Protein,3.4,g
5308,Carbohydrates,16,g
5308,Fiber,3.7,g
5308,Fat,6.5,g
5308,Cholesterol,0,mg
5308,Vitamin A,3836.5,mcg
5308,Vitamin B1,0.1,mg
5308,Vitamin B2,0.2,mg
5308,Vitamin B3,0.5,mg
5308,Vitamin C,22.4,mg
5308,Folic Acid,96.7,mcg
5308,Calcium,59.3,mg
5308,Iron,1.2,mg
5308,Magnesium,0,mg
5308,Phosphorus,0,mg
5308,Sodium,43.4,mg
5308,Potassium,238.7,mg
5308,Zinc,0.5,mg
5309,Energy,129,cal
5309,Protein,3.4,g
5309,Carbohydrates,16,g
5309,Fiber,3.7,g
5309,Fat,6.5,g
5309,Cholesterol,0,mg
5309,Vitamin A,3836.5,mcg
5309,Vitamin B1,0.1,mg
5309,Vitamin B2,0.2,mg
5309,Vitamin B3,0.5,mg
5309,Vitamin C,22.4,mg
5309,Folic Acid,96.7,mcg
5309,Calcium,59.3,mg
5309,Iron,1.2,mg
5309,Magnesium,0,mg
5309,Phosphorus,0,mg
5309,Sodium,43.4,mg
5309,Potassium,238.7,mg
5309,Zinc,0.5,mg
5310,Energy,129,cal
5310,Protein,3.4,g
5310,Carbohydrates,16,g
5310,Fiber,3.7,g
5310,Fat,6.5,g
5310,Cholesterol,0,mg
5310,Vitamin A,3836.5,mcg
5310,Vitamin B1,0.1,mg
5310,Vitamin B2,0.2,mg
5310,Vitamin B3,0.5,mg
5310,Vitamin C,22.4,mg
5310,Folic Acid,96.7,mcg
5310,Calcium,59.3,mg
5310,Iron,1.2,mg
5310,Magnesium,0,mg
5310,Phosphorus,0,mg
5310,Sodium,43.4,mg
5310,Potassium,238.7,mg
5310,Zinc,0.5,mg
5311,Energy,86,cal
5311,Protein,5.2,g
5311,Carbohydrates,13,g
5311,Fiber,2.4,g
5311,Fat,1.5,g
5311,Cholesterol,0,mg
5311,Sodium,11.9,mg
5312,Energy,247,cal
5312,Protein,14.3,g
5312,Carbohydrates,37,g
5312,Fiber,6.5,g
5312,Fat,4.7,g
5312,Cholesterol,0,mg
5312,Sodium,25.6,mg
5313,Energy,232,cal
5313,Protein,9.2,g
5313,Carbohydrates,11.1,g
5313,Fiber,5.1,g
5313,Fat,16.7,g
5313,Cholesterol,0.6,mg
5313,Sodium,53.5,mg
5314,Calcium,100.7,mg.
5314,Carbohydrate,4.1,gm.
5314,Energy,50,kcal.
5314,Fat,2.8,gm.
5314,Folic acid,31.4,mcg.
5314,Protein,2.1,gm.
5314,Vitamin A,1568.7,mcg
5315,Energy,148,cal
5315,Protein,9.4,g
5315,Carbohydrates,20.9,g
5315,Fiber,6.4,g
5315,Fat,2.9,g
5315,Cholesterol,0,mg
5315,Sodium,13.9,mg
5316,Energy,44,cal
5316,Protein,1.8,g
5316,Carbohydrates,5.9,g
5316,Fiber,1.7,g
5316,Fat,1.5,g
5316,Cholesterol,0,mg
5316,Sodium,12.1,mg
5317,Energy,44,cal
5317,Protein,1.8,g
5317,Carbohydrates,5.9,g
5317,Fiber,1.7,g
5317,Fat,1.5,g
5317,Cholesterol,0,mg
5317,Sodium,12.1,mg
5318,Energy,44,cal
5318,Protein,1.8,g
5318,Carbohydrates,5.9,g
5318,Fiber,1.7,g
5318,Fat,1.5,g
5318,Cholesterol,0,mg
5318,Sodium,12.1,mg
5319,Energy,44,cal
5319,Protein,1.8,g
5319,Carbohydrates,5.9,g
5319,Fiber,1.7,g
5319,Fat,1.5,g
5319,Cholesterol,0,mg
5319,Sodium,12.1,mg
5320,Energy,44,cal
5320,Protein,1.8,g
5320,Carbohydrates,5.9,g
5320,Fiber,1.7,g
5320,Fat,1.5,g
5320,Cholesterol,0,mg
5320,Sodium,12.1,mg
5321,Energy,58,cal
5321,Protein,1.7,g
5321,Carbohydrates,9.6,g
5321,Fiber,1.7,g
5321,Fat,1.5,g
5321,Cholesterol,0,mg
5321,Sodium,6.7,mg
5322,Energy,75,cal
5322,Protein,5.4,g
5322,Carbohydrates,12.3,g
5322,Fiber,2.5,g
5322,Fat,0.5,g
5322,Cholesterol,0,mg
5322,Sodium,28.6,mg
5323,Energy,142,cal
5323,Protein,7.1,g
5323,Carbohydrates,12.4,g
5323,Fiber,6.8,g
5323,Fat,6.3,g
5323,Cholesterol,5.3,mg
5323,Sodium,76.7,mg
5324,Energy,142,cal
5324,Protein,7.1,g
5324,Carbohydrates,12.4,g
5324,Fiber,6.8,g
5324,Fat,6.3,g
5324,Cholesterol,5.3,mg
5324,Sodium,76.7,mg
5325,Energy,339,cal
5325,Protein,9.7,g
5325,Carbohydrates,31.5,g
5325,Fiber,7.3,g
5325,Fat,19.3,g
5325,Cholesterol,0,mg
5325,Sodium,50.5,mg
5326,Energy,339,cal
5326,Protein,9.7,g
5326,Carbohydrates,31.5,g
5326,Fiber,7.3,g
5326,Fat,19.3,g
5326,Cholesterol,0,mg
5326,Sodium,50.5,mg
5327,Energy,339,cal
5327,Protein,9.7,g
5327,Carbohydrates,31.5,g
5327,Fiber,7.3,g
5327,Fat,19.3,g
5327,Cholesterol,0,mg
5327,Sodium,50.5,mg
5328,Energy,275,kcal
5328,Protein,8.1,gm
5328,Carbohydrates,34.7,gm
5328,Fat,11.5,gm
5328,Calcium,195.9,mg
5328,Vitamin A,887,mcg
5328,Folic acid,19.2,mcg
5329,Energy,72,cal
5329,Protein,2.1,g
5329,Carbohydrates,11,g
5329,Fiber,1,g
5329,Fat,2.1,g
5329,Cholesterol,0,mg
5329,Sodium,4,mg
5330,Energy,95,cal
5330,Protein,2.1,g
5330,Carbohydrates,11,g
5330,Fiber,1,g
5330,Fat,4.6,g
5330,Cholesterol,0,mg
5330,Sodium,4,mg
5331,Energy,95,cal
5331,Protein,2.1,g
5331,Carbohydrates,11,g
5331,Fiber,1,g
5331,Fat,4.6,g
5331,Cholesterol,0,mg
5331,Sodium,4,mg
5332,Energy,95,cal
5332,Protein,2.1,g
5332,Carbohydrates,11,g
5332,Fiber,1,g
5332,Fat,4.6,g
5332,Cholesterol,0,mg
5332,Sodium,4,mg
5333,Energy,141,cal
5333,Protein,2.9,g
5333,Carbohydrates,16.9,g
5333,Fiber,1.9,g
5333,Fat,7,g
5333,Cholesterol,0,mg
5333,Sodium,10.9,mg
5334,Energy,460,cal
5334,Protein,12,g
5334,Carbohydrates,52.7,g
5334,Fiber,8.6,g
5334,Fat,22.1,g
5334,Cholesterol,0,mg
5334,Sodium,46.2,mg
5335,Energy,235,cal
5335,Protein,6.2,g
5335,Carbohydrates,42.7,g
5335,Fiber,3.7,g
5335,Fat,4.4,g
5335,Cholesterol,0,mg
5335,Sodium,26.7,mg
5336,Energy,93,cal
5336,Protein,3.7,g
5336,Carbohydrates,4.4,g
5336,Fiber,0.5,g
5336,Fat,5,g
5336,Cholesterol,12,mg
5336,Sodium,26.8,mg
5337,Energy,169,cal
5337,Protein,6.4,g
5337,Carbohydrates,8.9,g
5337,Fiber,0.8,g
5337,Fat,8.8,g
5337,Cholesterol,21.3,mg
5337,Sodium,39.2,mg
5338,Energy,52,cal
5338,Protein,1.6,g
5338,Carbohydrates,7.5,g
5338,Fiber,0.3,g
5338,Fat,1.6,g
5338,Cholesterol,1,mg
5338,Sodium,8,mg
5339,Energy,108,cal
5339,Protein,3.6,g
5339,Carbohydrates,4.9,g
5339,Fiber,1.9,g
5339,Fat,7,g
5339,Cholesterol,0,mg
5339,Vitamin A,3936.1,mcg
5339,Vitamin B1,0,mg
5339,Vitamin B2,0.2,mg
5339,Vitamin B3,0.4,mg
5339,Vitamin C,21.1,mg
5339,Folic Acid,88.7,mcg
5339,Calcium,160.4,mg
5339,Iron,1.2,mg
5339,Magnesium,0,mg
5339,Phosphorus,0,mg
5339,Sodium,49.6,mg
5339,Potassium,191.8,mg
5339,Zinc,0.2,mg
5340,Energy,108,cal
5340,Protein,3.6,g
5340,Carbohydrates,4.9,g
5340,Fiber,1.9,g
5340,Fat,7,g
5340,Cholesterol,0,mg
5340,Vitamin A,3936.1,mcg
5340,Vitamin B1,0,mg
5340,Vitamin B2,0.2,mg
5340,Vitamin B3,0.4,mg
5340,Vitamin C,21.1,mg
5340,Folic Acid,88.7,mcg
5340,Calcium,160.4,mg
5340,Iron,1.2,mg
5340,Magnesium,0,mg
5340,Phosphorus,0,mg
5340,Sodium,49.6,mg
5340,Potassium,191.8,mg
5340,Zinc,0.2,mg
5341,Energy,107,cal
5341,Protein,3.5,g
5341,Carbohydrates,4.7,g
5341,Fiber,1.7,g
5341,Fat,7,g
5341,Cholesterol,8,mg
5341,Sodium,49.6,mg
5342,Energy,102,cal
5342,Protein,3.1,g
5342,Carbohydrates,17.2,g
5342,Fiber,3,g
5342,Fat,2.5,g
5342,Cholesterol,0,mg
5342,Sodium,7.5,mg
5343,Energy,102,cal
5343,Protein,3.1,g
5343,Carbohydrates,17.2,g
5343,Fiber,3,g
5343,Fat,2.5,g
5343,Cholesterol,0,mg
5343,Sodium,7.5,mg
5344,Energy,72,cal
5344,Protein,3.5,g
5344,Carbohydrates,8.6,g
5344,Fiber,1.9,g
5344,Fat,2.6,g
5344,Cholesterol,0,mg
5344,Sodium,17.8,mg
5345,Energy,119,cal
5345,Protein,7.1,g
5345,Carbohydrates,17.2,g
5345,Fiber,3.7,g
5345,Fat,2.5,g
5345,Cholesterol,0,mg
5345,Sodium,35.7,mg
5346,Energy,230,cal
5346,Protein,13.2,g
5346,Carbohydrates,33.7,g
5346,Fiber,6.3,g
5346,Fat,4.7,g
5346,Cholesterol,0,mg
5346,Sodium,43.6,mg
5350,Energy,87,cal
5350,Protein,3.9,g
5350,Carbohydrates,7.5,g
5350,Fiber,4.7,g
5350,Fat,4.6,g
5350,Cholesterol,0,mg
5350,Sodium,107.6,mg
5351,Energy,53,cal
5351,Protein,1.2,g
5351,Carbohydrates,5.9,g
5351,Fiber,0.4,g
5351,Fat,2.8,g
5351,Cholesterol,0,mg
5351,Sodium,152.4,mg
5352,Energy,53,cal
5352,Protein,1.2,g
5352,Carbohydrates,5.9,g
5352,Fiber,0.4,g
5352,Fat,2.8,g
5352,Cholesterol,0,mg
5352,Sodium,152.4,mg
5353,Energy,53,cal
5353,Protein,1.2,g
5353,Carbohydrates,5.9,g
5353,Fiber,0.4,g
5353,Fat,2.8,g
5353,Cholesterol,0,mg
5353,Sodium,152.4,mg
5354,Energy,62,cal
5354,Protein,1.7,g
5354,Carbohydrates,9.7,g
5354,Fiber,0.7,g
5354,Fat,1.5,g
5354,Cholesterol,3.2,mg
5354,Sodium,7.3,mg
5355,Energy,352,cal
5355,Protein,10.7,g
5355,Carbohydrates,56.4,g
5355,Fiber,7.3,g
5355,Fat,9.2,g
5355,Cholesterol,0,mg
5355,Sodium,10.6,mg
5356,Energy,0,cal
5356,Protein,0,g
5356,Carbohydrates,0,g
5356,Fiber,0,g
5356,Fat,0,g
5356,Cholesterol,0,mg
5356,Sodium,0,mg
5357,Energy,153,cal
5357,Protein,9.1,g
5357,Carbohydrates,23.5,g
5357,Fiber,5.4,g
5357,Fat,2.5,g
5357,Cholesterol,0,mg
5357,Sodium,20.9,mg
5358,Energy,19,cal
5358,Protein,5.9,g
5358,Carbohydrates,4.1,g
5358,Fiber,0.5,g
5358,Fat,0,g
5358,Cholesterol,0,mg
5358,Sodium,2.3,mg
5359,Energy,249,cal
5359,Protein,6.6,g
5359,Carbohydrates,44.7,g
5359,Fiber,4.7,g
5359,Fat,4.9,g
5359,Cholesterol,0,mg
5359,Sodium,15.1,mg
5360,Energy,249,cal
5360,Protein,6.6,g
5360,Carbohydrates,44.7,g
5360,Fiber,4.7,g
5360,Fat,4.9,g
5360,Cholesterol,0,mg
5360,Sodium,15.1,mg
5361,Energy,171,cal
5361,Protein,3.9,g
5361,Carbohydrates,11.8,g
5361,Fiber,4.2,g
5361,Fat,12.2,g
5361,Cholesterol,0,mg
5361,Vitamin A,244.7,mcg
5361,Vitamin B1,0.4,mg
5361,Vitamin B2,0.1,mg
5361,Vitamin B3,2.1,mg
5361,Vitamin C,70,mg
5361,Folic Acid,6.2,mcg
5361,Calcium,48.4,mg
5361,Iron,1.1,mg
5361,Magnesium,0,mg
5361,Phosphorus,0,mg
5361,Sodium,0.1,mg
5361,Potassium,3.7,mg
5361,Zinc,0.6,mg
5362,Energy,286,cal
5362,Protein,7.6,g
5362,Carbohydrates,23.7,g
5362,Fiber,0.1,g
5362,Fat,13.9,g
5362,Cholesterol,0,mg
5362,Vitamin A,301.3,mcg
5362,Vitamin B1,0.1,mg
5362,Vitamin B2,0.2,mg
5362,Vitamin B3,0.2,mg
5362,Vitamin C,1.8,mg
5362,Folic Acid,9.9,mcg
5362,Calcium,366.7,mg
5362,Iron,0.4,mg
5362,Magnesium,0,mg
5362,Phosphorus,0,mg
5362,Sodium,33.2,mg
5362,Potassium,183.2,mg
5362,Zinc,0.5,mg
5363,Energy,202,cal
5363,Protein,8.4,g
5363,Carbohydrates,23,g
5363,Fiber,4.5,g
5363,Fat,8.5,g
5363,Cholesterol,0,mg
5363,Vitamin A,386.3,mcg
5363,Vitamin B1,0.2,mg
5363,Vitamin B2,0.1,mg
5363,Vitamin B3,1,mg
5363,Vitamin C,15.2,mg
5363,Folic Acid,44.7,mcg
5363,Calcium,54,mg
5363,Iron,1.8,mg
5363,Magnesium,0,mg
5363,Phosphorus,0,mg
5363,Sodium,16.2,mg
5363,Potassium,342,mg
5363,Zinc,0.8,mg
5364,Energy,206,cal
5364,Protein,8.7,g
5364,Carbohydrates,23.7,g
5364,Fiber,4.6,g
5364,Fat,8.5,g
5364,Cholesterol,0,mg
5364,Sodium,16.2,mg
5365,Energy,124,cal
5365,Protein,7.2,g
5365,Carbohydrates,12.8,g
5365,Fiber,6.5,g
5365,Fat,5,g
5365,Cholesterol,0,mg
5365,Sodium,9,mg
5366,Energy,260,cal
5366,Protein,3.2,g
5366,Carbohydrates,14.1,g
5366,Fiber,5.8,g
5366,Fat,21.3,g
5366,Cholesterol,0,mg
5366,Sodium,15,mg
5367,Energy,260,cal
5367,Protein,3.2,g
5367,Carbohydrates,14.1,g
5367,Fiber,5.8,g
5367,Fat,21.3,g
5367,Cholesterol,0,mg
5367,Sodium,15,mg
5368,Energy,175,cal
5368,Protein,9,g
5368,Carbohydrates,24.9,g
5368,Fiber,4.4,g
5368,Fat,4.4,g
5368,Cholesterol,0,mg
5368,Sodium,17.6,mg
5370,Energy,251,cal
5370,Protein,6.3,g
5370,Carbohydrates,40.7,g
5370,Fiber,5.2,g
5370,Fat,7,g
5370,Cholesterol,0,mg
5370,Vitamin A,171.4,mcg
5370,Vitamin B1,0.1,mg
5370,Vitamin B2,0.1,mg
5370,Vitamin B3,1.4,mg
5370,Vitamin C,30,mg
5370,Folic Acid,23.6,mcg
5370,Calcium,34.9,mg
5370,Iron,3.4,mg
5370,Magnesium,0,mg
5370,Phosphorus,0,mg
5370,Sodium,36.6,mg
5370,Potassium,173.2,mg
5370,Zinc,0.8,mg
5371,Energy,61,cal
5371,Protein,1.8,g
5371,Carbohydrates,6.6,g
5371,Fiber,2.4,g
5371,Fat,4,g
5371,Cholesterol,0,mg
5371,Sodium,6.5,mg
5372,Energy,714,cal
5372,Protein,4.1,g
5372,Carbohydrates,30.2,g
5372,Fiber,6.5,g
5372,Fat,64,g
5372,Cholesterol,0,mg
5372,Sodium,5845.9,mg
5373,Energy,714,cal
5373,Protein,4.1,g
5373,Carbohydrates,30.2,g
5373,Fiber,6.5,g
5373,Fat,64,g
5373,Cholesterol,0,mg
5373,Sodium,5845.9,mg
5374,Energy,181,cal
5374,Protein,9.9,g
5374,Carbohydrates,25.1,g
5374,Fiber,5.7,g
5374,Fat,4.2,g
5374,Cholesterol,0,mg
5374,Vitamin A,128.2,mcg
5374,Vitamin B1,0.2,mg
5374,Vitamin B2,0.1,mg
5374,Vitamin B3,1,mg
5374,Vitamin C,3.8,mg
5374,Folic Acid,49.7,mcg
5374,Calcium,81.9,mg
5374,Iron,2.1,mg
5374,Magnesium,0,mg
5374,Phosphorus,0,mg
5374,Sodium,16.1,mg
5374,Potassium,315.7,mg
5374,Zinc,0.9,mg
5375,Energy,143,cal
5375,Protein,8,g
5375,Carbohydrates,20.2,g
5375,Fiber,4.7,g
5375,Fat,3.1,g
5375,Cholesterol,2.3,mg
5375,Sodium,14,mg
5376,Energy,160,cal
5376,Protein,8.5,g
5376,Carbohydrates,21.7,g
5376,Fiber,5,g
5376,Fat,4.1,g
5376,Cholesterol,2,mg
5376,Sodium,14.1,mg
5377,Energy,136,cal
5377,Protein,6.9,g
5377,Carbohydrates,17.9,g
5377,Fiber,4.1,g
5377,Fat,3.8,g
5377,Cholesterol,0,mg
5377,Vitamin A,168.8,mcg
5377,Vitamin B1,0.2,mg
5377,Vitamin B2,0.1,mg
5377,Vitamin B3,0.8,mg
5377,Vitamin C,8.4,mg
5377,Folic Acid,34.2,mcg
5377,Calcium,61.9,mg
5377,Iron,1.6,mg
5377,Magnesium,0,mg
5377,Phosphorus,0,mg
5377,Sodium,12.9,mg
5377,Potassium,233.7,mg
5377,Zinc,0.7,mg
5378,Energy,136,cal
5378,Protein,6.9,g
5378,Carbohydrates,17.9,g
5378,Fiber,4.1,g
5378,Fat,3.8,g
5378,Cholesterol,0,mg
5378,Vitamin A,168.8,mcg
5378,Vitamin B1,0.2,mg
5378,Vitamin B2,0.1,mg
5378,Vitamin B3,0.8,mg
5378,Vitamin C,8.4,mg
5378,Folic Acid,34.2,mcg
5378,Calcium,61.9,mg
5378,Iron,1.6,mg
5378,Magnesium,0,mg
5378,Phosphorus,0,mg
5378,Sodium,12.9,mg
5378,Potassium,233.7,mg
5378,Zinc,0.7,mg
5379,Energy,136,cal
5379,Protein,6.9,g
5379,Carbohydrates,17.9,g
5379,Fiber,4.1,g
5379,Fat,3.8,g
5379,Cholesterol,0,mg
5379,Vitamin A,168.8,mcg
5379,Vitamin B1,0.2,mg
5379,Vitamin B2,0.1,mg
5379,Vitamin B3,0.8,mg
5379,Vitamin C,8.4,mg
5379,Folic Acid,34.2,mcg
5379,Calcium,61.9,mg
5379,Iron,1.6,mg
5379,Magnesium,0,mg
5379,Phosphorus,0,mg
5379,Sodium,12.9,mg
5379,Potassium,233.7,mg
5379,Zinc,0.7,mg
5380,Energy,1196,cal
5380,Protein,43.5,g
5380,Carbohydrates,55,g
5380,Fiber,0.8,g
5380,Fat,65.4,g
5380,Cholesterol,160,mg
5380,Sodium,190.9,mg
5381,Energy,396,cal
5381,Protein,14.4,g
5381,Carbohydrates,17.8,g
5381,Fiber,0.2,g
5381,Fat,21.8,g
5381,Cholesterol,53.3,mg
5381,Sodium,63.5,mg
5382,Energy,90,cal
5382,Protein,3.3,g
5382,Carbohydrates,4,g
5382,Fiber,0,g
5382,Fat,4.9,g
5382,Cholesterol,12.1,mg
5382,Sodium,14.4,mg
5383,Energy,90,cal
5383,Protein,3.3,g
5383,Carbohydrates,4,g
5383,Fiber,0,g
5383,Fat,4.9,g
5383,Cholesterol,12.1,mg
5383,Sodium,14.4,mg
5384,Energy,107,cal
5384,Protein,1,g
5384,Carbohydrates,6.3,g
5384,Fiber,0.2,g
5384,Fat,8.2,g
5384,Cholesterol,3.2,mg
5384,Sodium,2337.5,mg
5385,Energy,291,cal
5385,Protein,10.9,g
5385,Carbohydrates,11.1,g
5385,Fiber,0.9,g
5385,Fat,22.6,g
5385,Cholesterol,0,mg
5385,Vitamin A,460,mcg
5385,Vitamin B1,-0.7,mg
5385,Vitamin B2,-0.7,mg
5385,Vitamin B3,-0.5,mg
5385,Vitamin C,16.4,mg
5385,Folic Acid,13.7,mcg
5385,Calcium,399,mg
5385,Iron,0.4,mg
5385,Magnesium,0,mg
5385,Phosphorus,0,mg
5385,Sodium,6.4,mg
5385,Potassium,98.8,mg
5385,Zinc,0.1,mg
5386,Energy,291,cal
5386,Protein,10.9,g
5386,Carbohydrates,11.1,g
5386,Fiber,0.9,g
5386,Fat,22.6,g
5386,Cholesterol,0,mg
5386,Vitamin A,460,mcg
5386,Vitamin B1,-0.7,mg
5386,Vitamin B2,-0.7,mg
5386,Vitamin B3,-0.5,mg
5386,Vitamin C,16.4,mg
5386,Folic Acid,13.7,mcg
5386,Calcium,399,mg
5386,Iron,0.4,mg
5386,Magnesium,0,mg
5386,Phosphorus,0,mg
5386,Sodium,6.4,mg
5386,Potassium,98.8,mg
5386,Zinc,0.1,mg
5387,Energy,266,cal
5387,Protein,12.8,g
5387,Carbohydrates,14.7,g
5387,Fiber,2.3,g
5387,Fat,17.4,g
5387,Cholesterol,0,mg
5387,Vitamin A,282.9,mcg
5387,Vitamin B1,-0.6,mg
5387,Vitamin B2,-0.7,mg
5387,Vitamin B3,-0.4,mg
5387,Vitamin C,2.3,mg
5387,Folic Acid,22.1,mcg
5387,Calcium,354,mg
5387,Iron,0.8,mg
5387,Magnesium,0,mg
5387,Phosphorus,0,mg
5387,Sodium,11,mg
5387,Potassium,108,mg
5387,Zinc,0.3,mg
5388,Energy,84,cal
5388,Protein,3.1,g
5388,Carbohydrates,2.8,g
5388,Fiber,0.3,g
5388,Fat,6.7,g
5388,Cholesterol,0,mg
5388,Sodium,1.5,mg
5389,Energy,311,cal
5389,Protein,10.5,g
5389,Carbohydrates,11.1,g
5389,Fiber,1.6,g
5389,Fat,24.9,g
5389,Cholesterol,0,mg
5389,Sodium,7.5,mg
5390,Energy,196,cal
5390,Protein,5.7,g
5390,Carbohydrates,25.2,g
5390,Fiber,0.7,g
5390,Fat,8,g
5390,Cholesterol,10,mg
5390,Sodium,39.2,mg
5391,Energy,36,cal
5391,Protein,2.1,g
5391,Carbohydrates,7,g
5391,Fiber,0.8,g
5391,Fat,0.1,g
5391,Cholesterol,0,mg
5391,Sodium,21.5,mg
5392,Energy,36,cal
5392,Protein,2.1,g
5392,Carbohydrates,7,g
5392,Fiber,0.8,g
5392,Fat,0.1,g
5392,Cholesterol,0,mg
5392,Sodium,21.5,mg
5393,Energy,36,cal
5393,Protein,2.1,g
5393,Carbohydrates,7,g
5393,Fiber,0.8,g
5393,Fat,0.1,g
5393,Cholesterol,0,mg
5393,Sodium,21.5,mg
5394,Energy,149,cal
5394,Protein,6.4,g
5394,Carbohydrates,9.4,g
5394,Fiber,1.3,g
5394,Fat,10,g
5394,Cholesterol,0,mg
5394,Sodium,3.3,mg
5395,Energy,149,cal
5395,Protein,6.4,g
5395,Carbohydrates,9.4,g
5395,Fiber,1.3,g
5395,Fat,10,g
5395,Cholesterol,0,mg
5395,Sodium,3.3,mg
5396,Energy,149,cal
5396,Protein,6.4,g
5396,Carbohydrates,9.4,g
5396,Fiber,1.3,g
5396,Fat,10,g
5396,Cholesterol,0,mg
5396,Sodium,3.3,mg
5397,Energy,335,cal
5397,Protein,11,g
5397,Carbohydrates,36.8,g
5397,Fiber,0.6,g
5397,Fat,15.9,g
5397,Cholesterol,0,mg
5397,Vitamin A,453.2,mcg
5397,Vitamin B1,-0.2,mg
5397,Vitamin B2,-0.3,mg
5397,Vitamin B3,0.7,mg
5397,Vitamin C,25.3,mg
5397,Folic Acid,0.8,mcg
5397,Calcium,235.2,mg
5397,Iron,1.4,mg
5397,Magnesium,0,mg
5397,Phosphorus,0,mg
5397,Sodium,26.6,mg
5397,Potassium,72.2,mg
5397,Zinc,0,mg
5398,Energy,157,cal
5398,Protein,5.7,g
5398,Carbohydrates,14,g
5398,Fiber,0.1,g
5398,Fat,8.9,g
5398,Cholesterol,0,mg
5398,Vitamin A,225.8,mcg
5398,Vitamin B1,-0.2,mg
5398,Vitamin B2,-0.2,mg
5398,Vitamin B3,0,mg
5398,Vitamin C,6.2,mg
5398,Folic Acid,0.2,mcg
5398,Calcium,131.3,mg
5398,Iron,0.4,mg
5398,Magnesium,0,mg
5398,Phosphorus,0,mg
5398,Sodium,71.7,mg
5398,Potassium,7,mg
5398,Zinc,0,mg
5399,Energy,157,cal
5399,Protein,5.7,g
5399,Carbohydrates,14,g
5399,Fiber,0.1,g
5399,Fat,8.9,g
5399,Cholesterol,0,mg
5399,Vitamin A,225.8,mcg
5399,Vitamin B1,-0.2,mg
5399,Vitamin B2,-0.2,mg
5399,Vitamin B3,0,mg
5399,Vitamin C,6.2,mg
5399,Folic Acid,0.2,mcg
5399,Calcium,131.3,mg
5399,Iron,0.4,mg
5399,Magnesium,0,mg
5399,Phosphorus,0,mg
5399,Sodium,71.7,mg
5399,Potassium,7,mg
5399,Zinc,0,mg
5400,Energy,110,cal
5400,Protein,3.3,g
5400,Carbohydrates,13.4,g
5400,Fiber,1.6,g
5400,Fat,5.4,g
5400,Cholesterol,0,mg
5400,Vitamin A,205.7,mcg
5400,Vitamin B1,0,mg
5400,Vitamin B2,-0.1,mg
5400,Vitamin B3,0.2,mg
5400,Vitamin C,14.3,mg
5400,Folic Acid,17.3,mcg
5400,Calcium,76.3,mg
5400,Iron,0.5,mg
5400,Magnesium,0,mg
5400,Phosphorus,0,mg
5400,Sodium,6.7,mg
5400,Potassium,144.7,mg
5400,Zinc,0.2,mg
5401,Energy,110,cal
5401,Protein,3.3,g
5401,Carbohydrates,13.4,g
5401,Fiber,1.6,g
5401,Fat,5.4,g
5401,Cholesterol,0,mg
5401,Vitamin A,205.7,mcg
5401,Vitamin B1,0,mg
5401,Vitamin B2,-0.1,mg
5401,Vitamin B3,0.2,mg
5401,Vitamin C,14.3,mg
5401,Folic Acid,17.3,mcg
5401,Calcium,76.3,mg
5401,Iron,0.5,mg
5401,Magnesium,0,mg
5401,Phosphorus,0,mg
5401,Sodium,6.7,mg
5401,Potassium,144.7,mg
5401,Zinc,0.2,mg
5402,Energy,110,cal
5402,Protein,3.3,g
5402,Carbohydrates,13.4,g
5402,Fiber,1.6,g
5402,Fat,5.4,g
5402,Cholesterol,0,mg
5402,Vitamin A,205.7,mcg
5402,Vitamin B1,0,mg
5402,Vitamin B2,-0.1,mg
5402,Vitamin B3,0.2,mg
5402,Vitamin C,14.3,mg
5402,Folic Acid,17.3,mcg
5402,Calcium,76.3,mg
5402,Iron,0.5,mg
5402,Magnesium,0,mg
5402,Phosphorus,0,mg
5402,Sodium,6.7,mg
5402,Potassium,144.7,mg
5402,Zinc,0.2,mg
5403,Energy,311,cal
5403,Protein,9,g
5403,Carbohydrates,20.1,g
5403,Fiber,2.3,g
5403,Fat,21.4,g
5403,Cholesterol,0,mg
5403,Vitamin A,587.3,mcg
5403,Vitamin B1,-0.2,mg
5403,Vitamin B2,-0.2,mg
5403,Vitamin B3,0.2,mg
5403,Vitamin C,27.1,mg
5403,Folic Acid,35.6,mcg
5403,Calcium,302.6,mg
5403,Iron,1,mg
5403,Magnesium,0,mg
5403,Phosphorus,0,mg
5403,Sodium,22.7,mg
5403,Potassium,243.4,mg
5403,Zinc,0.4,mg
5404,Energy,311,cal
5404,Protein,9,g
5404,Carbohydrates,20.1,g
5404,Fiber,2.3,g
5404,Fat,21.4,g
5404,Cholesterol,0,mg
5404,Vitamin A,587.3,mcg
5404,Vitamin B1,-0.2,mg
5404,Vitamin B2,-0.2,mg
5404,Vitamin B3,0.2,mg
5404,Vitamin C,27.1,mg
5404,Folic Acid,35.6,mcg
5404,Calcium,302.6,mg
5404,Iron,1,mg
5404,Magnesium,0,mg
5404,Phosphorus,0,mg
5404,Sodium,22.7,mg
5404,Potassium,243.4,mg
5404,Zinc,0.4,mg
5405,Energy,110,cal
5405,Protein,3.8,g
5405,Carbohydrates,14.3,g
5405,Fiber,0.2,g
5405,Fat,4.2,g
5405,Cholesterol,0,mg
5405,Vitamin A,64.3,mcg
5405,Vitamin B1,0,mg
5405,Vitamin B2,-0.1,mg
5405,Vitamin B3,0.4,mg
5405,Vitamin C,0.9,mg
5405,Folic Acid,3.3,mcg
5405,Calcium,65.3,mg
5405,Iron,0.7,mg
5405,Magnesium,0,mg
5405,Phosphorus,0,mg
5405,Sodium,2.7,mg
5405,Potassium,40.8,mg
5405,Zinc,0.2,mg
5406,Energy,311,cal
5406,Protein,12,g
5406,Carbohydrates,22.4,g
5406,Fiber,1.7,g
5406,Fat,20.4,g
5406,Cholesterol,0,mg
5406,Vitamin A,412.2,mcg
5406,Vitamin B1,-0.7,mg
5406,Vitamin B2,-0.7,mg
5406,Vitamin B3,-0.6,mg
5406,Vitamin C,7,mg
5406,Folic Acid,15.6,mcg
5406,Calcium,353.7,mg
5406,Iron,0.3,mg
5406,Magnesium,0,mg
5406,Phosphorus,0,mg
5406,Sodium,4.8,mg
5406,Potassium,116.9,mg
5406,Zinc,0.3,mg
5407,Energy,275,cal
5407,Protein,9.6,g
5407,Carbohydrates,33.9,g
5407,Fiber,0.8,g
5407,Fat,11.7,g
5407,Cholesterol,17,mg
5407,Sodium,228.7,mg
5408,Energy,275,cal
5408,Protein,9.6,g
5408,Carbohydrates,33.9,g
5408,Fiber,0.8,g
5408,Fat,11.7,g
5408,Cholesterol,17,mg
5408,Sodium,228.7,mg
5409,Energy,275,cal
5409,Protein,9.6,g
5409,Carbohydrates,33.9,g
5409,Fiber,0.8,g
5409,Fat,11.7,g
5409,Cholesterol,17,mg
5409,Sodium,228.7,mg
5410,Energy,134,cal
5410,Protein,4.6,g
5410,Carbohydrates,18.6,g
5410,Fiber,3.5,g
5410,Fat,4.7,g
5410,Cholesterol,0,mg
5410,Sodium,10.4,mg
5411,Energy,134,cal
5411,Protein,4.6,g
5411,Carbohydrates,18.6,g
5411,Fiber,3.5,g
5411,Fat,4.7,g
5411,Cholesterol,0,mg
5411,Sodium,10.4,mg
5412,Energy,124,cal
5412,Protein,4.4,g
5412,Carbohydrates,20.7,g
5412,Fiber,3.1,g
5412,Fat,3,g
5412,Cholesterol,0,mg
5412,Sodium,25.1,mg
5413,Energy,124,cal
5413,Protein,4.4,g
5413,Carbohydrates,20.7,g
5413,Fiber,3.1,g
5413,Fat,3,g
5413,Cholesterol,0,mg
5413,Sodium,25.1,mg
5414,Energy,124,cal
5414,Protein,4.4,g
5414,Carbohydrates,20.7,g
5414,Fiber,3.1,g
5414,Fat,3,g
5414,Cholesterol,0,mg
5414,Sodium,25.1,mg
5415,Energy,306,cal
5415,Protein,10.6,g
5415,Carbohydrates,9.7,g
5415,Fiber,0.2,g
5415,Fat,25,g
5415,Cholesterol,0,mg
5415,Vitamin A,345.7,mcg
5415,Vitamin B1,-0.7,mg
5415,Vitamin B2,-0.8,mg
5415,Vitamin B3,-0.6,mg
5415,Vitamin C,5.9,mg
5415,Folic Acid,2,mcg
5415,Calcium,380.3,mg
5415,Iron,0.2,mg
5415,Magnesium,0,mg
5415,Phosphorus,0,mg
5415,Sodium,1.3,mg
5415,Potassium,41.9,mg
5415,Zinc,0.1,mg
5416,Energy,153,cal
5416,Protein,7.1,g
5416,Carbohydrates,9.4,g
5416,Fiber,1.1,g
5416,Fat,9.7,g
5416,Cholesterol,3.8,mg
5416,Sodium,25,mg
5417,Energy,82,cal
5417,Protein,2.8,g
5417,Carbohydrates,9.8,g
5417,Fiber,1.6,g
5417,Fat,3.7,g
5417,Cholesterol,0,mg
5417,Sodium,2.6,mg
5418,Energy,82,cal
5418,Protein,2.8,g
5418,Carbohydrates,9.8,g
5418,Fiber,1.6,g
5418,Fat,3.7,g
5418,Cholesterol,0,mg
5418,Sodium,2.6,mg
5419,Energy,372,cal
5419,Protein,13.2,g
5419,Carbohydrates,9.3,g
5419,Fiber,0.8,g
5419,Fat,31.5,g
5419,Cholesterol,0,mg
5419,Vitamin A,527.6,mcg
5419,Vitamin B1,-0.9,mg
5419,Vitamin B2,-0.9,mg
5419,Vitamin B3,-0.9,mg
5419,Vitamin C,17.2,mg
5419,Folic Acid,4.7,mcg
5419,Calcium,467.5,mg
5419,Iron,0.6,mg
5419,Magnesium,0,mg
5419,Phosphorus,0,mg
5419,Sodium,115.6,mg
5419,Potassium,85.5,mg
5419,Zinc,0.1,mg
5420,Energy,372,cal
5420,Protein,13.2,g
5420,Carbohydrates,9.3,g
5420,Fiber,0.8,g
5420,Fat,31.5,g
5420,Cholesterol,0,mg
5420,Vitamin A,527.6,mcg
5420,Vitamin B1,-0.9,mg
5420,Vitamin B2,-0.9,mg
5420,Vitamin B3,-0.9,mg
5420,Vitamin C,17.2,mg
5420,Folic Acid,4.7,mcg
5420,Calcium,467.5,mg
5420,Iron,0.6,mg
5420,Magnesium,0,mg
5420,Phosphorus,0,mg
5420,Sodium,115.6,mg
5420,Potassium,85.5,mg
5420,Zinc,0.1,mg
5421,Energy,143,cal
5421,Protein,5.3,g
5421,Carbohydrates,5.8,g
5421,Fiber,0.8,g
5421,Fat,10.4,g
5421,Cholesterol,4,mg
5421,Sodium,12.6,mg
5422,Energy,353,cal
5422,Protein,12.4,g
5422,Carbohydrates,45.7,g
5422,Fiber,0.2,g
5422,Fat,13.5,g
5422,Cholesterol,0,mg
5422,Vitamin A,299.7,mcg
5422,Vitamin B1,-0.4,mg
5422,Vitamin B2,-0.4,mg
5422,Vitamin B3,0.1,mg
5422,Vitamin C,5.5,mg
5422,Folic Acid,0.8,mcg
5422,Calcium,231.4,mg
5422,Iron,0.9,mg
5422,Magnesium,0,mg
5422,Phosphorus,0,mg
5422,Sodium,1.2,mg
5422,Potassium,17.6,mg
5422,Zinc,0,mg
5423,Energy,353,cal
5423,Protein,12.4,g
5423,Carbohydrates,45.7,g
5423,Fiber,0.2,g
5423,Fat,13.5,g
5423,Cholesterol,0,mg
5423,Vitamin A,299.7,mcg
5423,Vitamin B1,-0.4,mg
5423,Vitamin B2,-0.4,mg
5423,Vitamin B3,0.1,mg
5423,Vitamin C,5.5,mg
5423,Folic Acid,0.8,mcg
5423,Calcium,231.4,mg
5423,Iron,0.9,mg
5423,Magnesium,0,mg
5423,Phosphorus,0,mg
5423,Sodium,1.2,mg
5423,Potassium,17.6,mg
5423,Zinc,0,mg
5424,Energy,217,cal
5424,Protein,6.3,g
5424,Carbohydrates,12.4,g
5424,Fiber,1.9,g
5424,Fat,14.8,g
5424,Cholesterol,8,mg
5424,Sodium,19.9,mg
5425,Energy,217,cal
5425,Protein,6.3,g
5425,Carbohydrates,12.4,g
5425,Fiber,1.9,g
5425,Fat,14.8,g
5425,Cholesterol,8,mg
5425,Sodium,19.9,mg
5426,Energy,217,cal
5426,Protein,6.3,g
5426,Carbohydrates,12.4,g
5426,Fiber,1.9,g
5426,Fat,14.8,g
5426,Cholesterol,8,mg
5426,Sodium,19.9,mg
5427,Energy,251,cal
5427,Protein,6.9,g
5427,Carbohydrates,9.8,g
5427,Fiber,1.6,g
5427,Fat,19,g
5427,Cholesterol,10,mg
5427,Sodium,23,mg
5428,Energy,208,cal
5428,Protein,5.5,g
5428,Carbohydrates,12.8,g
5428,Fiber,1.9,g
5428,Fat,14.7,g
5428,Cholesterol,0,mg
5428,Vitamin A,184,mcg
5428,Vitamin B1,-0.1,mg
5428,Vitamin B2,-0.1,mg
5428,Vitamin B3,-0.1,mg
5428,Vitamin C,5.3,mg
5428,Folic Acid,7.7,mcg
5428,Calcium,164.3,mg
5428,Iron,0.7,mg
5428,Magnesium,0,mg
5428,Phosphorus,0,mg
5428,Sodium,44.2,mg
5428,Potassium,95.8,mg
5428,Zinc,0.3,mg
5429,Energy,197,cal
5429,Protein,11.7,g
5429,Carbohydrates,23.8,g
5429,Fiber,2.2,g
5429,Fat,6.2,g
5429,Cholesterol,0,mg
5429,Sodium,13.7,mg
5430,Energy,411,cal
5430,Protein,16.9,g
5430,Carbohydrates,31.9,g
5430,Fiber,2.2,g
5430,Fat,24,g
5430,Cholesterol,0,mg
5430,Sodium,15.3,mg
5431,Energy,159,cal
5431,Protein,10.7,g
5431,Carbohydrates,27.1,g
5431,Fiber,2.4,g
5431,Fat,0.8,g
5431,Cholesterol,0,mg
5431,Sodium,31.6,mg
5432,Energy,159,cal
5432,Protein,10.7,g
5432,Carbohydrates,27.1,g
5432,Fiber,2.4,g
5432,Fat,0.8,g
5432,Cholesterol,0,mg
5432,Sodium,31.6,mg
5433,Energy,159,cal
5433,Protein,10.7,g
5433,Carbohydrates,27.1,g
5433,Fiber,2.4,g
5433,Fat,0.8,g
5433,Cholesterol,0,mg
5433,Sodium,31.6,mg
5434,Energy,62,cal
5434,Protein,1.4,g
5434,Carbohydrates,1.2,g
5434,Fiber,0.5,g
5434,Fat,5.7,g
5434,Cholesterol,0,mg
5434,Sodium,0,mg
5435,Energy,370,cal
5435,Protein,10.4,g
5435,Carbohydrates,10.8,g
5435,Fiber,0.9,g
5435,Fat,31.7,g
5435,Cholesterol,0,mg
5435,Sodium,7.2,mg
5436,Energy,370,cal
5436,Protein,10.4,g
5436,Carbohydrates,10.8,g
5436,Fiber,0.9,g
5436,Fat,31.7,g
5436,Cholesterol,0,mg
5436,Sodium,7.2,mg
5437,Energy,476,cal
5437,Protein,15.3,g
5437,Carbohydrates,22.2,g
5437,Fiber,2.3,g
5437,Fat,36.2,g
5437,Cholesterol,17,mg
5437,Sodium,73.8,mg
5438,Energy,339,cal
5438,Protein,13.5,g
5438,Carbohydrates,10,g
5438,Fiber,1.1,g
5438,Fat,27.2,g
5438,Cholesterol,0,mg
5438,Sodium,5.7,mg
5439,Energy,339,cal
5439,Protein,13.5,g
5439,Carbohydrates,10,g
5439,Fiber,1.1,g
5439,Fat,27.2,g
5439,Cholesterol,0,mg
5439,Sodium,5.7,mg
5440,Energy,339,cal
5440,Protein,13.5,g
5440,Carbohydrates,10,g
5440,Fiber,1.1,g
5440,Fat,27.2,g
5440,Cholesterol,0,mg
5440,Sodium,5.7,mg
5441,Energy,339,cal
5441,Protein,13.5,g
5441,Carbohydrates,10,g
5441,Fiber,1.1,g
5441,Fat,27.2,g
5441,Cholesterol,0,mg
5441,Sodium,5.7,mg
5442,Energy,339,cal
5442,Protein,13.5,g
5442,Carbohydrates,10,g
5442,Fiber,1.1,g
5442,Fat,27.2,g
5442,Cholesterol,0,mg
5442,Sodium,5.7,mg
5443,Energy,339,cal
5443,Protein,13.5,g
5443,Carbohydrates,10,g
5443,Fiber,1.1,g
5443,Fat,27.2,g
5443,Cholesterol,0,mg
5443,Sodium,5.7,mg
5444,Energy,339,cal
5444,Protein,13.5,g
5444,Carbohydrates,10,g
5444,Fiber,1.1,g
5444,Fat,27.2,g
5444,Cholesterol,0,mg
5444,Sodium,5.7,mg
5445,Energy,38,cal
5445,Protein,2.2,g
5445,Carbohydrates,4.6,g
5445,Fiber,2.7,g
5445,Fat,1,g
5445,Cholesterol,0,mg
5445,Vitamin A,103.3,mcg
5445,Vitamin B1,0,mg
5445,Vitamin B2,0,mg
5445,Vitamin B3,0.2,mg
5445,Vitamin C,7.5,mg
5445,Folic Acid,15.7,mcg
5445,Calcium,82.7,mg
5445,Iron,0.7,mg
5445,Magnesium,0,mg
5445,Phosphorus,0,mg
5445,Sodium,25.7,mg
5445,Potassium,59.2,mg
5445,Zinc,0.2,mg
5446,Energy,38,cal
5446,Protein,2.2,g
5446,Carbohydrates,4.6,g
5446,Fiber,2.7,g
5446,Fat,1,g
5446,Cholesterol,0,mg
5446,Vitamin A,103.3,mcg
5446,Vitamin B1,0,mg
5446,Vitamin B2,0,mg
5446,Vitamin B3,0.2,mg
5446,Vitamin C,7.5,mg
5446,Folic Acid,15.7,mcg
5446,Calcium,82.7,mg
5446,Iron,0.7,mg
5446,Magnesium,0,mg
5446,Phosphorus,0,mg
5446,Sodium,25.7,mg
5446,Potassium,59.2,mg
5446,Zinc,0.2,mg
5447,Energy,38,cal
5447,Protein,2.2,g
5447,Carbohydrates,4.6,g
5447,Fiber,2.7,g
5447,Fat,1,g
5447,Cholesterol,0,mg
5447,Vitamin A,103.3,mcg
5447,Vitamin B1,0,mg
5447,Vitamin B2,0,mg
5447,Vitamin B3,0.2,mg
5447,Vitamin C,7.5,mg
5447,Folic Acid,15.7,mcg
5447,Calcium,82.7,mg
5447,Iron,0.7,mg
5447,Magnesium,0,mg
5447,Phosphorus,0,mg
5447,Sodium,25.7,mg
5447,Potassium,59.2,mg
5447,Zinc,0.2,mg
5448,Energy,136,cal
5448,Protein,4.6,g
5448,Carbohydrates,9,g
5448,Fiber,1.3,g
5448,Fat,9.1,g
5448,Cholesterol,0,mg
5448,Sodium,11.9,mg
5449,Energy,469,cal
5449,Protein,10.6,g
5449,Carbohydrates,17.1,g
5449,Fiber,0.7,g
5449,Fat,39.5,g
5449,Cholesterol,0,mg
5449,Sodium,2.4,mg
5450,Energy,315,cal
5450,Protein,10.9,g
5450,Carbohydrates,11.9,g
5450,Fiber,0.7,g
5450,Fat,25,g
5450,Cholesterol,0,mg
5450,Sodium,171.9,mg
5451,Energy,253,cal
5451,Protein,8.2,g
5451,Carbohydrates,8.5,g
5451,Fiber,0.2,g
5451,Fat,20.6,g
5451,Cholesterol,0.3,mg
5451,Sodium,2.6,mg
5452,Energy,253,cal
5452,Protein,8.2,g
5452,Carbohydrates,8.5,g
5452,Fiber,0.2,g
5452,Fat,20.6,g
5452,Cholesterol,0.3,mg
5452,Sodium,2.6,mg
5453,Energy,343,cal
5453,Protein,13.7,g
5453,Carbohydrates,12.6,g
5453,Fiber,2.9,g
5453,Fat,25.2,g
5453,Cholesterol,8,mg
5453,Sodium,60.7,mg
5454,Energy,167,cal
5454,Protein,5.8,g
5454,Carbohydrates,7.5,g
5454,Fiber,0.2,g
5454,Fat,12,g
5454,Cholesterol,4.8,mg
5454,Sodium,7.6,mg
5455,Energy,443,cal
5455,Protein,14.2,g
5455,Carbohydrates,15.6,g
5455,Fiber,0.5,g
5455,Fat,35.5,g
5455,Cholesterol,4,mg
5455,Sodium,12.6,mg
5456,Energy,461,cal
5456,Protein,14.3,g
5456,Carbohydrates,14.2,g
5456,Fiber,0.4,g
5456,Fat,38.2,g
5456,Cholesterol,0,mg
5456,Vitamin A,540.4,mcg
5456,Vitamin B1,-0.6,mg
5456,Vitamin B2,-0.7,mg
5456,Vitamin B3,-0.4,mg
5456,Vitamin C,6.2,mg
5456,Folic Acid,4.5,mcg
5456,Calcium,440.6,mg
5456,Iron,1,mg
5456,Magnesium,0,mg
5456,Phosphorus,0,mg
5456,Sodium,16.5,mg
5456,Potassium,93.7,mg
5456,Zinc,0.9,mg
5457,Energy,171,cal
5457,Protein,6.4,g
5457,Carbohydrates,13.5,g
5457,Fiber,0.4,g
5457,Fat,9.9,g
5457,Cholesterol,2,mg
5457,Sodium,43.7,mg
5458,Energy,443,cal
5458,Protein,14.2,g
5458,Carbohydrates,15.6,g
5458,Fiber,0.5,g
5458,Fat,35.5,g
5458,Cholesterol,4,mg
5458,Sodium,12.6,mg
5460,Energy,44,cal
5460,Protein,4.4,g
5460,Carbohydrates,6.3,g
5460,Fiber,0,g
5460,Fat,0.1,g
5460,Cholesterol,0,mg
5460,Sodium,62.7,mg
5461,Energy,497,cal
5461,Protein,14.7,g
5461,Carbohydrates,60.3,g
5461,Fiber,0.1,g
5461,Fat,20.7,g
5461,Cholesterol,12,mg
5461,Sodium,141.2,mg
5462,Energy,311,cal
5462,Protein,9.6,g
5462,Carbohydrates,37.5,g
5462,Fiber,0.1,g
5462,Fat,12.8,g
5462,Cholesterol,8,mg
5462,Sodium,85.8,mg
5463,Energy,350,cal
5463,Protein,11.5,g
5463,Carbohydrates,26.4,g
5463,Fiber,0,g
5463,Fat,18.5,g
5463,Cholesterol,24,mg
5463,Sodium,28.5,mg
5464,Energy,449,cal
5464,Protein,15.6,g
5464,Carbohydrates,15.1,g
5464,Fiber,1.6,g
5464,Fat,36.3,g
5464,Cholesterol,0,mg
5464,Sodium,12.3,mg
5465,Energy,449,cal
5465,Protein,15.6,g
5465,Carbohydrates,15.1,g
5465,Fiber,1.6,g
5465,Fat,36.3,g
5465,Cholesterol,0,mg
5465,Sodium,12.3,mg
5466,Energy,449,cal
5466,Protein,15.6,g
5466,Carbohydrates,15.1,g
5466,Fiber,1.6,g
5466,Fat,36.3,g
5466,Cholesterol,0,mg
5466,Sodium,12.3,mg
5467,Energy,449,cal
5467,Protein,15.6,g
5467,Carbohydrates,15.1,g
5467,Fiber,1.6,g
5467,Fat,36.3,g
5467,Cholesterol,0,mg
5467,Sodium,12.3,mg
5468,Energy,449,cal
5468,Protein,15.6,g
5468,Carbohydrates,15.1,g
5468,Fiber,1.6,g
5468,Fat,36.3,g
5468,Cholesterol,0,mg
5468,Sodium,12.3,mg
5469,Energy,449,cal
5469,Protein,15.6,g
5469,Carbohydrates,15.1,g
5469,Fiber,1.6,g
5469,Fat,36.3,g
5469,Cholesterol,0,mg
5469,Sodium,12.3,mg
5470,Energy,449,cal
5470,Protein,15.6,g
5470,Carbohydrates,15.1,g
5470,Fiber,1.6,g
5470,Fat,36.3,g
5470,Cholesterol,0,mg
5470,Sodium,12.3,mg
5471,Energy,330,cal
5471,Protein,10.4,g
5471,Carbohydrates,9.3,g
5471,Fiber,0.5,g
5471,Fat,28,g
5471,Cholesterol,0,mg
5471,Sodium,7.7,mg
5472,Energy,330,cal
5472,Protein,10.4,g
5472,Carbohydrates,9.3,g
5472,Fiber,0.5,g
5472,Fat,28,g
5472,Cholesterol,0,mg
5472,Sodium,7.7,mg
5473,Energy,330,cal
5473,Protein,10.4,g
5473,Carbohydrates,9.3,g
5473,Fiber,0.5,g
5473,Fat,28,g
5473,Cholesterol,0,mg
5473,Sodium,7.7,mg
5474,Energy,330,cal
5474,Protein,10.4,g
5474,Carbohydrates,9.3,g
5474,Fiber,0.5,g
5474,Fat,28,g
5474,Cholesterol,0,mg
5474,Sodium,7.7,mg
5475,Energy,388,cal
5475,Protein,11.3,g
5475,Carbohydrates,16.3,g
5475,Fiber,1.3,g
5475,Fat,31.6,g
5475,Cholesterol,0,mg
5475,Vitamin A,509.3,mcg
5475,Vitamin B1,-0.6,mg
5475,Vitamin B2,-0.7,mg
5475,Vitamin B3,-0.7,mg
5475,Vitamin C,15.8,mg
5475,Folic Acid,10.1,mcg
5475,Calcium,349.4,mg
5475,Iron,0.2,mg
5475,Magnesium,0,mg
5475,Phosphorus,0,mg
5475,Sodium,3,mg
5475,Potassium,71.6,mg
5475,Zinc,0.2,mg
5476,Energy,238,cal
5476,Protein,8.6,g
5476,Carbohydrates,12.9,g
5476,Fiber,0.7,g
5476,Fat,15.1,g
5476,Cholesterol,0,mg
5476,Vitamin A,408.6,mcg
5476,Vitamin B1,-0.3,mg
5476,Vitamin B2,-0.3,mg
5476,Vitamin B3,-0.1,mg
5476,Vitamin C,13.4,mg
5476,Folic Acid,15.5,mcg
5476,Calcium,357.4,mg
5476,Iron,0.5,mg
5476,Magnesium,0,mg
5476,Phosphorus,0,mg
5476,Sodium,27.7,mg
5476,Potassium,146.4,mg
5476,Zinc,0.1,mg
5477,Energy,210,cal
5477,Protein,7.4,g
5477,Carbohydrates,12.6,g
5477,Fiber,0.5,g
5477,Fat,13.3,g
5477,Cholesterol,0,mg
5477,Vitamin A,256.8,mcg
5477,Vitamin B1,-0.3,mg
5477,Vitamin B2,-0.3,mg
5477,Vitamin B3,0.1,mg
5477,Vitamin C,4.4,mg
5477,Folic Acid,13.7,mcg
5477,Calcium,287.9,mg
5477,Iron,0.5,mg
5477,Magnesium,0,mg
5477,Phosphorus,0,mg
5477,Sodium,17,mg
5477,Potassium,82.9,mg
5477,Zinc,0.1,mg
5478,Energy,210,cal
5478,Protein,7.4,g
5478,Carbohydrates,12.6,g
5478,Fiber,0.5,g
5478,Fat,13.3,g
5478,Cholesterol,0,mg
5478,Vitamin A,256.8,mcg
5478,Vitamin B1,-0.3,mg
5478,Vitamin B2,-0.3,mg
5478,Vitamin B3,0.1,mg
5478,Vitamin C,4.4,mg
5478,Folic Acid,13.7,mcg
5478,Calcium,287.9,mg
5478,Iron,0.5,mg
5478,Magnesium,0,mg
5478,Phosphorus,0,mg
5478,Sodium,17,mg
5478,Potassium,82.9,mg
5478,Zinc,0.1,mg
5479,Energy,210,cal
5479,Protein,7.4,g
5479,Carbohydrates,12.6,g
5479,Fiber,0.5,g
5479,Fat,13.3,g
5479,Cholesterol,0,mg
5479,Vitamin A,256.8,mcg
5479,Vitamin B1,-0.3,mg
5479,Vitamin B2,-0.3,mg
5479,Vitamin B3,0.1,mg
5479,Vitamin C,4.4,mg
5479,Folic Acid,13.7,mcg
5479,Calcium,287.9,mg
5479,Iron,0.5,mg
5479,Magnesium,0,mg
5479,Phosphorus,0,mg
5479,Sodium,17,mg
5479,Potassium,82.9,mg
5479,Zinc,0.1,mg
5480,Energy,214,cal
5480,Protein,8.3,g
5480,Carbohydrates,11.2,g
5480,Fiber,1.5,g
5480,Fat,15,g
5480,Cholesterol,7.5,mg
5480,Sodium,36.2,mg
5481,Energy,396,cal
5481,Protein,15.8,g
5481,Carbohydrates,13.9,g
5481,Fiber,1.1,g
5481,Fat,29.9,g
5481,Cholesterol,13.5,mg
5481,Sodium,40.7,mg
5482,Energy,393,cal
5482,Protein,15.4,g
5482,Carbohydrates,13.4,g
5482,Fiber,1.1,g
5482,Fat,30.3,g
5482,Cholesterol,0,mg
5482,Vitamin A,1429,mcg
5482,Vitamin B1,-0.8,mg
5482,Vitamin B2,-0.8,mg
5482,Vitamin B3,-0.6,mg
5482,Vitamin C,25.4,mg
5482,Folic Acid,6.7,mcg
5482,Calcium,533,mg
5482,Iron,1.3,mg
5482,Magnesium,0,mg
5482,Phosphorus,0,mg
5482,Sodium,38.7,mg
5482,Potassium,98.2,mg
5482,Zinc,0.5,mg
5483,Energy,298,cal
5483,Protein,8.6,g
5483,Carbohydrates,9.5,g
5483,Fiber,1.2,g
5483,Fat,25.2,g
5483,Cholesterol,0,mg
5483,Sodium,15.2,mg
5484,Energy,298,cal
5484,Protein,8.6,g
5484,Carbohydrates,9.5,g
5484,Fiber,1.2,g
5484,Fat,25.2,g
5484,Cholesterol,0,mg
5484,Sodium,15.2,mg
5485,Energy,221,cal
5485,Protein,6.9,g
5485,Carbohydrates,6.7,g
5485,Fiber,3,g
5485,Fat,18.5,g
5485,Cholesterol,0,mg
5485,Vitamin A,4363.8,mcg
5485,Vitamin B1,-0.3,mg
5485,Vitamin B2,-0.1,mg
5485,Vitamin B3,0.1,mg
5485,Vitamin C,28.3,mg
5485,Folic Acid,84.4,mcg
5485,Calcium,282.1,mg
5485,Iron,1.1,mg
5485,Magnesium,0,mg
5485,Phosphorus,0,mg
5485,Sodium,53.6,mg
5485,Potassium,162.2,mg
5485,Zinc,0.3,mg
5486,Energy,221,cal
5486,Protein,6.9,g
5486,Carbohydrates,6.7,g
5486,Fiber,3,g
5486,Fat,18.5,g
5486,Cholesterol,0,mg
5486,Vitamin A,4363.8,mcg
5486,Vitamin B1,-0.3,mg
5486,Vitamin B2,-0.1,mg
5486,Vitamin B3,0.1,mg
5486,Vitamin C,28.3,mg
5486,Folic Acid,84.4,mcg
5486,Calcium,282.1,mg
5486,Iron,1.1,mg
5486,Magnesium,0,mg
5486,Phosphorus,0,mg
5486,Sodium,53.6,mg
5486,Potassium,162.2,mg
5486,Zinc,0.3,mg
5487,Energy,193,cal
5487,Protein,3.3,g
5487,Carbohydrates,18.5,g
5487,Fiber,3.2,g
5487,Fat,8.4,g
5487,Cholesterol,0,mg
5487,Sodium,174.3,mg
5488,Energy,88,cal
5488,Protein,4.7,g
5488,Carbohydrates,9.8,g
5488,Fiber,3.3,g
5488,Fat,3.3,g
5488,Cholesterol,0,mg
5488,Sodium,89.9,mg
5489,Energy,79,cal
5489,Protein,2.6,g
5489,Carbohydrates,13.1,g
5489,Fiber,2.2,g
5489,Fat,2,g
5489,Cholesterol,0,mg
5489,Sodium,12.8,mg
5490,Energy,79,cal
5490,Protein,2.6,g
5490,Carbohydrates,13.1,g
5490,Fiber,2.2,g
5490,Fat,2,g
5490,Cholesterol,0,mg
5490,Sodium,12.8,mg
5491,Energy,79,cal
5491,Protein,2.6,g
5491,Carbohydrates,13.1,g
5491,Fiber,2.2,g
5491,Fat,2,g
5491,Cholesterol,0,mg
5491,Sodium,12.8,mg
5492,Energy,79,cal
5492,Protein,2.6,g
5492,Carbohydrates,13.1,g
5492,Fiber,2.2,g
5492,Fat,2,g
5492,Cholesterol,0,mg
5492,Sodium,12.8,mg
5493,Energy,79,cal
5493,Protein,2.6,g
5493,Carbohydrates,13.1,g
5493,Fiber,2.2,g
5493,Fat,2,g
5493,Cholesterol,0,mg
5493,Sodium,12.8,mg
5494,Energy,104,cal
5494,Protein,2.2,g
5494,Carbohydrates,7.5,g
5494,Fiber,0.5,g
5494,Fat,7.4,g
5494,Cholesterol,0,mg
5494,Vitamin A,99.5,mcg
5494,Vitamin B1,0,mg
5494,Vitamin B2,0,mg
5494,Vitamin B3,0.5,mg
5494,Vitamin C,1.1,mg
5494,Folic Acid,10.5,mcg
5494,Calcium,53.4,mg
5494,Iron,0.5,mg
5494,Magnesium,0,mg
5494,Phosphorus,0,mg
5494,Sodium,12.8,mg
5494,Potassium,23,mg
5494,Zinc,0.1,mg
5495,Energy,104,cal
5495,Protein,2.2,g
5495,Carbohydrates,7.5,g
5495,Fiber,0.5,g
5495,Fat,7.4,g
5495,Cholesterol,0,mg
5495,Vitamin A,99.5,mcg
5495,Vitamin B1,0,mg
5495,Vitamin B2,0,mg
5495,Vitamin B3,0.5,mg
5495,Vitamin C,1.1,mg
5495,Folic Acid,10.5,mcg
5495,Calcium,53.4,mg
5495,Iron,0.5,mg
5495,Magnesium,0,mg
5495,Phosphorus,0,mg
5495,Sodium,12.8,mg
5495,Potassium,23,mg
5495,Zinc,0.1,mg
5496,Energy,104,cal
5496,Protein,2.2,g
5496,Carbohydrates,7.5,g
5496,Fiber,0.5,g
5496,Fat,7.4,g
5496,Cholesterol,0,mg
5496,Vitamin A,99.5,mcg
5496,Vitamin B1,0,mg
5496,Vitamin B2,0,mg
5496,Vitamin B3,0.5,mg
5496,Vitamin C,1.1,mg
5496,Folic Acid,10.5,mcg
5496,Calcium,53.4,mg
5496,Iron,0.5,mg
5496,Magnesium,0,mg
5496,Phosphorus,0,mg
5496,Sodium,12.8,mg
5496,Potassium,23,mg
5496,Zinc,0.1,mg
5497,Energy,318,cal
5497,Protein,11.8,g
5497,Carbohydrates,12.2,g
5497,Fiber,2.8,g
5497,Fat,24.7,g
5497,Cholesterol,0,mg
5497,Sodium,50.8,mg
5498,Energy,222,cal
5498,Protein,6.6,g
5498,Carbohydrates,7.1,g
5498,Fiber,1.8,g
5498,Fat,18.6,g
5498,Cholesterol,0,mg
5498,Vitamin A,4039.8,mcg
5498,Vitamin B1,-0.3,mg
5498,Vitamin B2,-0.2,mg
5498,Vitamin B3,0.1,mg
5498,Vitamin C,22.2,mg
5498,Folic Acid,85.1,mcg
5498,Calcium,236.2,mg
5498,Iron,0.9,mg
5498,Magnesium,0,mg
5498,Phosphorus,0,mg
5498,Sodium,43.4,mg
5498,Potassium,171,mg
5498,Zinc,0.3,mg
5499,Energy,222,cal
5499,Protein,6.6,g
5499,Carbohydrates,7.1,g
5499,Fiber,1.8,g
5499,Fat,18.6,g
5499,Cholesterol,0,mg
5499,Vitamin A,4039.8,mcg
5499,Vitamin B1,-0.3,mg
5499,Vitamin B2,-0.2,mg
5499,Vitamin B3,0.1,mg
5499,Vitamin C,22.2,mg
5499,Folic Acid,85.1,mcg
5499,Calcium,236.2,mg
5499,Iron,0.9,mg
5499,Magnesium,0,mg
5499,Phosphorus,0,mg
5499,Sodium,43.4,mg
5499,Potassium,171,mg
5499,Zinc,0.3,mg
5500,Energy,179,cal
5500,Protein,7,g
5500,Carbohydrates,6.7,g
5500,Fiber,3,g
5500,Fat,13.8,g
5500,Cholesterol,0,mg
5500,Sodium,52.3,mg
5511,Energy,85,cal
5511,Protein,2.8,g
5511,Carbohydrates,3,g
5511,Fiber,0.2,g
5511,Fat,6.9,g
5511,Cholesterol,0,mg
5511,Sodium,0.1,mg
5512,Energy,34,cal
5512,Protein,1.2,g
5512,Carbohydrates,3.3,g
5512,Fiber,0.4,g
5512,Fat,1.8,g
5512,Cholesterol,0,mg
5512,Sodium,12.8,mg
5513,Energy,102,cal
5513,Protein,3.3,g
5513,Carbohydrates,7,g
5513,Fiber,0.1,g
5513,Fat,6.8,g
5513,Cholesterol,0.2,mg
5513,Sodium,0.2,mg
5514,Energy,102,cal
5514,Protein,3.3,g
5514,Carbohydrates,7,g
5514,Fiber,0.1,g
5514,Fat,6.8,g
5514,Cholesterol,0.2,mg
5514,Sodium,0.2,mg
5515,Energy,102,cal
5515,Protein,3.3,g
5515,Carbohydrates,7,g
5515,Fiber,0.1,g
5515,Fat,6.8,g
5515,Cholesterol,0.2,mg
5515,Sodium,0.2,mg
5516,Energy,364,cal
5516,Protein,12.2,g
5516,Carbohydrates,41.4,g
5516,Fiber,2.6,g
5516,Fat,16.7,g
5516,Cholesterol,0,mg
5516,Sodium,17.2,mg
5517,Energy,364,cal
5517,Protein,12.2,g
5517,Carbohydrates,41.4,g
5517,Fiber,2.6,g
5517,Fat,16.7,g
5517,Cholesterol,0,mg
5517,Sodium,17.2,mg
5518,Energy,364,cal
5518,Protein,12.2,g
5518,Carbohydrates,41.4,g
5518,Fiber,2.6,g
5518,Fat,16.7,g
5518,Cholesterol,0,mg
5518,Sodium,17.2,mg
5519,Energy,364,cal
5519,Protein,12.2,g
5519,Carbohydrates,41.4,g
5519,Fiber,2.6,g
5519,Fat,16.7,g
5519,Cholesterol,0,mg
5519,Sodium,17.2,mg
5520,Energy,333,cal
5520,Protein,8.3,g
5520,Carbohydrates,38.8,g
5520,Fiber,2.6,g
5520,Fat,16.1,g
5520,Cholesterol,0,mg
5520,Sodium,6.6,mg
5521,Energy,333,cal
5521,Protein,8.3,g
5521,Carbohydrates,38.8,g
5521,Fiber,2.6,g
5521,Fat,16.1,g
5521,Cholesterol,0,mg
5521,Sodium,6.6,mg
5522,Energy,333,cal
5522,Protein,8.3,g
5522,Carbohydrates,38.8,g
5522,Fiber,2.6,g
5522,Fat,16.1,g
5522,Cholesterol,0,mg
5522,Sodium,6.6,mg
5523,Energy,333,cal
5523,Protein,8.3,g
5523,Carbohydrates,38.8,g
5523,Fiber,2.6,g
5523,Fat,16.1,g
5523,Cholesterol,0,mg
5523,Sodium,6.6,mg
5524,Energy,333,cal
5524,Protein,8.3,g
5524,Carbohydrates,38.8,g
5524,Fiber,2.6,g
5524,Fat,16.1,g
5524,Cholesterol,0,mg
5524,Sodium,6.6,mg
5525,Energy,82,cal
5525,Protein,2.8,g
5525,Carbohydrates,9.8,g
5525,Fiber,1.6,g
5525,Fat,3.7,g
5525,Cholesterol,0,mg
5525,Sodium,2.6,mg
5526,Energy,82,cal
5526,Protein,2.8,g
5526,Carbohydrates,9.8,g
5526,Fiber,1.6,g
5526,Fat,3.7,g
5526,Cholesterol,0,mg
5526,Sodium,2.6,mg
5527,Energy,82,cal
5527,Protein,2.8,g
5527,Carbohydrates,9.8,g
5527,Fiber,1.6,g
5527,Fat,3.7,g
5527,Cholesterol,0,mg
5527,Sodium,2.6,mg
5528,Energy,82,cal
5528,Protein,2.8,g
5528,Carbohydrates,9.8,g
5528,Fiber,1.6,g
5528,Fat,3.7,g
5528,Cholesterol,0,mg
5528,Sodium,2.6,mg
5529,Energy,217,cal
5529,Protein,6.4,g
5529,Carbohydrates,8.8,g
5529,Fiber,1.4,g
5529,Fat,17.2,g
5529,Cholesterol,0,mg
5529,Vitamin A,554.2,mcg
5529,Vitamin B1,-0.3,mg
5529,Vitamin B2,-0.3,mg
5529,Vitamin B3,0,mg
5529,Vitamin C,22.9,mg
5529,Folic Acid,25.3,mcg
5529,Calcium,248,mg
5529,Iron,0.5,mg
5529,Magnesium,0,mg
5529,Phosphorus,0,mg
5529,Sodium,17.9,mg
5529,Potassium,142.7,mg
5529,Zinc,0,mg
5530,Energy,502,cal
5530,Protein,15.8,g
5530,Carbohydrates,14.4,g
5530,Fiber,1.9,g
5530,Fat,42.4,g
5530,Cholesterol,0,mg
5530,Sodium,17,mg
5531,Energy,278,cal
5531,Protein,11,g
5531,Carbohydrates,7.7,g
5531,Fiber,0.4,g
5531,Fat,22,g
5531,Cholesterol,0,mg
5531,Vitamin A,505.1,mcg
5531,Vitamin B1,-0.6,mg
5531,Vitamin B2,-0.7,mg
5531,Vitamin B3,-0.7,mg
5531,Vitamin C,25,mg
5531,Folic Acid,1.4,mcg
5531,Calcium,402.4,mg
5531,Iron,0.2,mg
5531,Magnesium,0,mg
5531,Phosphorus,0,mg
5531,Sodium,5.6,mg
5531,Potassium,26.3,mg
5531,Zinc,0,mg
5532,Energy,278,cal
5532,Protein,11,g
5532,Carbohydrates,7.7,g
5532,Fiber,0.4,g
5532,Fat,22,g
5532,Cholesterol,0,mg
5532,Vitamin A,505.1,mcg
5532,Vitamin B1,-0.6,mg
5532,Vitamin B2,-0.7,mg
5532,Vitamin B3,-0.7,mg
5532,Vitamin C,25,mg
5532,Folic Acid,1.4,mcg
5532,Calcium,402.4,mg
5532,Iron,0.2,mg
5532,Magnesium,0,mg
5532,Phosphorus,0,mg
5532,Sodium,5.6,mg
5532,Potassium,26.3,mg
5532,Zinc,0,mg
5533,Energy,278,cal
5533,Protein,11,g
5533,Carbohydrates,7.7,g
5533,Fiber,0.4,g
5533,Fat,22,g
5533,Cholesterol,0,mg
5533,Vitamin A,505.1,mcg
5533,Vitamin B1,-0.6,mg
5533,Vitamin B2,-0.7,mg
5533,Vitamin B3,-0.7,mg
5533,Vitamin C,25,mg
5533,Folic Acid,1.4,mcg
5533,Calcium,402.4,mg
5533,Iron,0.2,mg
5533,Magnesium,0,mg
5533,Phosphorus,0,mg
5533,Sodium,5.6,mg
5533,Potassium,26.3,mg
5533,Zinc,0,mg
5534,Energy,278,cal
5534,Protein,11,g
5534,Carbohydrates,7.7,g
5534,Fiber,0.4,g
5534,Fat,22,g
5534,Cholesterol,0,mg
5534,Vitamin A,505.1,mcg
5534,Vitamin B1,-0.6,mg
5534,Vitamin B2,-0.7,mg
5534,Vitamin B3,-0.7,mg
5534,Vitamin C,25,mg
5534,Folic Acid,1.4,mcg
5534,Calcium,402.4,mg
5534,Iron,0.2,mg
5534,Magnesium,0,mg
5534,Phosphorus,0,mg
5534,Sodium,5.6,mg
5534,Potassium,26.3,mg
5534,Zinc,0,mg
5535,Energy,278,cal
5535,Protein,11,g
5535,Carbohydrates,7.7,g
5535,Fiber,0.4,g
5535,Fat,22,g
5535,Cholesterol,0,mg
5535,Vitamin A,505.1,mcg
5535,Vitamin B1,-0.6,mg
5535,Vitamin B2,-0.7,mg
5535,Vitamin B3,-0.7,mg
5535,Vitamin C,25,mg
5535,Folic Acid,1.4,mcg
5535,Calcium,402.4,mg
5535,Iron,0.2,mg
5535,Magnesium,0,mg
5535,Phosphorus,0,mg
5535,Sodium,5.6,mg
5535,Potassium,26.3,mg
5535,Zinc,0,mg
5536,Energy,278,cal
5536,Protein,11,g
5536,Carbohydrates,7.7,g
5536,Fiber,0.4,g
5536,Fat,22,g
5536,Cholesterol,0,mg
5536,Vitamin A,505.1,mcg
5536,Vitamin B1,-0.6,mg
5536,Vitamin B2,-0.7,mg
5536,Vitamin B3,-0.7,mg
5536,Vitamin C,25,mg
5536,Folic Acid,1.4,mcg
5536,Calcium,402.4,mg
5536,Iron,0.2,mg
5536,Magnesium,0,mg
5536,Phosphorus,0,mg
5536,Sodium,5.6,mg
5536,Potassium,26.3,mg
5536,Zinc,0,mg
5537,Energy,278,cal
5537,Protein,11,g
5537,Carbohydrates,7.7,g
5537,Fiber,0.4,g
5537,Fat,22,g
5537,Cholesterol,0,mg
5537,Vitamin A,505.1,mcg
5537,Vitamin B1,-0.6,mg
5537,Vitamin B2,-0.7,mg
5537,Vitamin B3,-0.7,mg
5537,Vitamin C,25,mg
5537,Folic Acid,1.4,mcg
5537,Calcium,402.4,mg
5537,Iron,0.2,mg
5537,Magnesium,0,mg
5537,Phosphorus,0,mg
5537,Sodium,5.6,mg
5537,Potassium,26.3,mg
5537,Zinc,0,mg
5538,Energy,278,cal
5538,Protein,11,g
5538,Carbohydrates,7.7,g
5538,Fiber,0.4,g
5538,Fat,22,g
5538,Cholesterol,0,mg
5538,Vitamin A,505.1,mcg
5538,Vitamin B1,-0.6,mg
5538,Vitamin B2,-0.7,mg
5538,Vitamin B3,-0.7,mg
5538,Vitamin C,25,mg
5538,Folic Acid,1.4,mcg
5538,Calcium,402.4,mg
5538,Iron,0.2,mg
5538,Magnesium,0,mg
5538,Phosphorus,0,mg
5538,Sodium,5.6,mg
5538,Potassium,26.3,mg
5538,Zinc,0,mg
5539,Energy,278,cal
5539,Protein,11,g
5539,Carbohydrates,7.7,g
5539,Fiber,0.4,g
5539,Fat,22,g
5539,Cholesterol,0,mg
5539,Vitamin A,505.1,mcg
5539,Vitamin B1,-0.6,mg
5539,Vitamin B2,-0.7,mg
5539,Vitamin B3,-0.7,mg
5539,Vitamin C,25,mg
5539,Folic Acid,1.4,mcg
5539,Calcium,402.4,mg
5539,Iron,0.2,mg
5539,Magnesium,0,mg
5539,Phosphorus,0,mg
5539,Sodium,5.6,mg
5539,Potassium,26.3,mg
5539,Zinc,0,mg
5540,Energy,278,cal
5540,Protein,11,g
5540,Carbohydrates,7.7,g
5540,Fiber,0.4,g
5540,Fat,22,g
5540,Cholesterol,0,mg
5540,Vitamin A,505.1,mcg
5540,Vitamin B1,-0.6,mg
5540,Vitamin B2,-0.7,mg
5540,Vitamin B3,-0.7,mg
5540,Vitamin C,25,mg
5540,Folic Acid,1.4,mcg
5540,Calcium,402.4,mg
5540,Iron,0.2,mg
5540,Magnesium,0,mg
5540,Phosphorus,0,mg
5540,Sodium,5.6,mg
5540,Potassium,26.3,mg
5540,Zinc,0,mg
5541,Energy,278,cal
5541,Protein,11,g
5541,Carbohydrates,7.7,g
5541,Fiber,0.4,g
5541,Fat,22,g
5541,Cholesterol,0,mg
5541,Vitamin A,505.1,mcg
5541,Vitamin B1,-0.6,mg
5541,Vitamin B2,-0.7,mg
5541,Vitamin B3,-0.7,mg
5541,Vitamin C,25,mg
5541,Folic Acid,1.4,mcg
5541,Calcium,402.4,mg
5541,Iron,0.2,mg
5541,Magnesium,0,mg
5541,Phosphorus,0,mg
5541,Sodium,5.6,mg
5541,Potassium,26.3,mg
5541,Zinc,0,mg
5542,Energy,179,cal
5542,Protein,6.7,g
5542,Carbohydrates,5.7,g
5542,Fiber,0.6,g
5542,Fat,14.1,g
5542,Cholesterol,0,mg
5542,Vitamin A,279.5,mcg
5542,Vitamin B1,-0.3,mg
5542,Vitamin B2,-0.4,mg
5542,Vitamin B3,-0.3,mg
5542,Vitamin C,15.3,mg
5542,Folic Acid,4,mcg
5542,Calcium,230.4,mg
5542,Iron,0.2,mg
5542,Magnesium,0,mg
5542,Phosphorus,0,mg
5542,Sodium,4.5,mg
5542,Potassium,29.4,mg
5542,Zinc,0,mg
5543,Energy,42,cal
5543,Protein,1.6,g
5543,Carbohydrates,1.4,g
5543,Fiber,0.1,g
5543,Fat,3.2,g
5543,Cholesterol,0.8,mg
5543,Sodium,1.6,mg
5544,Energy,97,cal
5544,Protein,3.8,g
5544,Carbohydrates,5.3,g
5544,Fiber,0.1,g
5544,Fat,6.8,g
5544,Cholesterol,0,mg
5544,Sodium,1.1,mg
5545,Energy,97,cal
5545,Protein,3.8,g
5545,Carbohydrates,5.3,g
5545,Fiber,0.1,g
5545,Fat,6.8,g
5545,Cholesterol,0,mg
5545,Sodium,1.1,mg
5546,Energy,97,cal
5546,Protein,3.8,g
5546,Carbohydrates,5.3,g
5546,Fiber,0.1,g
5546,Fat,6.8,g
5546,Cholesterol,0,mg
5546,Sodium,1.1,mg
5547,Energy,97,cal
5547,Protein,3.8,g
5547,Carbohydrates,5.3,g
5547,Fiber,0.1,g
5547,Fat,6.8,g
5547,Cholesterol,0,mg
5547,Sodium,1.1,mg
5548,Energy,84,cal
5548,Protein,5.3,g
5548,Carbohydrates,11.1,g
5548,Fiber,3,g
5548,Fat,2.1,g
5548,Cholesterol,0,mg
5548,Sodium,61.9,mg
5550,Energy,102,calories
5550,Protein,6,gm
5550,Carbohydrates,16.9,gm
5550,Fat,1.1,gm
5550,Calcium,192.2,mg
5550,Iron,0.9,mg
5550,Zinc,0.4,mg
5551,Energy,102,calories
5551,Protein,6,gm
5551,Carbohydrates,16.9,gm
5551,Fat,1.1,gm
5551,Calcium,192.2,mg
5551,Iron,0.9,mg
5551,Zinc,0.4,mg
5552,Energy,102,calories
5552,Protein,6,gm
5552,Carbohydrates,16.9,gm
5552,Fat,1.1,gm
5552,Calcium,192.2,mg
5552,Iron,0.9,mg
5552,Zinc,0.4,mg
5553,Energy,102,calories
5553,Protein,6,gm
5553,Carbohydrates,16.9,gm
5553,Fat,1.1,gm
5553,Calcium,192.2,mg
5553,Iron,0.9,mg
5553,Zinc,0.4,mg
5554,Energy,58,cal
5554,Protein,2.7,g
5554,Carbohydrates,12.4,g
5554,Fiber,2.6,g
5554,Fat,0.2,g
5554,Cholesterol,0,mg
5554,Sodium,120.6,mg
5555,Energy,58,cal
5555,Protein,2.7,g
5555,Carbohydrates,12.4,g
5555,Fiber,2.6,g
5555,Fat,0.2,g
5555,Cholesterol,0,mg
5555,Sodium,120.6,mg
5556,Energy,58,cal
5556,Protein,2.7,g
5556,Carbohydrates,12.4,g
5556,Fiber,2.6,g
5556,Fat,0.2,g
5556,Cholesterol,0,mg
5556,Sodium,120.6,mg
5557,Energy,58,cal
5557,Protein,2.7,g
5557,Carbohydrates,12.4,g
5557,Fiber,2.6,g
5557,Fat,0.2,g
5557,Cholesterol,0,mg
5557,Sodium,120.6,mg
5558,Energy,366,cal
5558,Protein,12.1,g
5558,Carbohydrates,21.8,g
5558,Fiber,2,g
5558,Fat,26.7,g
5558,Cholesterol,0,mg
5558,Sodium,4.2,mg
5559,Energy,63,cal
5559,Protein,3.1,g
5559,Carbohydrates,11.8,g
5559,Fiber,0.4,g
5559,Fat,0.3,g
5559,Cholesterol,0,mg
5559,Sodium,18.8,mg
5560,Energy,63,cal
5560,Protein,3.1,g
5560,Carbohydrates,11.8,g
5560,Fiber,0.4,g
5560,Fat,0.3,g
5560,Cholesterol,0,mg
5560,Sodium,18.8,mg
5566,Energy,89,cal
5566,Protein,1.7,g
5566,Carbohydrates,16.3,g
5566,Fiber,2,g
5566,Fat,0.3,g
5566,Cholesterol,0,mg
5566,Sodium,161,mg
5567,Energy,204,cal
5567,Protein,5.3,g
5567,Carbohydrates,16.1,g
5567,Fiber,0.3,g
5567,Fat,13.6,g
5567,Cholesterol,0,mg
5567,Vitamin A,127.7,mcg
5567,Vitamin B1,-0.1,mg
5567,Vitamin B2,-0.1,mg
5567,Vitamin B3,0,mg
5567,Vitamin C,1,mg
5567,Folic Acid,0.6,mcg
5567,Calcium,111.6,mg
5567,Iron,0.7,mg
5567,Magnesium,0,mg
5567,Phosphorus,0,mg
5567,Sodium,69.8,mg
5567,Potassium,1.1,mg
5567,Zinc,0.2,mg
5568,Energy,204,cal
5568,Protein,5.3,g
5568,Carbohydrates,16.1,g
5568,Fiber,0.3,g
5568,Fat,13.6,g
5568,Cholesterol,0,mg
5568,Vitamin A,127.7,mcg
5568,Vitamin B1,-0.1,mg
5568,Vitamin B2,-0.1,mg
5568,Vitamin B3,0,mg
5568,Vitamin C,1,mg
5568,Folic Acid,0.6,mcg
5568,Calcium,111.6,mg
5568,Iron,0.7,mg
5568,Magnesium,0,mg
5568,Phosphorus,0,mg
5568,Sodium,69.8,mg
5568,Potassium,1.1,mg
5568,Zinc,0.2,mg
5569,Energy,140,cal
5569,Protein,0.4,g
5569,Carbohydrates,35.4,g
5569,Fiber,1.3,g
5569,Fat,0.2,g
5569,Cholesterol,0,mg
5569,Sodium,1.4,mg
5570,Energy,157,cal
5570,Protein,0.4,g
5570,Carbohydrates,39.6,g
5570,Fiber,1.3,g
5570,Fat,0.2,g
5570,Cholesterol,0,mg
5570,Sodium,1.4,mg
5571,Energy,96,cal
5571,Protein,0.2,g
5571,Carbohydrates,24.3,g
5571,Fiber,0.6,g
5571,Fat,0.1,g
5571,Cholesterol,0,mg
5571,Sodium,0.7,mg
5572,Energy,96,cal
5572,Protein,0.2,g
5572,Carbohydrates,24.3,g
5572,Fiber,0.6,g
5572,Fat,0.1,g
5572,Cholesterol,0,mg
5572,Sodium,0.7,mg
5573,Energy,96,cal
5573,Protein,0.2,g
5573,Carbohydrates,24.3,g
5573,Fiber,0.6,g
5573,Fat,0.1,g
5573,Cholesterol,0,mg
5573,Sodium,0.7,mg
5574,Energy,96,cal
5574,Protein,0.2,g
5574,Carbohydrates,24.3,g
5574,Fiber,0.6,g
5574,Fat,0.1,g
5574,Cholesterol,0,mg
5574,Sodium,0.7,mg
5575,Energy,21,cal
5575,Protein,0.5,g
5575,Carbohydrates,3.6,g
5575,Fiber,0.2,g
5575,Fat,0.5,g
5575,Cholesterol,0.1,mg
5575,Sodium,0.5,mg
5576,Energy,37,cal
5576,Protein,2.4,g
5576,Carbohydrates,6.5,g
5576,Fiber,1.7,g
5576,Fat,0.2,g
5576,Cholesterol,0,mg
5576,Sodium,1.5,mg
5577,Energy,221,cal
5577,Protein,9.1,g
5577,Carbohydrates,22.1,g
5577,Fiber,5.9,g
5577,Fat,10.7,g
5577,Cholesterol,0,mg
5577,Sodium,7.1,mg
5578,Energy,160,cal
5578,Protein,4.7,g
5578,Carbohydrates,7.9,g
5578,Fiber,1.9,g
5578,Fat,10.9,g
5578,Cholesterol,8,mg
5578,Sodium,9.5,mg
5579,Energy,63,cal
5579,Protein,1.6,g
5579,Carbohydrates,2.6,g
5579,Fiber,0.2,g
5579,Fat,5.1,g
5579,Cholesterol,0,mg
5579,Vitamin A,60.4,mcg
5579,Vitamin B1,-0.1,mg
5579,Vitamin B2,-0.1,mg
5579,Vitamin B3,0,mg
5579,Vitamin C,0.8,mg
5579,Folic Acid,0,mcg
5579,Calcium,44.5,mg
5579,Iron,0.1,mg
5579,Magnesium,0,mg
5579,Phosphorus,0,mg
5579,Sodium,0.2,mg
5579,Potassium,5.7,mg
5579,Zinc,0,mg
5580,Energy,129,cal
5580,Protein,4.4,g
5580,Carbohydrates,7.6,g
5580,Fiber,1.3,g
5580,Fat,9,g
5580,Cholesterol,0,mg
5580,Sodium,11.7,mg
5581,Energy,43,cal
5581,Protein,0.3,g
5581,Carbohydrates,1.9,g
5581,Fiber,0.1,g
5581,Fat,3.8,g
5581,Cholesterol,0,mg
5581,Sodium,0.8,mg
5582,Energy,358,cal
5582,Protein,6.9,g
5582,Carbohydrates,52.4,g
5582,Fiber,3,g
5582,Fat,13.4,g
5582,Cholesterol,0,mg
5582,Sodium,5.4,mg
5583,Energy,319,cal
5583,Protein,8.9,g
5583,Carbohydrates,46.1,g
5583,Fiber,4.7,g
5583,Fat,11,g
5583,Cholesterol,0,mg
5583,Sodium,10.6,mg
5584,Energy,331,cal
5584,Protein,6.7,g
5584,Carbohydrates,39.3,g
5584,Fiber,2.5,g
5584,Fat,16.3,g
5584,Cholesterol,0,mg
5584,Vitamin A,124.2,mcg
5584,Vitamin B1,0.2,mg
5584,Vitamin B2,0.1,mg
5584,Vitamin B3,3.5,mg
5584,Vitamin C,1.9,mg
5584,Folic Acid,2.3,mcg
5584,Calcium,35,mg
5584,Iron,8.6,mg
5584,Magnesium,0,mg
5584,Phosphorus,0,mg
5584,Sodium,10.6,mg
5584,Potassium,92.5,mg
5584,Zinc,0.3,mg
5585,Energy,132,cal
5585,Protein,3.6,g
5585,Carbohydrates,15.3,g
5585,Fiber,2,g
5585,Fat,6.3,g
5585,Cholesterol,0,mg
5585,Vitamin A,129.2,mcg
5585,Vitamin B1,0,mg
5585,Vitamin B2,0,mg
5585,Vitamin B3,0.4,mg
5585,Vitamin C,4.6,mg
5585,Folic Acid,2.6,mcg
5585,Calcium,6.6,mg
5585,Iron,0.3,mg
5585,Magnesium,0,mg
5585,Phosphorus,0,mg
5585,Sodium,3.1,mg
5585,Potassium,56.8,mg
5585,Zinc,0.1,mg
5586,Energy,132,cal
5586,Protein,3.6,g
5586,Carbohydrates,15.3,g
5586,Fiber,2,g
5586,Fat,6.3,g
5586,Cholesterol,0,mg
5586,Vitamin A,129.2,mcg
5586,Vitamin B1,0,mg
5586,Vitamin B2,0,mg
5586,Vitamin B3,0.4,mg
5586,Vitamin C,4.6,mg
5586,Folic Acid,2.6,mcg
5586,Calcium,6.6,mg
5586,Iron,0.3,mg
5586,Magnesium,0,mg
5586,Phosphorus,0,mg
5586,Sodium,3.1,mg
5586,Potassium,56.8,mg
5586,Zinc,0.1,mg
5587,Energy,23,cal
5587,Protein,0.3,g
5587,Carbohydrates,2,g
5587,Fiber,0,g
5587,Fat,1.5,g
5587,Cholesterol,0,mg
5587,Sodium,0.3,mg
5588,Energy,340,cal
5588,Protein,6.8,g
5588,Carbohydrates,35.1,g
5588,Fiber,3.8,g
5588,Fat,18.1,g
5588,Cholesterol,6,mg
5588,Sodium,53.3,mg
5589,Energy,17,cal
5589,Protein,1.1,g
5589,Carbohydrates,0.4,g
5589,Fiber,0,g
5589,Fat,1.2,g
5589,Cholesterol,0,mg
5589,Vitamin A,15.7,mcg
5589,Vitamin B1,0,mg
5589,Vitamin B2,0,mg
5589,Vitamin B3,0,mg
5589,Vitamin C,0,mg
5589,Folic Acid,0.2,mcg
5589,Calcium,37.9,mg
5589,Iron,0.1,mg
5589,Magnesium,0,mg
5589,Phosphorus,0,mg
5589,Sodium,0.6,mg
5589,Potassium,2.7,mg
5589,Zinc,0,mg
5590,Energy,44,cal
5590,Protein,1,g
5590,Carbohydrates,9.6,g
5590,Fiber,1.2,g
5590,Fat,0.2,g
5590,Cholesterol,0,mg
5590,Sodium,18,mg
5592,Energy,38,kcal
5592,Protein,0.4,gm
5592,Carbohydrates,8.6,gm
5592,Invisible Fat,0.2,gm
5592,Fibre,1.6,gm
5592,Vitamin A,1220.6,mcg
5592,Vitamin C,25.7,mg
5593,Energy,314,cal
5593,Protein,3.7,g
5593,Carbohydrates,47.9,g
5593,Fiber,7.5,g
5593,Fat,12.1,g
5593,Cholesterol,0,mg
5593,Sodium,23.7,mg
5594,Energy,314,cal
5594,Protein,3.7,g
5594,Carbohydrates,47.9,g
5594,Fiber,7.5,g
5594,Fat,12.1,g
5594,Cholesterol,0,mg
5594,Sodium,23.7,mg
5595,Energy,314,cal
5595,Protein,3.7,g
5595,Carbohydrates,47.9,g
5595,Fiber,7.5,g
5595,Fat,12.1,g
5595,Cholesterol,0,mg
5595,Sodium,23.7,mg
5596,Energy,119,cal
5596,Protein,2.7,g
5596,Carbohydrates,16.8,g
5596,Fiber,0.9,g
5596,Fat,3.4,g
5596,Cholesterol,8,mg
5596,Sodium,52.9,mg
5600,Energy,115,cal
5600,Protein,1.1,g
5600,Carbohydrates,26.9,g
5600,Fiber,5.2,g
5600,Fat,0.2,g
5600,Cholesterol,0,mg
5600,Sodium,62.3,mg
5601,Energy,231,cal
5601,Protein,5.1,g
5601,Carbohydrates,23.5,g
5601,Fiber,3.3,g
5601,Fat,11.8,g
5601,Cholesterol,10.7,mg
5601,Sodium,21.9,mg
5602,Energy,165,cal
5602,Protein,1.8,g
5602,Carbohydrates,38.5,g
5602,Fiber,4.5,g
5602,Fat,0.4,g
5602,Cholesterol,0,mg
5602,Sodium,66.2,mg
5603,Energy,83,cal
5603,Protein,1.2,g
5603,Carbohydrates,19,g
5603,Fiber,3.4,g
5603,Fat,0.2,g
5603,Cholesterol,0,mg
5603,Sodium,37.4,mg
5605,Energy,45,kcal
5605,Protein,0.8,gm
5605,Carbohydrate,10.1,gm
5605,Invisible Fat,0.1,gm
5605,Fibre,3.6,gm
5605,Vitamin A,932.4,mcg
5606,Energy,141,cal
5606,Protein,3.2,g
5606,Carbohydrates,20.5,g
5606,Fiber,0.6,g
5606,Fat,4.1,g
5606,Cholesterol,10,mg
5606,Sodium,16.7,mg
5607,Energy,141,cal
5607,Protein,3.2,g
5607,Carbohydrates,20.5,g
5607,Fiber,0.6,g
5607,Fat,4.1,g
5607,Cholesterol,10,mg
5607,Sodium,16.7,mg
5608,Energy,54,cal
5608,Protein,1.8,g
5608,Carbohydrates,9.6,g
5608,Fiber,2.3,g
5608,Fat,1.1,g
5608,Cholesterol,0,mg
5608,Sodium,185.5,mg
5610,Energy,225,cal
5610,Protein,7.8,g
5610,Carbohydrates,15.4,g
5610,Fiber,3.1,g
5610,Fat,16.5,g
5610,Cholesterol,0,mg
5610,Sodium,11.1,mg
5611,Energy,34,cal
5611,Protein,0.3,g
5611,Carbohydrates,1.9,g
5611,Fiber,0.3,g
5611,Fat,2.8,g
5611,Cholesterol,0,mg
5611,Sodium,0.5,mg
5612,Energy,353,cal
5612,Protein,7.6,g
5612,Carbohydrates,36.2,g
5612,Fiber,1.8,g
5612,Fat,17.1,g
5612,Cholesterol,16,mg
5612,Sodium,96.8,mg
5613,Protein,4,g
5613,Cho,4.1,g
5613,Fat,10.5,g
5614,Protein,4,g
5614,Cho,4.1,g
5614,Fat,10.5,g
5618,Energy,240,cal
5618,Protein,6.9,g
5618,Carbohydrates,20.8,g
5618,Fiber,0,g
5618,Fat,12,g
5618,Cholesterol,16,mg
5618,Sodium,19,mg
5619,Energy,96,cal
5619,Protein,1.7,g
5619,Carbohydrates,10.4,g
5619,Fiber,0.4,g
5619,Fat,5.2,g
5619,Cholesterol,11.2,mg
5619,Vitamin A,152.2,mcg
5619,Vitamin B1,0,mg
5619,Vitamin B2,0,mg
5619,Vitamin B3,0.1,mg
5619,Vitamin C,0.8,mg
5619,Folic Acid,1.6,mcg
5619,Calcium,3.3,mg
5619,Iron,0.3,mg
5619,Magnesium,0,mg
5619,Phosphorus,0,mg
5619,Sodium,37.5,mg
5619,Potassium,5.9,mg
5619,Zinc,0,mg
5620,Energy,0,cal
5620,Protein,0,g
5620,Carbohydrates,0,g
5620,Fiber,0,g
5620,Fat,0,g
5620,Cholesterol,0,mg
5620,Vitamin A,5.6,mcg
5620,Vitamin B1,0,mg
5620,Vitamin B2,0,mg
5620,Vitamin B3,0,mg
5620,Vitamin C,0.5,mg
5620,Folic Acid,1.1,mcg
5620,Calcium,0.8,mg
5620,Iron,0,mg
5620,Magnesium,0,mg
5620,Phosphorus,0,mg
5620,Sodium,0.2,mg
5620,Potassium,3.2,mg
5620,Zinc,0,mg
5621,Energy,14,cal
5621,Protein,0.6,g
5621,Carbohydrates,0.4,g
5621,Fiber,0.1,g
5621,Fat,1.1,g
5621,Cholesterol,0,mg
5621,Vitamin A,41.5,mcg
5621,Vitamin B1,0,mg
5621,Vitamin B2,0,mg
5621,Vitamin B3,0,mg
5621,Vitamin C,0.9,mg
5621,Folic Acid,1.7,mcg
5621,Calcium,22,mg
5621,Iron,0.1,mg
5621,Magnesium,0,mg
5621,Phosphorus,0,mg
5621,Sodium,3.6,mg
5621,Potassium,5.4,mg
5621,Zinc,0,mg
5622,Energy,78,cal
5622,Protein,0.2,g
5622,Carbohydrates,3.1,g
5622,Fiber,0.4,g
5622,Fat,7.2,g
5622,Cholesterol,0,mg
5622,Vitamin A,360.6,mcg
5622,Vitamin B1,0,mg
5622,Vitamin B2,0,mg
5622,Vitamin B3,0,mg
5622,Vitamin C,10.2,mg
5622,Folic Acid,3.7,mcg
5622,Calcium,10.6,mg
5622,Iron,0.2,mg
5622,Magnesium,0,mg
5622,Phosphorus,0,mg
5622,Sodium,1.9,mg
5622,Potassium,18.8,mg
5622,Zinc,0,mg
5623,Energy,42,cal
5623,Protein,0.1,g
5623,Carbohydrates,0.4,g
5623,Fiber,0.2,g
5623,Fat,4.5,g
5623,Cholesterol,0,mg
5623,Vitamin A,208.8,mcg
5623,Vitamin B1,0,mg
5623,Vitamin B2,0,mg
5623,Vitamin B3,0,mg
5623,Vitamin C,3.2,mg
5623,Folic Acid,6.4,mcg
5623,Calcium,4.6,mg
5623,Iron,0.2,mg
5623,Magnesium,0,mg
5623,Phosphorus,0,mg
5623,Sodium,46.8,mg
5623,Potassium,20.2,mg
5623,Zinc,0,mg
5624,Energy,31,cal
5624,Protein,0.1,g
5624,Carbohydrates,0.3,g
5624,Fiber,0.2,g
5624,Fat,3.3,g
5624,Cholesterol,10,mg
5624,Sodium,34.9,mg
5625,Energy,25,cal
5625,Protein,1.5,g
5625,Carbohydrates,3.3,g
5625,Fiber,0.9,g
5625,Fat,0.6,g
5625,Cholesterol,0.1,mg
5625,Sodium,15.5,mg
5626,Energy,149,cal
5626,Protein,1.5,g
5626,Carbohydrates,21.1,g
5626,Fiber,1.7,g
5626,Fat,6.6,g
5626,Cholesterol,20,mg
5626,Vitamin A,297,mcg
5626,Vitamin B1,0.1,mg
5626,Vitamin B2,0,mg
5626,Vitamin B3,1.1,mg
5626,Vitamin C,17.6,mg
5626,Folic Acid,19.4,mcg
5626,Calcium,11.9,mg
5626,Iron,0.6,mg
5626,Magnesium,0,mg
5626,Phosphorus,0,mg
5626,Sodium,77.1,mg
5626,Potassium,241.7,mg
5626,Zinc,0.5,mg
5627,Energy,503,cal
5627,Protein,9,g
5627,Carbohydrates,101.5,g
5627,Fiber,5.7,g
5627,Fat,6.8,g
5627,Cholesterol,18.8,mg
5627,Vitamin A,321.9,mcg
5627,Vitamin B1,0.1,mg
5627,Vitamin B2,0.1,mg
5627,Vitamin B3,2.5,mg
5627,Vitamin C,7.9,mg
5627,Folic Acid,26.3,mcg
5627,Calcium,24.3,mg
5627,Iron,1.4,mg
5627,Magnesium,0,mg
5627,Phosphorus,0,mg
5627,Sodium,65.4,mg
5627,Potassium,48.8,mg
5627,Zinc,1.7,mg
5628,Energy,35,cal
5628,Protein,0.6,g
5628,Carbohydrates,4.2,g
5628,Fiber,0.1,g
5628,Fat,1.8,g
5628,Cholesterol,0,mg
5628,Vitamin A,75.1,mcg
5628,Vitamin B1,0,mg
5628,Vitamin B2,0,mg
5628,Vitamin B3,0.1,mg
5628,Vitamin C,0.7,mg
5628,Folic Acid,1.3,mcg
5628,Calcium,2.5,mg
5628,Iron,0.2,mg
5628,Magnesium,0,mg
5628,Phosphorus,0,mg
5628,Sodium,18.2,mg
5628,Potassium,12.2,mg
5628,Zinc,0,mg
5629,Energy,35,cal
5629,Protein,0.6,g
5629,Carbohydrates,4.2,g
5629,Fiber,0.1,g
5629,Fat,1.8,g
5629,Cholesterol,0,mg
5629,Vitamin A,75.1,mcg
5629,Vitamin B1,0,mg
5629,Vitamin B2,0,mg
5629,Vitamin B3,0.1,mg
5629,Vitamin C,0.7,mg
5629,Folic Acid,1.3,mcg
5629,Calcium,2.5,mg
5629,Iron,0.2,mg
5629,Magnesium,0,mg
5629,Phosphorus,0,mg
5629,Sodium,18.2,mg
5629,Potassium,12.2,mg
5629,Zinc,0,mg
5630,Energy,34,cal
5630,Protein,1.3,g
5630,Carbohydrates,1.5,g
5630,Fiber,0.1,g
5630,Fat,1.9,g
5630,Cholesterol,4.6,mg
5630,Sodium,5.8,mg
5631,Energy,14,cal
5631,Protein,0.5,g
5631,Carbohydrates,1,g
5631,Fiber,0,g
5631,Fat,0.7,g
5631,Cholesterol,1.7,mg
5631,Sodium,2.5,mg
5632,Energy,66,cal
5632,Protein,1.5,g
5632,Carbohydrates,3.8,g
5632,Fiber,1.5,g
5632,Fat,5,g
5632,Cholesterol,0,mg
5632,Vitamin A,100.5,mcg
5632,Vitamin B1,0,mg
5632,Vitamin B2,0,mg
5632,Vitamin B3,0.2,mg
5632,Vitamin C,12,mg
5632,Folic Acid,25.7,mcg
5632,Calcium,28.4,mg
5632,Iron,0.4,mg
5632,Magnesium,0,mg
5632,Phosphorus,0,mg
5632,Sodium,2.9,mg
5632,Potassium,76,mg
5632,Zinc,0.3,mg
5633,Energy,266,cal
5633,Protein,3.4,g
5633,Carbohydrates,22.2,g
5633,Fiber,6.5,g
5633,Fat,18.2,g
5633,Cholesterol,0,mg
5633,Vitamin A,500.4,mcg
5633,Vitamin B1,0.1,mg
5633,Vitamin B2,0.1,mg
5633,Vitamin B3,1.2,mg
5633,Vitamin C,37.8,mg
5633,Folic Acid,23.3,mcg
5633,Calcium,46.7,mg
5633,Iron,1.8,mg
5633,Magnesium,0,mg
5633,Phosphorus,0,mg
5633,Sodium,13.6,mg
5633,Potassium,229.6,mg
5633,Zinc,0.3,mg
5635,Energy,135,cal
5635,Protein,4,g
5635,Carbohydrates,25.3,g
5635,Fiber,0.6,g
5635,Fat,1.7,g
5635,Cholesterol,0,mg
5635,Vitamin A,15,mcg
5635,Vitamin B1,0,mg
5635,Vitamin B2,0,mg
5635,Vitamin B3,0,mg
5635,Vitamin C,0,mg
5635,Folic Acid,0,mcg
5635,Calcium,0,mg
5635,Iron,0,mg
5635,Magnesium,0,mg
5635,Phosphorus,0,mg
5635,Sodium,0,mg
5635,Potassium,0,mg
5635,Zinc,0,mg
5637,Energy,431,cal
5637,Protein,17.2,g
5637,Carbohydrates,55.6,g
5637,Fiber,0.3,g
5637,Fat,14.5,g
5637,Cholesterol,0,mg
5637,Vitamin A,280.8,mcg
5637,Vitamin B1,0.3,mg
5637,Vitamin B2,-0.1,mg
5637,Vitamin B3,4.5,mg
5637,Vitamin C,6.7,mg
5637,Folic Acid,18.3,mcg
5637,Calcium,336.1,mg
5637,Iron,2.9,mg
5637,Magnesium,0,mg
5637,Phosphorus,0,mg
5637,Sodium,12.4,mg
5637,Potassium,158.3,mg
5637,Zinc,0.8,mg
5638,Energy,431,cal
5638,Protein,17.2,g
5638,Carbohydrates,55.6,g
5638,Fiber,0.3,g
5638,Fat,14.5,g
5638,Cholesterol,0,mg
5638,Vitamin A,280.8,mcg
5638,Vitamin B1,0.3,mg
5638,Vitamin B2,-0.1,mg
5638,Vitamin B3,4.5,mg
5638,Vitamin C,6.7,mg
5638,Folic Acid,18.3,mcg
5638,Calcium,336.1,mg
5638,Iron,2.9,mg
5638,Magnesium,0,mg
5638,Phosphorus,0,mg
5638,Sodium,12.4,mg
5638,Potassium,158.3,mg
5638,Zinc,0.8,mg
5639,Energy,431,cal
5639,Protein,17.2,g
5639,Carbohydrates,55.6,g
5639,Fiber,0.3,g
5639,Fat,14.5,g
5639,Cholesterol,0,mg
5639,Vitamin A,280.8,mcg
5639,Vitamin B1,0.3,mg
5639,Vitamin B2,-0.1,mg
5639,Vitamin B3,4.5,mg
5639,Vitamin C,6.7,mg
5639,Folic Acid,18.3,mcg
5639,Calcium,336.1,mg
5639,Iron,2.9,mg
5639,Magnesium,0,mg
5639,Phosphorus,0,mg
5639,Sodium,12.4,mg
5639,Potassium,158.3,mg
5639,Zinc,0.8,mg
5640,Energy,431,cal
5640,Protein,17.2,g
5640,Carbohydrates,55.6,g
5640,Fiber,0.3,g
5640,Fat,14.5,g
5640,Cholesterol,0,mg
5640,Vitamin A,280.8,mcg
5640,Vitamin B1,0.3,mg
5640,Vitamin B2,-0.1,mg
5640,Vitamin B3,4.5,mg
5640,Vitamin C,6.7,mg
5640,Folic Acid,18.3,mcg
5640,Calcium,336.1,mg
5640,Iron,2.9,mg
5640,Magnesium,0,mg
5640,Phosphorus,0,mg
5640,Sodium,12.4,mg
5640,Potassium,158.3,mg
5640,Zinc,0.8,mg
5641,Energy,154,cal
5641,Protein,4.3,g
5641,Carbohydrates,16.5,g
5641,Fiber,0.2,g
5641,Fat,7.1,g
5641,Cholesterol,13.5,mg
5641,Sodium,70.5,mg
5642,Energy,350,cal
5642,Protein,9.8,g
5642,Carbohydrates,32.4,g
5642,Fiber,1,g
5642,Fat,18.9,g
5642,Cholesterol,40.5,mg
5642,Vitamin A,494.9,mcg
5642,Vitamin B1,0.1,mg
5642,Vitamin B2,0.2,mg
5642,Vitamin B3,1.1,mg
5642,Vitamin C,2.3,mg
5642,Folic Acid,8.9,mcg
5642,Calcium,199.7,mg
5642,Iron,0.7,mg
5642,Magnesium,0,mg
5642,Phosphorus,0,mg
5642,Sodium,90.3,mg
5642,Potassium,160.3,mg
5642,Zinc,0.3,mg
5643,Energy,350,cal
5643,Protein,9.8,g
5643,Carbohydrates,32.4,g
5643,Fiber,1,g
5643,Fat,18.9,g
5643,Cholesterol,40.5,mg
5643,Vitamin A,494.9,mcg
5643,Vitamin B1,0.1,mg
5643,Vitamin B2,0.2,mg
5643,Vitamin B3,1.1,mg
5643,Vitamin C,2.3,mg
5643,Folic Acid,8.9,mcg
5643,Calcium,199.7,mg
5643,Iron,0.7,mg
5643,Magnesium,0,mg
5643,Phosphorus,0,mg
5643,Sodium,90.3,mg
5643,Potassium,160.3,mg
5643,Zinc,0.3,mg
5644,Energy,350,cal
5644,Protein,9.8,g
5644,Carbohydrates,32.4,g
5644,Fiber,1,g
5644,Fat,18.9,g
5644,Cholesterol,40.5,mg
5644,Vitamin A,494.9,mcg
5644,Vitamin B1,0.1,mg
5644,Vitamin B2,0.2,mg
5644,Vitamin B3,1.1,mg
5644,Vitamin C,2.3,mg
5644,Folic Acid,8.9,mcg
5644,Calcium,199.7,mg
5644,Iron,0.7,mg
5644,Magnesium,0,mg
5644,Phosphorus,0,mg
5644,Sodium,90.3,mg
5644,Potassium,160.3,mg
5644,Zinc,0.3,mg
5646,Energy,137,cal
5646,Protein,3.4,g
5646,Carbohydrates,14.6,g
5646,Fiber,0.2,g
5646,Fat,7,g
5646,Cholesterol,0,mg
5646,Vitamin A,329.5,mcg
5646,Vitamin B1,0.2,mg
5646,Vitamin B2,0.1,mg
5646,Vitamin B3,1.4,mg
5646,Vitamin C,7.7,mg
5646,Folic Acid,8.7,mcg
5646,Calcium,57.3,mg
5646,Iron,1,mg
5646,Magnesium,0,mg
5646,Phosphorus,0,mg
5646,Sodium,11.3,mg
5646,Potassium,82.9,mg
5646,Zinc,0.3,mg
5649,Energy,548,cal
5649,Protein,9.6,g
5649,Carbohydrates,56,g
5649,Fiber,0,g
5649,Fat,31.2,g
5649,Cholesterol,0,mg
5649,Vitamin A,270,mcg
5649,Vitamin B1,0.8,mg
5649,Vitamin B2,0.3,mg
5649,Vitamin B3,5.6,mg
5649,Vitamin C,0,mg
5649,Folic Acid,13.2,mcg
5649,Calcium,13.5,mg
5649,Iron,2.9,mg
5649,Magnesium,0,mg
5649,Phosphorus,0,mg
5649,Sodium,5.6,mg
5649,Potassium,121.5,mg
5649,Zinc,0.9,mg
5650,Energy,548,cal
5650,Protein,9.6,g
5650,Carbohydrates,56,g
5650,Fiber,0,g
5650,Fat,31.2,g
5650,Cholesterol,0,mg
5650,Vitamin A,270,mcg
5650,Vitamin B1,0.8,mg
5650,Vitamin B2,0.3,mg
5650,Vitamin B3,5.6,mg
5650,Vitamin C,0,mg
5650,Folic Acid,13.2,mcg
5650,Calcium,13.5,mg
5650,Iron,2.9,mg
5650,Magnesium,0,mg
5650,Phosphorus,0,mg
5650,Sodium,5.6,mg
5650,Potassium,121.5,mg
5650,Zinc,0.9,mg
5651,Energy,145,cal
5651,Protein,3.1,g
5651,Carbohydrates,18.4,g
5651,Fiber,2.4,g
5651,Fat,6.4,g
5651,Cholesterol,0,mg
5651,Vitamin A,504.9,mcg
5651,Vitamin B1,0.2,mg
5651,Vitamin B2,0.1,mg
5651,Vitamin B3,0.6,mg
5651,Vitamin C,34.4,mg
5651,Folic Acid,37.1,mcg
5651,Calcium,74.9,mg
5651,Iron,1,mg
5651,Magnesium,0,mg
5651,Phosphorus,0,mg
5651,Sodium,17.4,mg
5651,Potassium,199.8,mg
5651,Zinc,0.1,mg
5652,Energy,533,cal
5652,Protein,7.3,g
5652,Carbohydrates,42.1,g
5652,Fiber,0.2,g
5652,Fat,36.5,g
5652,Cholesterol,109.8,mg
5652,Sodium,357.7,mg
5653,Energy,533,cal
5653,Protein,7.3,g
5653,Carbohydrates,42.1,g
5653,Fiber,0.2,g
5653,Fat,36.5,g
5653,Cholesterol,109.8,mg
5653,Sodium,357.7,mg
5655,Energy,75,cal
5655,Protein,2.4,g
5655,Carbohydrates,11.6,g
5655,Fiber,2.2,g
5655,Fat,2.3,g
5655,Cholesterol,0.6,mg
5655,Sodium,8.6,mg
5656,Energy,84,cal
5656,Protein,2.9,g
5656,Carbohydrates,14.4,g
5656,Fiber,2.5,g
5656,Fat,1.9,g
5656,Cholesterol,0.7,mg
5656,Sodium,9.4,mg
5657,Energy,84,cal
5657,Protein,2.9,g
5657,Carbohydrates,14.4,g
5657,Fiber,2.5,g
5657,Fat,1.9,g
5657,Cholesterol,0.7,mg
5657,Sodium,9.4,mg
5658,Energy,84,cal
5658,Protein,2.9,g
5658,Carbohydrates,14.4,g
5658,Fiber,2.5,g
5658,Fat,1.9,g
5658,Cholesterol,0.7,mg
5658,Sodium,9.4,mg
5659,Energy,84,cal
5659,Protein,2.9,g
5659,Carbohydrates,14.4,g
5659,Fiber,2.5,g
5659,Fat,1.9,g
5659,Cholesterol,0.7,mg
5659,Sodium,9.4,mg
5660,Energy,84,cal
5660,Protein,2.9,g
5660,Carbohydrates,14.4,g
5660,Fiber,2.5,g
5660,Fat,1.9,g
5660,Cholesterol,0.7,mg
5660,Sodium,9.4,mg
5661,Energy,84,cal
5661,Protein,2.9,g
5661,Carbohydrates,14.4,g
5661,Fiber,2.5,g
5661,Fat,1.9,g
5661,Cholesterol,0.7,mg
5661,Sodium,9.4,mg
5662,Energy,84,cal
5662,Protein,2.9,g
5662,Carbohydrates,14.4,g
5662,Fiber,2.5,g
5662,Fat,1.9,g
5662,Cholesterol,0.7,mg
5662,Sodium,9.4,mg
5663,Energy,19,cal
5663,Protein,0.8,g
5663,Carbohydrates,1,g
5663,Fiber,0.2,g
5663,Fat,1.3,g
5663,Cholesterol,3.5,mg
5663,Sodium,32.3,mg
5664,Energy,37,cal
5664,Protein,1.3,g
5664,Carbohydrates,7.9,g
5664,Fiber,1.3,g
5664,Fat,0.2,g
5664,Cholesterol,0,mg
5664,Sodium,2.2,mg
5665,Energy,37,cal
5665,Protein,1.3,g
5665,Carbohydrates,7.9,g
5665,Fiber,1.3,g
5665,Fat,0.2,g
5665,Cholesterol,0,mg
5665,Sodium,2.2,mg
5667,Energy,170,cal
5667,Protein,4.1,g
5667,Carbohydrates,23.9,g
5667,Fiber,1.4,g
5667,Fat,6.5,g
5667,Cholesterol,7.5,mg
5667,Sodium,32.5,mg
5668,Energy,170,cal
5668,Protein,4.1,g
5668,Carbohydrates,23.9,g
5668,Fiber,1.4,g
5668,Fat,6.5,g
5668,Cholesterol,7.5,mg
5668,Sodium,32.5,mg
5669,Energy,170,cal
5669,Protein,4.1,g
5669,Carbohydrates,23.9,g
5669,Fiber,1.4,g
5669,Fat,6.5,g
5669,Cholesterol,7.5,mg
5669,Sodium,32.5,mg
5670,Energy,120,cal
5670,Protein,1.4,g
5670,Carbohydrates,26.2,g
5670,Fiber,2.1,g
5670,Fat,1,g
5670,Cholesterol,0,mg
5670,Sodium,2.7,mg
5671,Energy,52,cal
5671,Protein,1.3,g
5671,Carbohydrates,4,g
5671,Fiber,0.5,g
5671,Fat,3.4,g
5671,Cholesterol,0,mg
5671,Vitamin A,132.3,mcg
5671,Vitamin B1,0,mg
5671,Vitamin B2,0,mg
5671,Vitamin B3,0.1,mg
5671,Vitamin C,5.3,mg
5671,Folic Acid,0,mcg
5671,Calcium,19.2,mg
5671,Iron,0.8,mg
5671,Magnesium,0,mg
5671,Phosphorus,0,mg
5671,Sodium,8,mg
5671,Potassium,79.8,mg
5671,Zinc,0.1,mg
5672,Energy,52,cal
5672,Protein,1.3,g
5672,Carbohydrates,4,g
5672,Fiber,0.5,g
5672,Fat,3.4,g
5672,Cholesterol,0,mg
5672,Vitamin A,132.3,mcg
5672,Vitamin B1,0,mg
5672,Vitamin B2,0,mg
5672,Vitamin B3,0.1,mg
5672,Vitamin C,5.3,mg
5672,Folic Acid,0,mcg
5672,Calcium,19.2,mg
5672,Iron,0.8,mg
5672,Magnesium,0,mg
5672,Phosphorus,0,mg
5672,Sodium,8,mg
5672,Potassium,79.8,mg
5672,Zinc,0.1,mg
5673,Energy,217,cal
5673,Protein,5.1,g
5673,Carbohydrates,27.2,g
5673,Fiber,0.7,g
5673,Fat,7.9,g
5673,Cholesterol,12,mg
5673,Sodium,24,mg
5674,Energy,171,cal
5674,Protein,0.3,g
5674,Carbohydrates,42,g
5674,Fiber,0.3,g
5674,Fat,0.1,g
5674,Cholesterol,0,mg
5674,Sodium,0.4,mg
5675,Energy,171,cal
5675,Protein,0.3,g
5675,Carbohydrates,42,g
5675,Fiber,0.3,g
5675,Fat,0.1,g
5675,Cholesterol,0,mg
5675,Sodium,0.4,mg
5676,Energy,72,cal
5676,Protein,0.2,g
5676,Carbohydrates,17.6,g
5676,Fiber,0.2,g
5676,Fat,0.1,g
5676,Cholesterol,0,mg
5676,Sodium,0.3,mg
5677,Energy,151,cal
5677,Protein,2,g
5677,Carbohydrates,24.2,g
5677,Fiber,0.6,g
5677,Fat,5.1,g
5677,Cholesterol,15,mg
5677,Sodium,51.9,mg
5678,Energy,151,cal
5678,Protein,2,g
5678,Carbohydrates,24.2,g
5678,Fiber,0.6,g
5678,Fat,5.1,g
5678,Cholesterol,15,mg
5678,Sodium,51.9,mg
5681,Energy,168,cal
5681,Protein,3,g
5681,Carbohydrates,9.3,g
5681,Fiber,0,g
5681,Fat,12.1,g
5681,Cholesterol,8.7,mg
5681,Sodium,19.9,mg
5682,Energy,168,cal
5682,Protein,3,g
5682,Carbohydrates,9.3,g
5682,Fiber,0,g
5682,Fat,12.1,g
5682,Cholesterol,8.7,mg
5682,Sodium,19.9,mg
5683,Energy,372,cal
5683,Protein,6.9,g
5683,Carbohydrates,19.3,g
5683,Fiber,1.1,g
5683,Fat,29.6,g
5683,Cholesterol,9.2,mg
5683,Vitamin A,244.5,mcg
5683,Vitamin B1,0,mg
5683,Vitamin B2,0,mg
5683,Vitamin B3,0.7,mg
5683,Vitamin C,10.1,mg
5683,Folic Acid,0,mcg
5683,Calcium,122.9,mg
5683,Iron,2.1,mg
5683,Magnesium,0,mg
5683,Phosphorus,0,mg
5683,Sodium,256.8,mg
5683,Potassium,374.7,mg
5683,Zinc,0.1,mg
5684,Energy,372,cal
5684,Protein,6.9,g
5684,Carbohydrates,19.3,g
5684,Fiber,1.1,g
5684,Fat,29.6,g
5684,Cholesterol,9.2,mg
5684,Vitamin A,244.5,mcg
5684,Vitamin B1,0,mg
5684,Vitamin B2,0,mg
5684,Vitamin B3,0.7,mg
5684,Vitamin C,10.1,mg
5684,Folic Acid,0,mcg
5684,Calcium,122.9,mg
5684,Iron,2.1,mg
5684,Magnesium,0,mg
5684,Phosphorus,0,mg
5684,Sodium,256.8,mg
5684,Potassium,374.7,mg
5684,Zinc,0.1,mg
5685,Energy,668,cal
5685,Protein,19.7,g
5685,Carbohydrates,61.3,g
5685,Fiber,1.7,g
5685,Fat,30.9,g
5685,Cholesterol,0,mg
5685,Vitamin A,480,mcg
5685,Vitamin B1,0.1,mg
5685,Vitamin B2,0.3,mg
5685,Vitamin B3,1,mg
5685,Vitamin C,11.4,mg
5685,Folic Acid,16.8,mcg
5685,Calcium,903.8,mg
5685,Iron,4,mg
5685,Magnesium,0,mg
5685,Phosphorus,0,mg
5685,Sodium,59.8,mg
5685,Potassium,904.2,mg
5685,Zinc,0,mg
5686,Energy,668,cal
5686,Protein,19.7,g
5686,Carbohydrates,61.3,g
5686,Fiber,1.7,g
5686,Fat,30.9,g
5686,Cholesterol,0,mg
5686,Vitamin A,480,mcg
5686,Vitamin B1,0.1,mg
5686,Vitamin B2,0.3,mg
5686,Vitamin B3,1,mg
5686,Vitamin C,11.4,mg
5686,Folic Acid,16.8,mcg
5686,Calcium,903.8,mg
5686,Iron,4,mg
5686,Magnesium,0,mg
5686,Phosphorus,0,mg
5686,Sodium,59.8,mg
5686,Potassium,904.2,mg
5686,Zinc,0,mg
5687,Energy,244,cal
5687,Protein,7,g
5687,Carbohydrates,42.5,g
5687,Fiber,3.5,g
5687,Fat,4.5,g
5687,Cholesterol,8,mg
5687,Sodium,40.9,mg
5688,Energy,244,cal
5688,Protein,7,g
5688,Carbohydrates,42.5,g
5688,Fiber,3.5,g
5688,Fat,4.5,g
5688,Cholesterol,8,mg
5688,Sodium,40.9,mg
5689,Energy,244,cal
5689,Protein,7,g
5689,Carbohydrates,42.5,g
5689,Fiber,3.5,g
5689,Fat,4.5,g
5689,Cholesterol,8,mg
5689,Sodium,40.9,mg
5690,Energy,176,cal
5690,Protein,2.6,g
5690,Carbohydrates,34.1,g
5690,Fiber,3.1,g
5690,Fat,0.7,g
5690,Cholesterol,0,mg
5690,Sodium,8.4,mg
5691,Energy,308,cal
5691,Protein,4.7,g
5691,Carbohydrates,73.3,g
5691,Fiber,6.3,g
5691,Fat,0.8,g
5691,Cholesterol,0,mg
5691,Sodium,48.5,mg
5692,Energy,17,cal
5692,Protein,0.4,g
5692,Carbohydrates,3.5,g
5692,Fiber,0.4,g
5692,Fat,0.1,g
5692,Cholesterol,0,mg
5692,Sodium,0.7,mg
5693,Energy,8,cal
5693,Protein,0.2,g
5693,Carbohydrates,1.7,g
5693,Fiber,0.2,g
5693,Fat,0,g
5693,Cholesterol,0,mg
5693,Sodium,0.2,mg
5694,Energy,73,cal
5694,Protein,0.6,g
5694,Carbohydrates,17.1,g
5694,Fiber,0.6,g
5694,Fat,0.2,g
5694,Cholesterol,0,mg
5694,Sodium,1,mg
5695,Energy,136,cal
5695,Protein,4.1,g
5695,Carbohydrates,13.4,g
5695,Fiber,0.8,g
5695,Fat,5.6,g
5695,Cholesterol,12.8,mg
5695,Sodium,16.3,mg
5696,Energy,384,cal
5696,Protein,4.4,g
5696,Carbohydrates,88.7,g
5696,Fiber,13.8,g
5696,Fat,1.2,g
5696,Cholesterol,0,mg
5696,Sodium,133.1,mg
5697,Energy,384,cal
5697,Protein,4.4,g
5697,Carbohydrates,88.7,g
5697,Fiber,13.8,g
5697,Fat,1.2,g
5697,Cholesterol,0,mg
5697,Sodium,133.1,mg
5698,Energy,270,cal
5698,Protein,2.1,g
5698,Carbohydrates,94.4,g
5698,Fiber,1,g
5698,Fat,19.9,g
5698,Cholesterol,59.7,mg
5698,Sodium,196.8,mg
5699,Energy,141,cal
5699,Protein,0.2,g
5699,Carbohydrates,3.3,g
5699,Fiber,0.3,g
5699,Fat,14.4,g
5699,Cholesterol,43.3,mg
5699,Sodium,143.4,mg
5700,Energy,128,cal
5700,Protein,1.1,g
5700,Carbohydrates,3.5,g
5700,Fiber,1.7,g
5700,Fat,12.7,g
5700,Cholesterol,20,mg
5700,Sodium,69,mg
5701,Energy,233,cal
5701,Protein,10.2,g
5701,Carbohydrates,11.8,g
5701,Fiber,4.7,g
5701,Fat,17.8,g
5701,Cholesterol,0,mg
5701,Sodium,14.9,mg
5702,Energy,79,cal
5702,Protein,2.1,g
5702,Carbohydrates,9.7,g
5702,Fiber,0.7,g
5702,Fat,3.9,g
5702,Cholesterol,0,mg
5702,Sodium,1.4,mg
5703,Energy,64,cal
5703,Protein,2.8,g
5703,Carbohydrates,2.1,g
5703,Fiber,0.8,g
5703,Fat,5.1,g
5703,Cholesterol,1.6,mg
5703,Sodium,3.6,mg
5704,Energy,112,cal
5704,Protein,3.8,g
5704,Carbohydrates,6.1,g
5704,Fiber,0.9,g
5704,Fat,6.9,g
5704,Cholesterol,8,mg
5704,Sodium,9.7,mg
5705,Energy,55,cal
5705,Protein,0,g
5705,Carbohydrates,5,g
5705,Fiber,0,g
5705,Fat,3.9,g
5705,Cholesterol,0,mg
5705,Sodium,0,mg
5706,Energy,46,cal
5706,Protein,0,g
5706,Carbohydrates,5.2,g
5706,Fiber,0,g
5706,Fat,2.8,g
5706,Cholesterol,0,mg
5706,Sodium,0,mg
5707,Energy,457,cal
5707,Protein,15.3,g
5707,Carbohydrates,35.5,g
5707,Fiber,9.4,g
5707,Fat,29.7,g
5707,Cholesterol,0,mg
5707,Sodium,37.1,mg
5708,Energy,329,cal
5708,Protein,8.9,g
5708,Carbohydrates,19.2,g
5708,Fiber,3.4,g
5708,Fat,24.3,g
5708,Cholesterol,0,mg
5708,Vitamin A,1624.3,mcg
5708,Vitamin B1,-0.1,mg
5708,Vitamin B2,-0.3,mg
5708,Vitamin B3,1.4,mg
5708,Vitamin C,69,mg
5708,Folic Acid,15.2,mcg
5708,Calcium,286.5,mg
5708,Iron,1.4,mg
5708,Magnesium,0,mg
5708,Phosphorus,0,mg
5708,Sodium,177,mg
5708,Potassium,58.4,mg
5708,Zinc,0.9,mg
5711,Energy,108,cal
5711,Protein,2,g
5711,Carbohydrates,14.3,g
5711,Fiber,0.9,g
5711,Fat,5,g
5711,Cholesterol,7.5,mg
5711,Vitamin A,103.4,mcg
5711,Vitamin B1,0,mg
5711,Vitamin B2,0,mg
5711,Vitamin B3,0.3,mg
5711,Vitamin C,0.1,mg
5711,Folic Acid,0.2,mcg
5711,Calcium,10,mg
5711,Iron,0.5,mg
5711,Magnesium,0,mg
5711,Phosphorus,0,mg
5711,Sodium,27,mg
5711,Potassium,55.6,mg
5711,Zinc,0.6,mg
5712,Energy,108,cal
5712,Protein,2,g
5712,Carbohydrates,14.3,g
5712,Fiber,0.9,g
5712,Fat,5,g
5712,Cholesterol,7.5,mg
5712,Vitamin A,103.4,mcg
5712,Vitamin B1,0,mg
5712,Vitamin B2,0,mg
5712,Vitamin B3,0.3,mg
5712,Vitamin C,0.1,mg
5712,Folic Acid,0.2,mcg
5712,Calcium,10,mg
5712,Iron,0.5,mg
5712,Magnesium,0,mg
5712,Phosphorus,0,mg
5712,Sodium,27,mg
5712,Potassium,55.6,mg
5712,Zinc,0.6,mg
5713,Energy,111,cal
5713,Protein,2,g
5713,Carbohydrates,16.8,g
5713,Fiber,3.6,g
5713,Fat,4.1,g
5713,Cholesterol,0,mg
5713,Sodium,32.8,mg
5714,Energy,205,cal
5714,Protein,2.7,g
5714,Carbohydrates,42.5,g
5714,Fiber,8.3,g
5714,Fat,2,g
5714,Cholesterol,4,mg
5714,Sodium,15.4,mg
5719,Energy,279,cal
5719,Protein,2.2,g
5719,Carbohydrates,26,g
5719,Fiber,2.3,g
5719,Fat,18.8,g
5719,Cholesterol,1.5,mg
5719,Sodium,34.7,mg
5720,Energy,102,cal
5720,Protein,1.9,g
5720,Carbohydrates,23.2,g
5720,Fiber,1.2,g
5720,Fat,0.1,g
5720,Cholesterol,0,mg
5720,Sodium,8.4,mg
5721,Energy,102,cal
5721,Protein,1.9,g
5721,Carbohydrates,23.2,g
5721,Fiber,1.2,g
5721,Fat,0.1,g
5721,Cholesterol,0,mg
5721,Sodium,8.4,mg
5722,Energy,102,cal
5722,Protein,2.2,g
5722,Carbohydrates,21.3,g
5722,Fiber,2.2,g
5722,Fat,0.9,g
5722,Cholesterol,0,mg
5722,Sodium,1.3,mg
5723,Energy,101,cal
5723,Protein,5.4,g
5723,Carbohydrates,19.3,g
5723,Fiber,1.4,g
5723,Fat,0.2,g
5723,Cholesterol,0,mg
5723,Sodium,77,mg
5724,Energy,101,cal
5724,Protein,5.4,g
5724,Carbohydrates,19.3,g
5724,Fiber,1.4,g
5724,Fat,0.2,g
5724,Cholesterol,0,mg
5724,Sodium,77,mg
5725,Energy,36,cal
5725,Protein,0.8,g
5725,Carbohydrates,6.9,g
5725,Fiber,2.5,g
5725,Fat,0.6,g
5725,Cholesterol,0,mg
5725,Vitamin A,117.7,mcg
5725,Vitamin B1,0.1,mg
5725,Vitamin B2,0,mg
5725,Vitamin B3,0.1,mg
5725,Vitamin C,10.4,mg
5725,Folic Acid,0.5,mcg
5725,Calcium,7.3,mg
5725,Iron,0.3,mg
5725,Magnesium,0,mg
5725,Phosphorus,0,mg
5725,Sodium,4.1,mg
5725,Potassium,46.8,mg
5725,Zinc,0,mg
5726,Energy,64,cal
5726,Protein,1.4,g
5726,Carbohydrates,11.6,g
5726,Fiber,3.9,g
5726,Fat,1.5,g
5726,Cholesterol,0,mg
5726,Sodium,16.1,mg
5727,Energy,115,cal
5727,Protein,1.7,g
5727,Carbohydrates,22.5,g
5727,Fiber,3.8,g
5727,Fat,1.6,g
5727,Cholesterol,3,mg
5727,Sodium,23.9,mg
5728,Energy,115,cal
5728,Protein,1.7,g
5728,Carbohydrates,22.5,g
5728,Fiber,3.8,g
5728,Fat,1.6,g
5728,Cholesterol,3,mg
5728,Sodium,23.9,mg
5729,Energy,203,cal
5729,Protein,2,g
5729,Carbohydrates,3.4,g
5729,Fiber,0.1,g
5729,Fat,20.3,g
5729,Cholesterol,0,mg
5729,Vitamin A,268.8,mcg
5729,Vitamin B1,0,mg
5729,Vitamin B2,0,mg
5729,Vitamin B3,0.1,mg
5729,Vitamin C,0.2,mg
5729,Folic Acid,1.2,mcg
5729,Calcium,57.3,mg
5729,Iron,0.1,mg
5729,Magnesium,0,mg
5729,Phosphorus,0,mg
5729,Sodium,8.7,mg
5729,Potassium,24.4,mg
5729,Zinc,0.1,mg
5730,Energy,203,cal
5730,Protein,2,g
5730,Carbohydrates,3.4,g
5730,Fiber,0.1,g
5730,Fat,20.3,g
5730,Cholesterol,0,mg
5730,Vitamin A,268.8,mcg
5730,Vitamin B1,0,mg
5730,Vitamin B2,0,mg
5730,Vitamin B3,0.1,mg
5730,Vitamin C,0.2,mg
5730,Folic Acid,1.2,mcg
5730,Calcium,57.3,mg
5730,Iron,0.1,mg
5730,Magnesium,0,mg
5730,Phosphorus,0,mg
5730,Sodium,8.7,mg
5730,Potassium,24.4,mg
5730,Zinc,0.1,mg
5731,Energy,249,cal
5731,Protein,6.1,g
5731,Carbohydrates,45.2,g
5731,Fiber,4.6,g
5731,Fat,6.3,g
5731,Cholesterol,0,mg
5731,Vitamin A,80.3,mcg
5731,Vitamin B1,0.5,mg
5731,Vitamin B2,0.3,mg
5731,Vitamin B3,3.2,mg
5731,Vitamin C,5.2,mg
5731,Folic Acid,86.1,mcg
5731,Calcium,50.4,mg
5731,Iron,2.8,mg
5731,Magnesium,0,mg
5731,Phosphorus,0,mg
5731,Sodium,6.3,mg
5731,Potassium,222.5,mg
5731,Zinc,0.9,mg
5732,Energy,249,cal
5732,Protein,6.1,g
5732,Carbohydrates,45.2,g
5732,Fiber,4.6,g
5732,Fat,6.3,g
5732,Cholesterol,0,mg
5732,Vitamin A,80.3,mcg
5732,Vitamin B1,0.5,mg
5732,Vitamin B2,0.3,mg
5732,Vitamin B3,3.2,mg
5732,Vitamin C,5.2,mg
5732,Folic Acid,86.1,mcg
5732,Calcium,50.4,mg
5732,Iron,2.8,mg
5732,Magnesium,0,mg
5732,Phosphorus,0,mg
5732,Sodium,6.3,mg
5732,Potassium,222.5,mg
5732,Zinc,0.9,mg
5733,Energy,249,cal
5733,Protein,6.1,g
5733,Carbohydrates,45.2,g
5733,Fiber,4.6,g
5733,Fat,6.3,g
5733,Cholesterol,0,mg
5733,Vitamin A,80.3,mcg
5733,Vitamin B1,0.5,mg
5733,Vitamin B2,0.3,mg
5733,Vitamin B3,3.2,mg
5733,Vitamin C,5.2,mg
5733,Folic Acid,86.1,mcg
5733,Calcium,50.4,mg
5733,Iron,2.8,mg
5733,Magnesium,0,mg
5733,Phosphorus,0,mg
5733,Sodium,6.3,mg
5733,Potassium,222.5,mg
5733,Zinc,0.9,mg
5734,Energy,249,cal
5734,Protein,6.1,g
5734,Carbohydrates,45.2,g
5734,Fiber,4.6,g
5734,Fat,6.3,g
5734,Cholesterol,0,mg
5734,Vitamin A,80.3,mcg
5734,Vitamin B1,0.5,mg
5734,Vitamin B2,0.3,mg
5734,Vitamin B3,3.2,mg
5734,Vitamin C,5.2,mg
5734,Folic Acid,86.1,mcg
5734,Calcium,50.4,mg
5734,Iron,2.8,mg
5734,Magnesium,0,mg
5734,Phosphorus,0,mg
5734,Sodium,6.3,mg
5734,Potassium,222.5,mg
5734,Zinc,0.9,mg
5735,Energy,249,cal
5735,Protein,6.1,g
5735,Carbohydrates,45.2,g
5735,Fiber,4.6,g
5735,Fat,6.3,g
5735,Cholesterol,0,mg
5735,Vitamin A,80.3,mcg
5735,Vitamin B1,0.5,mg
5735,Vitamin B2,0.3,mg
5735,Vitamin B3,3.2,mg
5735,Vitamin C,5.2,mg
5735,Folic Acid,86.1,mcg
5735,Calcium,50.4,mg
5735,Iron,2.8,mg
5735,Magnesium,0,mg
5735,Phosphorus,0,mg
5735,Sodium,6.3,mg
5735,Potassium,222.5,mg
5735,Zinc,0.9,mg
5736,Energy,79,cal
5736,Protein,2.9,g
5736,Carbohydrates,5,g
5736,Fiber,1.6,g
5736,Fat,4.5,g
5736,Cholesterol,0,mg
5736,Vitamin A,185.9,mcg
5736,Vitamin B1,0,mg
5736,Vitamin B2,0,mg
5736,Vitamin B3,0,mg
5736,Vitamin C,2.7,mg
5736,Folic Acid,3.8,mcg
5736,Calcium,81.9,mg
5736,Iron,0.5,mg
5736,Magnesium,0,mg
5736,Phosphorus,0,mg
5736,Sodium,10.3,mg
5736,Potassium,56.5,mg
5736,Zinc,0,mg
5739,Energy,103,cal
5739,Protein,4.6,g
5739,Carbohydrates,20.9,g
5739,Fiber,1.9,g
5739,Fat,0.2,g
5739,Cholesterol,0,mg
5739,Sodium,23.3,mg
5742,Energy,396,cal
5742,Protein,8.1,g
5742,Carbohydrates,34.5,g
5742,Fiber,2.3,g
5742,Fat,25,g
5742,Cholesterol,0,mg
5742,Sodium,314.7,mg
5743,Energy,276,cal
5743,Protein,8.2,g
5743,Carbohydrates,38.1,g
5743,Fiber,0.9,g
5743,Fat,9.9,g
5743,Cholesterol,0,mg
5743,Vitamin A,222.6,mcg
5743,Vitamin B1,0.5,mg
5743,Vitamin B2,0.3,mg
5743,Vitamin B3,3.9,mg
5743,Vitamin C,7.6,mg
5743,Folic Acid,30.1,mcg
5743,Calcium,76.5,mg
5743,Iron,2.5,mg
5743,Magnesium,0,mg
5743,Phosphorus,0,mg
5743,Sodium,4.4,mg
5743,Potassium,127.2,mg
5743,Zinc,0.7,mg
5744,Energy,276,cal
5744,Protein,8.2,g
5744,Carbohydrates,38.1,g
5744,Fiber,0.9,g
5744,Fat,9.9,g
5744,Cholesterol,0,mg
5744,Vitamin A,222.6,mcg
5744,Vitamin B1,0.5,mg
5744,Vitamin B2,0.3,mg
5744,Vitamin B3,3.9,mg
5744,Vitamin C,7.6,mg
5744,Folic Acid,30.1,mcg
5744,Calcium,76.5,mg
5744,Iron,2.5,mg
5744,Magnesium,0,mg
5744,Phosphorus,0,mg
5744,Sodium,4.4,mg
5744,Potassium,127.2,mg
5744,Zinc,0.7,mg
5745,Energy,553,cal
5745,Protein,10.6,g
5745,Carbohydrates,46,g
5745,Fiber,1.9,g
5745,Fat,36.4,g
5745,Cholesterol,6.5,mg
5745,Sodium,108.5,mg
5746,Energy,553,cal
5746,Protein,10.6,g
5746,Carbohydrates,46,g
5746,Fiber,1.9,g
5746,Fat,36.4,g
5746,Cholesterol,6.5,mg
5746,Sodium,108.5,mg
5747,Energy,553,cal
5747,Protein,10.6,g
5747,Carbohydrates,46,g
5747,Fiber,1.9,g
5747,Fat,36.4,g
5747,Cholesterol,6.5,mg
5747,Sodium,108.5,mg
5752,Energy,171,cal
5752,Protein,6.1,g
5752,Carbohydrates,26.3,g
5752,Fiber,1.1,g
5752,Fat,3.8,g
5752,Cholesterol,0,mg
5752,Vitamin A,133.4,mcg
5752,Vitamin B1,0.2,mg
5752,Vitamin B2,0.1,mg
5752,Vitamin B3,1.8,mg
5752,Vitamin C,3.6,mg
5752,Folic Acid,7.6,mcg
5752,Calcium,102.6,mg
5752,Iron,1.2,mg
5752,Magnesium,0,mg
5752,Phosphorus,0,mg
5752,Sodium,413.1,mg
5752,Potassium,74.6,mg
5752,Zinc,0.3,mg
5753,Energy,171,cal
5753,Protein,6.1,g
5753,Carbohydrates,26.3,g
5753,Fiber,1.1,g
5753,Fat,3.8,g
5753,Cholesterol,0,mg
5753,Vitamin A,133.4,mcg
5753,Vitamin B1,0.2,mg
5753,Vitamin B2,0.1,mg
5753,Vitamin B3,1.8,mg
5753,Vitamin C,3.6,mg
5753,Folic Acid,7.6,mcg
5753,Calcium,102.6,mg
5753,Iron,1.2,mg
5753,Magnesium,0,mg
5753,Phosphorus,0,mg
5753,Sodium,413.1,mg
5753,Potassium,74.6,mg
5753,Zinc,0.3,mg
5754,Energy,171,cal
5754,Protein,6.1,g
5754,Carbohydrates,26.3,g
5754,Fiber,1.1,g
5754,Fat,3.8,g
5754,Cholesterol,0,mg
5754,Vitamin A,133.4,mcg
5754,Vitamin B1,0.2,mg
5754,Vitamin B2,0.1,mg
5754,Vitamin B3,1.8,mg
5754,Vitamin C,3.6,mg
5754,Folic Acid,7.6,mcg
5754,Calcium,102.6,mg
5754,Iron,1.2,mg
5754,Magnesium,0,mg
5754,Phosphorus,0,mg
5754,Sodium,413.1,mg
5754,Potassium,74.6,mg
5754,Zinc,0.3,mg
5755,Energy,32,cal
5755,Protein,0,g
5755,Carbohydrates,8,g
5755,Fiber,0,g
5755,Fat,0,g
5755,Cholesterol,0,mg
5755,Vitamin A,0,mcg
5755,Vitamin B1,0,mg
5755,Vitamin B2,0,mg
5755,Vitamin B3,0,mg
5755,Vitamin C,0,mg
5755,Folic Acid,0,mcg
5755,Calcium,0,mg
5755,Iron,0,mg
5755,Magnesium,0,mg
5755,Phosphorus,0,mg
5755,Sodium,0,mg
5755,Potassium,0,mg
5755,Zinc,0,mg
5756,Energy,131,cal
5756,Protein,2.2,g
5756,Carbohydrates,23.5,g
5756,Fiber,15.3,g
5756,Fat,3.2,g
5756,Cholesterol,0,mg
5756,Sodium,14,mg
5757,Energy,121,cal
5757,Protein,1.2,g
5757,Carbohydrates,22.7,g
5757,Fiber,10.7,g
5757,Fat,2.9,g
5757,Cholesterol,0,mg
5757,Sodium,6.9,mg
5758,Energy,145,cal
5758,Protein,7.6,g
5758,Carbohydrates,20.5,g
5758,Fiber,5.3,g
5758,Fat,3.6,g
5758,Cholesterol,0,mg
5758,Sodium,9.1,mg
5759,Energy,137,cal
5759,Protein,5.5,g
5759,Carbohydrates,10.6,g
5759,Fiber,2.3,g
5759,Fat,8.1,g
5759,Cholesterol,0,mg
5759,Sodium,52.1,mg
5760,Energy,321,cal
5760,Protein,8.5,g
5760,Carbohydrates,32.3,g
5760,Fiber,13,g
5760,Fat,17.5,g
5760,Cholesterol,0,mg
5760,Sodium,18.9,mg
5762,Energy,327,cal
5762,Protein,11.3,g
5762,Carbohydrates,11.8,g
5762,Fiber,0.1,g
5762,Fat,24.9,g
5762,Cholesterol,0,mg
5762,Vitamin A,329.2,mcg
5762,Vitamin B1,-0.3,mg
5762,Vitamin B2,-0.2,mg
5762,Vitamin B3,-0.1,mg
5762,Vitamin C,3.9,mg
5762,Folic Acid,3.8,mcg
5762,Calcium,443.6,mg
5762,Iron,0.4,mg
5762,Magnesium,0,mg
5762,Phosphorus,0,mg
5762,Sodium,12.6,mg
5762,Potassium,67.6,mg
5762,Zinc,0.3,mg
5763,Energy,368,cal
5763,Protein,10,g
5763,Carbohydrates,11,g
5763,Fiber,0.3,g
5763,Fat,31.2,g
5763,Cholesterol,0,mg
5763,Vitamin A,383.6,mcg
5763,Vitamin B1,-0.5,mg
5763,Vitamin B2,-0.5,mg
5763,Vitamin B3,-0.3,mg
5763,Vitamin C,5.5,mg
5763,Folic Acid,3.4,mcg
5763,Calcium,321.7,mg
5763,Iron,0.7,mg
5763,Magnesium,0,mg
5763,Phosphorus,0,mg
5763,Sodium,8.3,mg
5763,Potassium,76.5,mg
5763,Zinc,0.6,mg
5765,Energy,532,cal
5765,Protein,1.9,g
5765,Carbohydrates,1.3,g
5765,Fiber,0.3,g
5765,Fat,57.7,g
5765,Cholesterol,0,mg
5765,Vitamin A,450.7,mcg
5765,Vitamin B1,0.1,mg
5765,Vitamin B2,0,mg
5765,Vitamin B3,0,mg
5765,Vitamin C,0,mg
5765,Folic Acid,0,mcg
5765,Calcium,12,mg
5765,Iron,0.3,mg
5765,Magnesium,0,mg
5765,Phosphorus,0,mg
5765,Sodium,0,mg
5765,Potassium,0,mg
5765,Zinc,0.3,mg
5766,Energy,42,cal
5766,Protein,0,g
5766,Carbohydrates,0,g
5766,Fiber,0,g
5766,Fat,4.7,g
5766,Cholesterol,0,mg
5766,Vitamin A,79.5,mcg
5766,Vitamin B1,0,mg
5766,Vitamin B2,0,mg
5766,Vitamin B3,0,mg
5766,Vitamin C,0,mg
5766,Folic Acid,0,mcg
5766,Calcium,0,mg
5766,Iron,0,mg
5766,Magnesium,0,mg
5766,Phosphorus,0,mg
5766,Sodium,12.4,mg
5766,Potassium,0.4,mg
5766,Zinc,0,mg
5767,Energy,42,cal
5767,Protein,0,g
5767,Carbohydrates,0,g
5767,Fiber,0,g
5767,Fat,4.7,g
5767,Cholesterol,0,mg
5767,Vitamin A,79.5,mcg
5767,Vitamin B1,0,mg
5767,Vitamin B2,0,mg
5767,Vitamin B3,0,mg
5767,Vitamin C,0,mg
5767,Folic Acid,0,mcg
5767,Calcium,0,mg
5767,Iron,0,mg
5767,Magnesium,0,mg
5767,Phosphorus,0,mg
5767,Sodium,12.4,mg
5767,Potassium,0.4,mg
5767,Zinc,0,mg
5768,Energy,42,cal
5768,Protein,0,g
5768,Carbohydrates,0,g
5768,Fiber,0,g
5768,Fat,4.7,g
5768,Cholesterol,0,mg
5768,Vitamin A,79.5,mcg
5768,Vitamin B1,0,mg
5768,Vitamin B2,0,mg
5768,Vitamin B3,0,mg
5768,Vitamin C,0,mg
5768,Folic Acid,0,mcg
5768,Calcium,0,mg
5768,Iron,0,mg
5768,Magnesium,0,mg
5768,Phosphorus,0,mg
5768,Sodium,12.4,mg
5768,Potassium,0.4,mg
5768,Zinc,0,mg
5776,Energy,74,cal
5776,Protein,0,g
5776,Carbohydrates,18.5,g
5776,Fiber,0,g
5776,Fat,0,g
5776,Cholesterol,0,mg
5776,Sodium,0,mg
5777,Energy,93,cal
5777,Protein,0.6,g
5777,Carbohydrates,19.6,g
5777,Fiber,0,g
5777,Fat,1.2,g
5777,Cholesterol,1,mg
5777,Sodium,1.2,mg
5778,Energy,93,cal
5778,Protein,0.6,g
5778,Carbohydrates,19.6,g
5778,Fiber,0,g
5778,Fat,1.2,g
5778,Cholesterol,1,mg
5778,Sodium,1.2,mg
5779,Energy,344,cal
5779,Protein,9.3,g
5779,Carbohydrates,36.6,g
5779,Fiber,0.4,g
5779,Fat,13,g
5779,Cholesterol,32,mg
5779,Sodium,38.5,mg
5780,Energy,344,cal
5780,Protein,9.3,g
5780,Carbohydrates,36.6,g
5780,Fiber,0.4,g
5780,Fat,13,g
5780,Cholesterol,0,mg
5780,Vitamin A,320,mcg
5780,Vitamin B1,0.1,mg
5780,Vitamin B2,0.2,mg
5780,Vitamin B3,0.4,mg
5780,Vitamin C,2,mg
5780,Folic Acid,12,mcg
5780,Calcium,421,mg
5780,Iron,0.5,mg
5780,Magnesium,0,mg
5780,Phosphorus,0,mg
5780,Sodium,38,mg
5780,Potassium,180,mg
5780,Zinc,0.1,mg
5781,Energy,136,cal
5781,Protein,2.2,g
5781,Carbohydrates,8,g
5781,Fiber,1.6,g
5781,Fat,10.5,g
5781,Cholesterol,0,mg
5781,Sodium,7.7,mg
5783,Energy,251,cal
5783,Protein,6.1,g
5783,Carbohydrates,12.4,g
5783,Fiber,4.7,g
5783,Fat,19.1,g
5783,Cholesterol,0,mg
5783,Vitamin A,282.5,mcg
5783,Vitamin B1,0.1,mg
5783,Vitamin B2,0.1,mg
5783,Vitamin B3,0.6,mg
5783,Vitamin C,27.9,mg
5783,Folic Acid,14.4,mcg
5783,Calcium,98.2,mg
5783,Iron,1.6,mg
5783,Magnesium,0,mg
5783,Phosphorus,0,mg
5783,Sodium,26.4,mg
5783,Potassium,147.4,mg
5783,Zinc,0.6,mg
5784,Energy,34,cal
5784,Protein,0.8,g
5784,Carbohydrates,2.6,g
5784,Fiber,0.6,g
5784,Fat,2.2,g
5784,Cholesterol,0.1,mg
5784,Sodium,2.9,mg
5785,Energy,34,cal
5785,Protein,0.8,g
5785,Carbohydrates,2.6,g
5785,Fiber,0.6,g
5785,Fat,2.2,g
5785,Cholesterol,0.1,mg
5785,Sodium,2.9,mg
5786,Energy,34,cal
5786,Protein,0.8,g
5786,Carbohydrates,2.6,g
5786,Fiber,0.6,g
5786,Fat,2.2,g
5786,Cholesterol,0.1,mg
5786,Sodium,2.9,mg
5787,Energy,39,cal
5787,Protein,1.6,g
5787,Carbohydrates,3.4,g
5787,Fiber,2.3,g
5787,Fat,2.1,g
5787,Cholesterol,3.8,mg
5787,Sodium,39,mg
5788,Energy,30,cal
5788,Protein,1.1,g
5788,Carbohydrates,6.4,g
5788,Fiber,0.2,g
5788,Fat,0.3,g
5788,Cholesterol,0,mg
5788,Sodium,0.4,mg
5789,Energy,70,cal
5789,Protein,0.9,g
5789,Carbohydrates,6.1,g
5789,Fiber,0.1,g
5789,Fat,4.7,g
5789,Cholesterol,0,mg
5789,Sodium,0.8,mg
5790,Energy,92,cal
5790,Protein,3.4,g
5790,Carbohydrates,4.5,g
5790,Fiber,0.2,g
5790,Fat,4.9,g
5790,Cholesterol,12,mg
5790,Sodium,14.2,mg
5791,Energy,406,cal
5791,Protein,5,g
5791,Carbohydrates,39.4,g
5791,Fiber,7.7,g
5791,Fat,25.4,g
5791,Cholesterol,0,mg
5791,Vitamin A,203.7,mcg
5791,Vitamin B1,0,mg
5791,Vitamin B2,0.1,mg
5791,Vitamin B3,1.2,mg
5791,Vitamin C,3,mg
5791,Folic Acid,11,mcg
5791,Calcium,15.3,mg
5791,Iron,1.4,mg
5791,Magnesium,0,mg
5791,Phosphorus,0,mg
5791,Sodium,0.9,mg
5791,Potassium,3.8,mg
5791,Zinc,0.6,mg
5792,Energy,101,cal
5792,Protein,3.2,g
5792,Carbohydrates,19,g
5792,Fiber,3.3,g
5792,Fat,1.8,g
5792,Cholesterol,0,mg
5792,Sodium,5.2,mg
5793,Energy,101,cal
5793,Protein,3.2,g
5793,Carbohydrates,19,g
5793,Fiber,3.3,g
5793,Fat,1.8,g
5793,Cholesterol,0,mg
5793,Sodium,5.2,mg
5794,Energy,81,cal
5794,Protein,2.6,g
5794,Carbohydrates,15.7,g
5794,Fiber,2.6,g
5794,Fat,1.2,g
5794,Cholesterol,0,mg
5794,Sodium,262.7,mg
5795,Energy,46,cal
5795,Protein,2.1,g
5795,Carbohydrates,8.6,g
5795,Fiber,1.6,g
5795,Fat,0.6,g
5795,Cholesterol,0,mg
5795,Sodium,3.6,mg
5796,Energy,88,cal
5796,Protein,3.1,g
5796,Carbohydrates,7,g
5796,Fiber,4.2,g
5796,Fat,5.3,g
5796,Cholesterol,0,mg
5796,Sodium,30.5,mg
5797,Energy,8,cal
5797,Protein,0,g
5797,Carbohydrates,1.9,g
5797,Fiber,0,g
5797,Fat,0,g
5797,Cholesterol,0,mg
5797,Sodium,138.5,mg
5798,Energy,8,cal
5798,Protein,0,g
5798,Carbohydrates,1.9,g
5798,Fiber,0,g
5798,Fat,0,g
5798,Cholesterol,0,mg
5798,Sodium,138.5,mg
5799,Energy,5,cal
5799,Protein,0,g
5799,Carbohydrates,1.1,g
5799,Fiber,0,g
5799,Fat,0,g
5799,Cholesterol,0,mg
5799,Sodium,553.7,mg
5802,Energy,310,cal
5802,Protein,3.1,g
5802,Carbohydrates,25.6,g
5802,Fiber,10,g
5802,Fat,21.7,g
5802,Cholesterol,0,mg
5802,Sodium,50.5,mg
5803,Energy,97,cal
5803,Protein,1,g
5803,Carbohydrates,9.5,g
5803,Fiber,3.3,g
5803,Fat,6.1,g
5803,Cholesterol,0,mg
5803,Vitamin A,19.8,mcg
5803,Vitamin B1,0.1,mg
5803,Vitamin B2,0.2,mg
5803,Vitamin B3,1.5,mg
5803,Vitamin C,16.5,mg
5803,Folic Acid,1.6,mcg
5803,Calcium,14.6,mg
5803,Iron,1.5,mg
5803,Magnesium,0,mg
5803,Phosphorus,0,mg
5803,Sodium,19.3,mg
5803,Potassium,28.2,mg
5803,Zinc,0.1,mg
5804,Energy,97,cal
5804,Protein,1,g
5804,Carbohydrates,9.5,g
5804,Fiber,3.3,g
5804,Fat,6.1,g
5804,Cholesterol,0,mg
5804,Vitamin A,19.8,mcg
5804,Vitamin B1,0.1,mg
5804,Vitamin B2,0.2,mg
5804,Vitamin B3,1.5,mg
5804,Vitamin C,16.5,mg
5804,Folic Acid,1.6,mcg
5804,Calcium,14.6,mg
5804,Iron,1.5,mg
5804,Magnesium,0,mg
5804,Phosphorus,0,mg
5804,Sodium,19.3,mg
5804,Potassium,28.2,mg
5804,Zinc,0.1,mg
5805,Energy,97,cal
5805,Protein,1,g
5805,Carbohydrates,9.5,g
5805,Fiber,3.3,g
5805,Fat,6.1,g
5805,Cholesterol,0,mg
5805,Vitamin A,19.8,mcg
5805,Vitamin B1,0.1,mg
5805,Vitamin B2,0.2,mg
5805,Vitamin B3,1.5,mg
5805,Vitamin C,16.5,mg
5805,Folic Acid,1.6,mcg
5805,Calcium,14.6,mg
5805,Iron,1.5,mg
5805,Magnesium,0,mg
5805,Phosphorus,0,mg
5805,Sodium,19.3,mg
5805,Potassium,28.2,mg
5805,Zinc,0.1,mg
5806,Energy,97,cal
5806,Protein,1,g
5806,Carbohydrates,9.5,g
5806,Fiber,3.3,g
5806,Fat,6.1,g
5806,Cholesterol,0,mg
5806,Vitamin A,19.8,mcg
5806,Vitamin B1,0.1,mg
5806,Vitamin B2,0.2,mg
5806,Vitamin B3,1.5,mg
5806,Vitamin C,16.5,mg
5806,Folic Acid,1.6,mcg
5806,Calcium,14.6,mg
5806,Iron,1.5,mg
5806,Magnesium,0,mg
5806,Phosphorus,0,mg
5806,Sodium,19.3,mg
5806,Potassium,28.2,mg
5806,Zinc,0.1,mg
5807,Energy,306,cal
5807,Protein,9.8,g
5807,Carbohydrates,35.1,g
5807,Fiber,14.7,g
5807,Fat,14.1,g
5807,Cholesterol,0,mg
5807,Sodium,99,mg
5808,Energy,305,cal
5808,Protein,4.1,g
5808,Carbohydrates,59.1,g
5808,Fiber,7.8,g
5808,Fat,5.9,g
5808,Cholesterol,0,mg
5808,Sodium,103.8,mg
5809,Energy,170,cal
5809,Protein,4.3,g
5809,Carbohydrates,20.7,g
5809,Fiber,1.5,g
5809,Fat,5.8,g
5809,Cholesterol,14,mg
5809,Sodium,37.4,mg
5810,Energy,217,cal
5810,Protein,8.1,g
5810,Carbohydrates,25,g
5810,Fiber,0.8,g
5810,Fat,9.4,g
5810,Cholesterol,32.5,mg
5810,Sodium,300,mg
5811,Energy,78,cal
5811,Protein,0.8,g
5811,Carbohydrates,18.1,g
5811,Fiber,4.8,g
5811,Fat,0.2,g
5811,Cholesterol,0,mg
5811,Sodium,59.8,mg
5812,Energy,78,cal
5812,Protein,0.8,g
5812,Carbohydrates,18.1,g
5812,Fiber,4.8,g
5812,Fat,0.2,g
5812,Cholesterol,0,mg
5812,Sodium,59.8,mg
5813,Energy,23,cal
5813,Protein,0.4,g
5813,Carbohydrates,5.2,g
5813,Fiber,1.5,g
5813,Fat,0.1,g
5813,Cholesterol,0,mg
5813,Sodium,15,mg
5814,Energy,63,cal
5814,Protein,1.1,g
5814,Carbohydrates,11.8,g
5814,Fiber,8.5,g
5814,Fat,1.2,g
5814,Cholesterol,0,mg
5814,Sodium,93,mg
5815,Energy,338,cal
5815,Protein,4.1,g
5815,Carbohydrates,77.7,g
5815,Fiber,14.6,g
5815,Fat,1.3,g
5815,Cholesterol,0,mg
5815,Sodium,132.4,mg
5816,Energy,276,cal
5816,Protein,3.2,g
5816,Carbohydrates,58.2,g
5816,Fiber,9.4,g
5816,Fat,3.3,g
5816,Cholesterol,0,mg
5816,Sodium,144.9,mg
5817,Energy,78,cal
5817,Protein,0.9,g
5817,Carbohydrates,14.8,g
5817,Fiber,3.4,g
5817,Fat,1.6,g
5817,Cholesterol,0,mg
5817,Sodium,34.2,mg
5818,Energy,53,cal
5818,Protein,0.1,g
5818,Carbohydrates,12.9,g
5818,Fiber,0.5,g
5818,Fat,0,g
5818,Cholesterol,0,mg
5818,Sodium,6.6,mg
5819,Energy,618,cal
5819,Protein,1,g
5819,Carbohydrates,152.1,g
5819,Fiber,5.5,g
5819,Fat,0.2,g
5819,Cholesterol,0,mg
5819,Sodium,585.6,mg
5820,Energy,57,cal
5820,Protein,0.5,g
5820,Carbohydrates,13.4,g
5820,Fiber,3.5,g
5820,Fat,0.1,g
5820,Cholesterol,0,mg
5820,Sodium,43.6,mg
5822,Energy,124,cal
5822,Protein,1.1,g
5822,Carbohydrates,29.2,g
5822,Fiber,7.6,g
5822,Fat,0.3,g
5822,Cholesterol,0,mg
5822,Sodium,94.4,mg
5824,Energy,208,cal
5824,Protein,4,g
5824,Carbohydrates,32.6,g
5824,Fiber,2.5,g
5824,Fat,5.1,g
5824,Cholesterol,12,mg
5824,Sodium,52.4,mg
5825,Energy,117,cal
5825,Protein,3.4,g
5825,Carbohydrates,11.1,g
5825,Fiber,1.2,g
5825,Fat,4.9,g
5825,Cholesterol,12,mg
5825,Sodium,28.9,mg
5826,Energy,117,cal
5826,Protein,3.4,g
5826,Carbohydrates,11.1,g
5826,Fiber,1.2,g
5826,Fat,4.9,g
5826,Cholesterol,12,mg
5826,Sodium,28.9,mg
5827,Energy,117,cal
5827,Protein,3.4,g
5827,Carbohydrates,11.1,g
5827,Fiber,1.2,g
5827,Fat,4.9,g
5827,Cholesterol,12,mg
5827,Sodium,28.9,mg
5828,Energy,59,cal
5828,Protein,0.3,g
5828,Carbohydrates,9.9,g
5828,Fiber,0.5,g
5828,Fat,1.7,g
5828,Cholesterol,5,mg
5828,Sodium,17.9,mg
5829,Energy,248,cal
5829,Protein,9.4,g
5829,Carbohydrates,31.1,g
5829,Fiber,0.9,g
5829,Fat,9.7,g
5829,Cholesterol,0,mg
5829,Sodium,12.4,mg
5831,Energy,79,cal
5831,Protein,0.8,g
5831,Carbohydrates,18.3,g
5831,Fiber,4.8,g
5831,Fat,0.2,g
5831,Cholesterol,0,mg
5831,Sodium,67.7,mg
5832,Energy,63,cal
5832,Protein,0.6,g
5832,Carbohydrates,14.7,g
5832,Fiber,3.8,g
5832,Fat,0.1,g
5832,Cholesterol,0,mg
5832,Sodium,54.2,mg
5833,Energy,58,cal
5833,Protein,0.7,g
5833,Carbohydrates,12.3,g
5833,Fiber,3.9,g
5833,Fat,0.5,g
5833,Cholesterol,0,mg
5833,Sodium,30.7,mg
5834,Energy,225,cal
5834,Protein,2.4,g
5834,Carbohydrates,44.3,g
5834,Fiber,3,g
5834,Fat,4.2,g
5834,Cholesterol,10,mg
5834,Sodium,48.4,mg
5835,Energy,49,cal
5835,Protein,1.7,g
5835,Carbohydrates,9.8,g
5835,Fiber,3.7,g
5835,Fat,0.3,g
5835,Cholesterol,0,mg
5835,Sodium,47.2,mg
5836,Energy,50,cal
5836,Protein,1.4,g
5836,Carbohydrates,10.5,g
5836,Fiber,3,g
5836,Fat,0.3,g
5836,Cholesterol,0,mg
5836,Sodium,32.2,mg
5837,Energy,58,cal
5837,Protein,1.6,g
5837,Carbohydrates,12.2,g
5837,Fiber,3.1,g
5837,Fat,0.4,g
5837,Cholesterol,0,mg
5837,Sodium,38.1,mg
5838,Energy,355,cal
5838,Protein,5.8,g
5838,Carbohydrates,57.5,g
5838,Fiber,4.6,g
5838,Fat,11.2,g
5838,Cholesterol,0,mg
5838,Sodium,58.1,mg
5839,Energy,30,cal
5839,Protein,0.3,g
5839,Carbohydrates,7.1,g
5839,Fiber,1.8,g
5839,Fat,0.1,g
5839,Cholesterol,0,mg
5839,Sodium,23.1,mg
5840,Energy,109,cal
5840,Protein,2.1,g
5840,Carbohydrates,11.1,g
5840,Fiber,0.2,g
5840,Fat,5.4,g
5840,Cholesterol,6.7,mg
5840,Sodium,11,mg
5841,Energy,38,cal
5841,Protein,0.1,g
5841,Carbohydrates,9.2,g
5841,Fiber,0.7,g
5841,Fat,0,g
5841,Cholesterol,0,mg
5841,Sodium,8.3,mg
5842,Energy,133,cal
5842,Protein,2.1,g
5842,Carbohydrates,69.1,g
5842,Fiber,0.3,g
5842,Fat,3.8,g
5842,Cholesterol,0,mg
5842,Sodium,8.8,mg
5843,Energy,142,cal
5843,Protein,2.1,g
5843,Carbohydrates,25.3,g
5843,Fiber,0.6,g
5843,Fat,3,g
5843,Cholesterol,3.1,mg
5843,Sodium,13.9,mg
5844,Energy,50,cal
5844,Protein,0.3,g
5844,Carbohydrates,11.9,g
5844,Fiber,2.3,g
5844,Fat,0.1,g
5844,Cholesterol,0,mg
5844,Sodium,29.1,mg
5845,Energy,173,cal
5845,Protein,1.6,g
5845,Carbohydrates,36.2,g
5845,Fiber,2.6,g
5845,Fat,1.7,g
5845,Cholesterol,4,mg
5845,Sodium,35.6,mg
5846,Energy,116,cal
5846,Protein,1.4,g
5846,Carbohydrates,23,g
5846,Fiber,5.2,g
5846,Fat,2.1,g
5846,Cholesterol,0,mg
5846,Sodium,54.1,mg
5847,Energy,215,cal
5847,Protein,6,g
5847,Carbohydrates,21.8,g
5847,Fiber,0.6,g
5847,Fat,8.8,g
5847,Cholesterol,21.3,mg
5847,Sodium,26.1,mg
5849,Energy,57,cal
5849,Protein,1.8,g
5849,Carbohydrates,4.5,g
5849,Fiber,0.1,g
5849,Fat,2.6,g
5849,Cholesterol,6.4,mg
5849,Sodium,7.6,mg
5850,Energy,57,cal
5850,Protein,1.8,g
5850,Carbohydrates,4.5,g
5850,Fiber,0.1,g
5850,Fat,2.6,g
5850,Cholesterol,6.4,mg
5850,Sodium,7.6,mg
5851,Energy,204,cal
5851,Protein,5.6,g
5851,Carbohydrates,37.1,g
5851,Fiber,1.2,g
5851,Fat,3.6,g
5851,Cholesterol,0,mg
5851,Sodium,46.9,mg
5852,Energy,1655,cal
5852,Protein,34.7,g
5852,Carbohydrates,253.7,g
5852,Fiber,1.7,g
5852,Fat,57.7,g
5852,Cholesterol,110,mg
5852,Sodium,682.7,mg
5853,Energy,96,cal
5853,Protein,1.8,g
5853,Carbohydrates,16.6,g
5853,Fiber,4.6,g
5853,Fat,2.7,g
5853,Cholesterol,0,mg
5853,Sodium,215.4,mg
5855,Energy,430,cal
5855,Protein,6.9,g
5855,Carbohydrates,66.1,g
5855,Fiber,2,g
5855,Fat,15.5,g
5855,Cholesterol,0,mg
5855,Sodium,15.6,mg
5856,Energy,430,cal
5856,Protein,6.9,g
5856,Carbohydrates,66.1,g
5856,Fiber,2,g
5856,Fat,15.5,g
5856,Cholesterol,0,mg
5856,Sodium,15.6,mg
5857,Energy,430,cal
5857,Protein,6.9,g
5857,Carbohydrates,66.1,g
5857,Fiber,2,g
5857,Fat,15.5,g
5857,Cholesterol,0,mg
5857,Sodium,15.6,mg
5858,Energy,430,cal
5858,Protein,6.9,g
5858,Carbohydrates,66.1,g
5858,Fiber,2,g
5858,Fat,15.5,g
5858,Cholesterol,0,mg
5858,Sodium,15.6,mg
5859,Energy,241,cal
5859,Protein,2.3,g
5859,Carbohydrates,38.4,g
5859,Fiber,3.6,g
5859,Fat,6.6,g
5859,Cholesterol,10,mg
5859,Sodium,61.2,mg
5860,Energy,212,cal
5860,Protein,1.5,g
5860,Carbohydrates,48.6,g
5860,Fiber,12.5,g
5860,Fat,1.5,g
5860,Cholesterol,0,mg
5860,Sodium,43.6,mg
5861,Energy,147,cal
5861,Protein,2,g
5861,Carbohydrates,15.8,g
5861,Fiber,4.8,g
5861,Fat,8.5,g
5861,Cholesterol,0,mg
5861,Sodium,31.2,mg
5862,Energy,277,cal
5862,Protein,9.7,g
5862,Carbohydrates,31.3,g
5862,Fiber,1.3,g
5862,Fat,12.5,g
5862,Cholesterol,7.5,mg
5862,Sodium,43.1,mg
5863,Energy,277,cal
5863,Protein,9.7,g
5863,Carbohydrates,31.3,g
5863,Fiber,1.3,g
5863,Fat,12.5,g
5863,Cholesterol,7.5,mg
5863,Sodium,43.1,mg
5864,Energy,118,cal
5864,Protein,1.5,g
5864,Carbohydrates,26.9,g
5864,Fiber,4.7,g
5864,Fat,0.5,g
5864,Cholesterol,0,mg
5864,Sodium,18.5,mg
5865,Energy,118,cal
5865,Protein,1.5,g
5865,Carbohydrates,26.9,g
5865,Fiber,4.7,g
5865,Fat,0.5,g
5865,Cholesterol,0,mg
5865,Sodium,18.5,mg
5866,Energy,235,cal
5866,Protein,4.1,g
5866,Carbohydrates,52.6,g
5866,Fiber,12.6,g
5866,Fat,1,g
5866,Cholesterol,0,mg
5866,Sodium,95.9,mg
5869,Energy,217,cal
5869,Protein,0.2,g
5869,Carbohydrates,54.3,g
5869,Fiber,0.3,g
5869,Fat,0.3,g
5869,Cholesterol,0,mg
5869,Sodium,267.1,mg
5870,Energy,217,cal
5870,Protein,0.2,g
5870,Carbohydrates,54.3,g
5870,Fiber,0.3,g
5870,Fat,0.3,g
5870,Cholesterol,0,mg
5870,Sodium,267.1,mg
5871,Protein,0.3,g
5871,Cho,12.4,g
5871,Fat,0.2,g
5872,Energy,28,cal
5872,Protein,0.8,g
5872,Carbohydrates,10.5,g
5872,Fiber,0,g
5872,Fat,0.5,g
5872,Cholesterol,1.2,mg
5872,Sodium,10.4,mg
5873,Energy,33,cal
5873,Protein,0.7,g
5873,Carbohydrates,2.4,g
5873,Fiber,0.1,g
5873,Fat,2.3,g
5873,Cholesterol,0,mg
5873,Sodium,0.1,mg
5874,Energy,111,cal
5874,Protein,2.2,g
5874,Carbohydrates,12.1,g
5874,Fiber,0.2,g
5874,Fat,5.9,g
5874,Cholesterol,0,mg
5874,Sodium,0.1,mg
5875,Energy,111,cal
5875,Protein,2.2,g
5875,Carbohydrates,12.1,g
5875,Fiber,0.2,g
5875,Fat,5.9,g
5875,Cholesterol,0,mg
5875,Sodium,0.1,mg
5876,Energy,111,cal
5876,Protein,2.2,g
5876,Carbohydrates,12.1,g
5876,Fiber,0.2,g
5876,Fat,5.9,g
5876,Cholesterol,0,mg
5876,Sodium,0.1,mg
5877,Energy,111,cal
5877,Protein,2.2,g
5877,Carbohydrates,12.1,g
5877,Fiber,0.2,g
5877,Fat,5.9,g
5877,Cholesterol,0,mg
5877,Sodium,0.1,mg
5878,Energy,39,cal
5878,Protein,0.9,g
5878,Carbohydrates,3.4,g
5878,Fiber,0.1,g
5878,Fat,2.5,g
5878,Cholesterol,0,mg
5878,Sodium,0,mg
5879,Energy,39,cal
5879,Protein,0.9,g
5879,Carbohydrates,3.4,g
5879,Fiber,0.1,g
5879,Fat,2.5,g
5879,Cholesterol,0,mg
5879,Sodium,0,mg
5880,Energy,133,cal
5880,Protein,2.9,g
5880,Carbohydrates,7.3,g
5880,Fiber,1.3,g
5880,Fat,10.3,g
5880,Cholesterol,15,mg
5880,Sodium,62.2,mg
5881,Energy,133,cal
5881,Protein,2.9,g
5881,Carbohydrates,7.3,g
5881,Fiber,1.3,g
5881,Fat,10.3,g
5881,Cholesterol,15,mg
5881,Sodium,62.2,mg
5882,Energy,125,cal
5882,Protein,3.3,g
5882,Carbohydrates,19.4,g
5882,Fiber,0.5,g
5882,Fat,3.8,g
5882,Cholesterol,0,mg
5882,Vitamin A,37.8,mcg
5882,Vitamin B1,0.1,mg
5882,Vitamin B2,0,mg
5882,Vitamin B3,1.2,mg
5882,Vitamin C,0,mg
5882,Folic Acid,9.7,mcg
5882,Calcium,13,mg
5882,Iron,1.3,mg
5882,Magnesium,0,mg
5882,Phosphorus,0,mg
5882,Sodium,5.4,mg
5882,Potassium,85.1,mg
5882,Zinc,0.6,mg
5883,Energy,125,cal
5883,Protein,3.3,g
5883,Carbohydrates,19.4,g
5883,Fiber,0.5,g
5883,Fat,3.8,g
5883,Cholesterol,0,mg
5883,Vitamin A,37.8,mcg
5883,Vitamin B1,0.1,mg
5883,Vitamin B2,0,mg
5883,Vitamin B3,1.2,mg
5883,Vitamin C,0,mg
5883,Folic Acid,9.7,mcg
5883,Calcium,13,mg
5883,Iron,1.3,mg
5883,Magnesium,0,mg
5883,Phosphorus,0,mg
5883,Sodium,5.4,mg
5883,Potassium,85.1,mg
5883,Zinc,0.6,mg
5884,Energy,37,cal
5884,Protein,1.8,g
5884,Carbohydrates,5.2,g
5884,Fiber,1.4,g
5884,Fat,1,g
5884,Cholesterol,0,mg
5884,Sodium,6.6,mg
5885,Energy,37,cal
5885,Protein,1.8,g
5885,Carbohydrates,5.2,g
5885,Fiber,1.4,g
5885,Fat,1,g
5885,Cholesterol,0,mg
5885,Sodium,6.6,mg
5886,Energy,37,cal
5886,Protein,1.8,g
5886,Carbohydrates,5.2,g
5886,Fiber,1.4,g
5886,Fat,1,g
5886,Cholesterol,0,mg
5886,Sodium,6.6,mg
5887,Energy,236,cal
5887,Protein,5.5,g
5887,Carbohydrates,28,g
5887,Fiber,0,g
5887,Fat,8.3,g
5887,Cholesterol,20.4,mg
5887,Sodium,24.2,mg
5888,Energy,236,cal
5888,Protein,5.5,g
5888,Carbohydrates,28,g
5888,Fiber,0,g
5888,Fat,8.3,g
5888,Cholesterol,20.4,mg
5888,Sodium,24.2,mg
5889,Energy,464,cal
5889,Protein,23.4,g
5889,Carbohydrates,43.7,g
5889,Fiber,4,g
5889,Fat,18.8,g
5889,Cholesterol,27.6,mg
5889,Vitamin A,656.2,mcg
5889,Vitamin B1,0.1,mg
5889,Vitamin B2,0,mg
5889,Vitamin B3,1.4,mg
5889,Vitamin C,54,mg
5889,Folic Acid,34.3,mcg
5889,Calcium,512,mg
5889,Iron,2.2,mg
5889,Magnesium,0,mg
5889,Phosphorus,0,mg
5889,Sodium,868.9,mg
5889,Potassium,258.4,mg
5889,Zinc,0.5,mg
5890,Energy,464,cal
5890,Protein,23.4,g
5890,Carbohydrates,43.7,g
5890,Fiber,4,g
5890,Fat,18.8,g
5890,Cholesterol,27.6,mg
5890,Vitamin A,656.2,mcg
5890,Vitamin B1,0.1,mg
5890,Vitamin B2,0,mg
5890,Vitamin B3,1.4,mg
5890,Vitamin C,54,mg
5890,Folic Acid,34.3,mcg
5890,Calcium,512,mg
5890,Iron,2.2,mg
5890,Magnesium,0,mg
5890,Phosphorus,0,mg
5890,Sodium,868.9,mg
5890,Potassium,258.4,mg
5890,Zinc,0.5,mg
5891,Energy,464,cal
5891,Protein,23.4,g
5891,Carbohydrates,43.7,g
5891,Fiber,4,g
5891,Fat,18.8,g
5891,Cholesterol,27.6,mg
5891,Vitamin A,656.2,mcg
5891,Vitamin B1,0.1,mg
5891,Vitamin B2,0,mg
5891,Vitamin B3,1.4,mg
5891,Vitamin C,54,mg
5891,Folic Acid,34.3,mcg
5891,Calcium,512,mg
5891,Iron,2.2,mg
5891,Magnesium,0,mg
5891,Phosphorus,0,mg
5891,Sodium,868.9,mg
5891,Potassium,258.4,mg
5891,Zinc,0.5,mg
5892,Energy,78,cal
5892,Protein,0.7,g
5892,Carbohydrates,4.2,g
5892,Fiber,0.3,g
5892,Fat,6.4,g
5892,Cholesterol,1.3,mg
5892,Sodium,20.5,mg
5893,Energy,424,cal
5893,Protein,15.5,g
5893,Carbohydrates,30.1,g
5893,Fiber,0.3,g
5893,Fat,26.9,g
5893,Cholesterol,23,mg
5893,Vitamin A,212.6,mcg
5893,Vitamin B1,0.1,mg
5893,Vitamin B2,0,mg
5893,Vitamin B3,0.9,mg
5893,Vitamin C,3.4,mg
5893,Folic Acid,3.7,mcg
5893,Calcium,261.2,mg
5893,Iron,1.1,mg
5893,Magnesium,0,mg
5893,Phosphorus,0,mg
5893,Sodium,650,mg
5893,Potassium,67.9,mg
5893,Zinc,0.2,mg
5894,Energy,424,cal
5894,Protein,15.5,g
5894,Carbohydrates,30.1,g
5894,Fiber,0.3,g
5894,Fat,26.9,g
5894,Cholesterol,23,mg
5894,Vitamin A,212.6,mcg
5894,Vitamin B1,0.1,mg
5894,Vitamin B2,0,mg
5894,Vitamin B3,0.9,mg
5894,Vitamin C,3.4,mg
5894,Folic Acid,3.7,mcg
5894,Calcium,261.2,mg
5894,Iron,1.1,mg
5894,Magnesium,0,mg
5894,Phosphorus,0,mg
5894,Sodium,650,mg
5894,Potassium,67.9,mg
5894,Zinc,0.2,mg
5895,Energy,424,cal
5895,Protein,15.5,g
5895,Carbohydrates,30.1,g
5895,Fiber,0.3,g
5895,Fat,26.9,g
5895,Cholesterol,23,mg
5895,Vitamin A,212.6,mcg
5895,Vitamin B1,0.1,mg
5895,Vitamin B2,0,mg
5895,Vitamin B3,0.9,mg
5895,Vitamin C,3.4,mg
5895,Folic Acid,3.7,mcg
5895,Calcium,261.2,mg
5895,Iron,1.1,mg
5895,Magnesium,0,mg
5895,Phosphorus,0,mg
5895,Sodium,650,mg
5895,Potassium,67.9,mg
5895,Zinc,0.2,mg
5896,Energy,132,cal
5896,Protein,2.8,g
5896,Carbohydrates,12.7,g
5896,Fiber,0.3,g
5896,Fat,8,g
5896,Cholesterol,0,mg
5896,Vitamin A,91.3,mcg
5896,Vitamin B1,0,mg
5896,Vitamin B2,0,mg
5896,Vitamin B3,0.2,mg
5896,Vitamin C,12.4,mg
5896,Folic Acid,1.5,mcg
5896,Calcium,26.4,mg
5896,Iron,0.4,mg
5896,Magnesium,0,mg
5896,Phosphorus,0,mg
5896,Sodium,38.6,mg
5896,Potassium,5.9,mg
5896,Zinc,0,mg
5897,Energy,132,cal
5897,Protein,2.8,g
5897,Carbohydrates,12.7,g
5897,Fiber,0.3,g
5897,Fat,8,g
5897,Cholesterol,0,mg
5897,Vitamin A,91.3,mcg
5897,Vitamin B1,0,mg
5897,Vitamin B2,0,mg
5897,Vitamin B3,0.2,mg
5897,Vitamin C,12.4,mg
5897,Folic Acid,1.5,mcg
5897,Calcium,26.4,mg
5897,Iron,0.4,mg
5897,Magnesium,0,mg
5897,Phosphorus,0,mg
5897,Sodium,38.6,mg
5897,Potassium,5.9,mg
5897,Zinc,0,mg
5898,Energy,22,cal
5898,Protein,0.9,g
5898,Carbohydrates,3.4,g
5898,Fiber,0.5,g
5898,Fat,0.8,g
5898,Cholesterol,0,mg
5898,Sodium,51.8,mg
5899,Energy,22,cal
5899,Protein,0.9,g
5899,Carbohydrates,3.4,g
5899,Fiber,0.5,g
5899,Fat,0.8,g
5899,Cholesterol,0,mg
5899,Sodium,51.8,mg
5900,Energy,22,cal
5900,Protein,0.9,g
5900,Carbohydrates,3.4,g
5900,Fiber,0.5,g
5900,Fat,0.8,g
5900,Cholesterol,0,mg
5900,Sodium,51.8,mg
5901,Energy,22,cal
5901,Protein,0.9,g
5901,Carbohydrates,3.4,g
5901,Fiber,0.5,g
5901,Fat,0.8,g
5901,Cholesterol,0,mg
5901,Sodium,51.8,mg
5902,Protein,7.9,g
5902,Cho,37.1,g
5902,Fat,5.1,g
5903,Protein,7.9,g
5903,Cho,37.1,g
5903,Fat,5.1,g
5905,Energy,57,cal
5905,Protein,1.3,g
5905,Carbohydrates,3.8,g
5905,Fiber,0.2,g
5905,Fat,4.1,g
5905,Cholesterol,1.5,mg
5905,Vitamin A,27,mcg
5905,Vitamin B1,0,mg
5905,Vitamin B2,0,mg
5905,Vitamin B3,0.1,mg
5905,Vitamin C,0,mg
5905,Folic Acid,0,mcg
5905,Calcium,17.5,mg
5905,Iron,0.1,mg
5905,Magnesium,0,mg
5905,Phosphorus,0,mg
5905,Sodium,42.7,mg
5905,Potassium,6.4,mg
5905,Zinc,0,mg
5907,Energy,86,cal
5907,Protein,2.8,g
5907,Carbohydrates,18.1,g
5907,Fiber,1.5,g
5907,Fat,0.2,g
5907,Cholesterol,0,mg
5907,Sodium,3.9,mg
5908,Energy,88,cal
5908,Protein,1.5,g
5908,Carbohydrates,9.5,g
5908,Fiber,1.3,g
5908,Fat,4.9,g
5908,Cholesterol,0,mg
5908,Vitamin A,39.5,mcg
5908,Vitamin B1,0,mg
5908,Vitamin B2,0,mg
5908,Vitamin B3,0.2,mg
5908,Vitamin C,13,mg
5908,Folic Acid,12.2,mcg
5908,Calcium,9,mg
5908,Iron,3.6,mg
5908,Magnesium,0,mg
5908,Phosphorus,0,mg
5908,Sodium,8.9,mg
5908,Potassium,120.2,mg
5908,Zinc,0.1,mg
5909,Energy,88,cal
5909,Protein,1.5,g
5909,Carbohydrates,9.5,g
5909,Fiber,1.3,g
5909,Fat,4.9,g
5909,Cholesterol,0,mg
5909,Vitamin A,39.5,mcg
5909,Vitamin B1,0,mg
5909,Vitamin B2,0,mg
5909,Vitamin B3,0.2,mg
5909,Vitamin C,13,mg
5909,Folic Acid,12.2,mcg
5909,Calcium,9,mg
5909,Iron,3.6,mg
5909,Magnesium,0,mg
5909,Phosphorus,0,mg
5909,Sodium,8.9,mg
5909,Potassium,120.2,mg
5909,Zinc,0.1,mg
5910,Amt,165,gm
5910,Energy,122,kcal
5910,Protein,1.4,gm
5910,Cho,27.5,gm
5910,Fat,0.7,gm
5910,Vit-A,223.7,mcg
5910,Vit-C,9.4,mg
5910,Calcium,20.5,mg
5910,Iron,0.9,mg
5910,F.Acid,0,mcg
5910,Fibre,0.7,gm
5911,Energy,100,cal
5911,Protein,0.6,g
5911,Carbohydrates,23.9,g
5911,Fiber,1.5,g
5911,Fat,0.3,g
5911,Cholesterol,0,mg
5911,Sodium,8.7,mg
5912,Energy,100,cal
5912,Protein,0.6,g
5912,Carbohydrates,23.9,g
5912,Fiber,1.5,g
5912,Fat,0.3,g
5912,Cholesterol,0,mg
5912,Sodium,8.7,mg
5913,Energy,60,cal
5913,Protein,0.2,g
5913,Carbohydrates,14.3,g
5913,Fiber,0.8,g
5913,Fat,0.1,g
5913,Cholesterol,0,mg
5913,Sodium,0.2,mg
5917,Energy,37,cal
5917,Protein,0.3,g
5917,Carbohydrates,8.6,g
5917,Fiber,0.7,g
5917,Fat,0.2,g
5917,Cholesterol,0,mg
5917,Sodium,0.2,mg
5918,Energy,53,cal
5918,Protein,0.2,g
5918,Carbohydrates,97.6,g
5918,Fiber,0.2,g
5918,Fat,0,g
5918,Cholesterol,0,mg
5918,Sodium,185,mg
5919,Energy,53,cal
5919,Protein,0.2,g
5919,Carbohydrates,97.6,g
5919,Fiber,0.2,g
5919,Fat,0,g
5919,Cholesterol,0,mg
5919,Sodium,185,mg
5920,Energy,53,cal
5920,Protein,0.2,g
5920,Carbohydrates,97.6,g
5920,Fiber,0.2,g
5920,Fat,0,g
5920,Cholesterol,0,mg
5920,Sodium,185,mg
5921,Energy,147,calories
5921,Protein,5.7,gm
5921,Carbohydrates,25.6,gm
5921,Fat,3.6,gm
5921,Fibre,1.3,gm
5921,Iron,2.7,mg
5922,Energy,147,calories
5922,Protein,5.7,gm
5922,Carbohydrates,25.6,gm
5922,Fat,3.6,gm
5922,Fibre,1.3,gm
5922,Iron,2.7,mg
5923,Energy,52,cal
5923,Protein,0.9,g
5923,Carbohydrates,3.8,g
5923,Fiber,0.6,g
5923,Fat,3.6,g
5923,Cholesterol,0,mg
5923,Vitamin A,65.8,mcg
5923,Vitamin B1,0,mg
5923,Vitamin B2,0,mg
5923,Vitamin B3,0.2,mg
5923,Vitamin C,0.2,mg
5923,Folic Acid,4.2,mcg
5923,Calcium,12.5,mg
5923,Iron,0.6,mg
5923,Magnesium,0,mg
5923,Phosphorus,0,mg
5923,Sodium,3.3,mg
5923,Potassium,28,mg
5923,Zinc,0.1,mg
5924,Energy,330,cal
5924,Protein,5.7,g
5924,Carbohydrates,49.2,g
5924,Fiber,0.8,g
5924,Fat,12.3,g
5924,Cholesterol,0,mg
5924,Vitamin A,132.2,mcg
5924,Vitamin B1,0.2,mg
5924,Vitamin B2,0.1,mg
5924,Vitamin B3,2.6,mg
5924,Vitamin C,2.5,mg
5924,Folic Acid,0,mcg
5924,Calcium,19.2,mg
5924,Iron,11.5,mg
5924,Magnesium,0,mg
5924,Phosphorus,0,mg
5924,Sodium,15.2,mg
5924,Potassium,130.9,mg
5924,Zinc,0.3,mg
5925,Energy,246,cal
5925,Protein,4.8,g
5925,Carbohydrates,42.5,g
5925,Fiber,0.9,g
5925,Fat,6.3,g
5925,Cholesterol,0,mg
5925,Vitamin A,66.6,mcg
5925,Vitamin B1,0.2,mg
5925,Vitamin B2,0,mg
5925,Vitamin B3,2.9,mg
5925,Vitamin C,1.4,mg
5925,Folic Acid,0.7,mcg
5925,Calcium,16.6,mg
5925,Iron,10.4,mg
5925,Magnesium,0,mg
5925,Phosphorus,0,mg
5925,Sodium,10.9,mg
5925,Potassium,105.7,mg
5925,Zinc,0.1,mg
5926,Energy,74,cal
5926,Protein,1.8,g
5926,Carbohydrates,12.8,g
5926,Fiber,0.5,g
5926,Fat,1.7,g
5926,Cholesterol,0,mg
5926,Sodium,3.6,mg
5927,Energy,74,cal
5927,Protein,1.8,g
5927,Carbohydrates,12.8,g
5927,Fiber,0.5,g
5927,Fat,1.7,g
5927,Cholesterol,0,mg
5927,Sodium,3.6,mg
5928,Energy,84,cal
5928,Protein,1.8,g
5928,Carbohydrates,12.5,g
5928,Fiber,0.8,g
5928,Fat,2.9,g
5928,Cholesterol,0.7,mg
5928,Sodium,3,mg
5929,Energy,42,cal
5929,Protein,1.3,g
5929,Carbohydrates,6.7,g
5929,Fiber,0.3,g
5929,Fat,1.1,g
5929,Cholesterol,0,mg
5929,Sodium,2.4,mg
5930,Energy,33,cal
5930,Protein,1.3,g
5930,Carbohydrates,6.7,g
5930,Fiber,0.3,g
5930,Fat,0.1,g
5930,Cholesterol,0,mg
5930,Sodium,2.4,mg
5931,Energy,230,cal
5931,Protein,4,g
5931,Carbohydrates,46.4,g
5931,Fiber,0.4,g
5931,Fat,3.2,g
5931,Cholesterol,0,mg
5931,Sodium,6.8,mg
5932,Energy,230,cal
5932,Protein,4,g
5932,Carbohydrates,46.4,g
5932,Fiber,0.4,g
5932,Fat,3.2,g
5932,Cholesterol,0,mg
5932,Sodium,6.8,mg
5933,Energy,173,cal
5933,Protein,3.5,g
5933,Carbohydrates,10.7,g
5933,Fiber,0.3,g
5933,Fat,12.9,g
5933,Cholesterol,0,mg
5933,Sodium,0.7,mg
5934,Energy,125,cal
5934,Protein,2.9,g
5934,Carbohydrates,20.1,g
5934,Fiber,2.5,g
5934,Fat,3.3,g
5934,Cholesterol,2.7,mg
5934,Sodium,138.1,mg
5935,Energy,307,cal
5935,Protein,7.9,g
5935,Carbohydrates,38.1,g
5935,Fiber,1.7,g
5935,Fat,10.2,g
5935,Cholesterol,24,mg
5935,Sodium,37.7,mg
5936,Energy,275,cal
5936,Protein,7.6,g
5936,Carbohydrates,30.6,g
5936,Fiber,0.4,g
5936,Fat,10,g
5936,Cholesterol,24,mg
5936,Sodium,31.2,mg
5937,Energy,114,cal
5937,Protein,2.9,g
5937,Carbohydrates,10.1,g
5937,Fiber,1.4,g
5937,Fat,6.9,g
5937,Cholesterol,0,mg
5937,Sodium,3.4,mg
5938,Energy,24,cal
5938,Protein,0.7,g
5938,Carbohydrates,5,g
5938,Fiber,0.2,g
5938,Fat,0.1,g
5938,Cholesterol,0,mg
5938,Vitamin A,156.1,mcg
5938,Vitamin B1,0,mg
5938,Vitamin B2,0,mg
5938,Vitamin B3,0.2,mg
5938,Vitamin C,1.3,mg
5938,Folic Acid,5.2,mcg
5938,Calcium,4.8,mg
5938,Iron,1,mg
5938,Magnesium,0,mg
5938,Phosphorus,0,mg
5938,Sodium,2.5,mg
5938,Potassium,31.5,mg
5938,Zinc,0,mg
5939,Energy,24,cal
5939,Protein,0.7,g
5939,Carbohydrates,5,g
5939,Fiber,0.2,g
5939,Fat,0.1,g
5939,Cholesterol,0,mg
5939,Vitamin A,156.1,mcg
5939,Vitamin B1,0,mg
5939,Vitamin B2,0,mg
5939,Vitamin B3,0.2,mg
5939,Vitamin C,1.3,mg
5939,Folic Acid,5.2,mcg
5939,Calcium,4.8,mg
5939,Iron,1,mg
5939,Magnesium,0,mg
5939,Phosphorus,0,mg
5939,Sodium,2.5,mg
5939,Potassium,31.5,mg
5939,Zinc,0,mg
5943,Energy,326,cal
5943,Protein,5.1,g
5943,Carbohydrates,73.9,g
5943,Fiber,8.2,g
5943,Fat,1.2,g
5943,Cholesterol,0,mg
5943,Sodium,24.5,mg
5944,Energy,374,cal
5944,Protein,9.2,g
5944,Carbohydrates,83.5,g
5944,Fiber,16.1,g
5944,Fat,0.6,g
5944,Cholesterol,0.1,mg
5944,Sodium,5.8,mg
5946,Energy,83,cal
5946,Protein,1.2,g
5946,Carbohydrates,19.2,g
5946,Fiber,2.1,g
5946,Fat,0.1,g
5946,Cholesterol,0,mg
5946,Sodium,0.9,mg
5947,Energy,83,cal
5947,Protein,1.2,g
5947,Carbohydrates,19.2,g
5947,Fiber,2.1,g
5947,Fat,0.1,g
5947,Cholesterol,0,mg
5947,Sodium,0.9,mg
5948,Energy,83,cal
5948,Protein,1.2,g
5948,Carbohydrates,19.2,g
5948,Fiber,2.1,g
5948,Fat,0.1,g
5948,Cholesterol,0,mg
5948,Sodium,0.9,mg
5949,Energy,350,cal
5949,Protein,7.4,g
5949,Carbohydrates,42.5,g
5949,Fiber,6.2,g
5949,Fat,16.6,g
5949,Cholesterol,0,mg
5949,Sodium,13.5,mg
5951,Energy,134,cal
5951,Protein,3.1,g
5951,Carbohydrates,17.4,g
5951,Fiber,2.5,g
5951,Fat,5.7,g
5951,Cholesterol,0,mg
5951,Sodium,6.3,mg
5952,Energy,17,cal
5952,Protein,0.4,g
5952,Carbohydrates,2.7,g
5952,Fiber,0.2,g
5952,Fat,0.8,g
5952,Cholesterol,0.8,mg
5952,Sodium,3.1,mg
5953,Energy,17,cal
5953,Protein,0.4,g
5953,Carbohydrates,2.7,g
5953,Fiber,0.2,g
5953,Fat,0.8,g
5953,Cholesterol,0.8,mg
5953,Sodium,3.1,mg
5954,Energy,133,cal
5954,Protein,2.3,g
5954,Carbohydrates,15.3,g
5954,Fiber,1.1,g
5954,Fat,6.5,g
5954,Cholesterol,0,mg
5954,Vitamin A,279,mcg
5954,Vitamin B1,0.1,mg
5954,Vitamin B2,0,mg
5954,Vitamin B3,0.7,mg
5954,Vitamin C,11.3,mg
5954,Folic Acid,11.6,mcg
5954,Calcium,77.1,mg
5954,Iron,0.5,mg
5954,Magnesium,0,mg
5954,Phosphorus,0,mg
5954,Sodium,47,mg
5954,Potassium,181.2,mg
5954,Zinc,0.4,mg
5958,Energy,134,cal
5958,Protein,2,g
5958,Carbohydrates,14.8,g
5958,Fiber,2,g
5958,Fat,7.8,g
5958,Cholesterol,0,mg
5958,Vitamin A,474.4,mcg
5958,Vitamin B1,0.1,mg
5958,Vitamin B2,0.1,mg
5958,Vitamin B3,0.7,mg
5958,Vitamin C,11.4,mg
5958,Folic Acid,11.7,mcg
5958,Calcium,26.7,mg
5958,Iron,1.4,mg
5958,Magnesium,0,mg
5958,Phosphorus,0,mg
5958,Sodium,33.3,mg
5958,Potassium,141,mg
5958,Zinc,0.3,mg
5959,Energy,134,cal
5959,Protein,2,g
5959,Carbohydrates,14.8,g
5959,Fiber,2,g
5959,Fat,7.8,g
5959,Cholesterol,0,mg
5959,Vitamin A,474.4,mcg
5959,Vitamin B1,0.1,mg
5959,Vitamin B2,0.1,mg
5959,Vitamin B3,0.7,mg
5959,Vitamin C,11.4,mg
5959,Folic Acid,11.7,mcg
5959,Calcium,26.7,mg
5959,Iron,1.4,mg
5959,Magnesium,0,mg
5959,Phosphorus,0,mg
5959,Sodium,33.3,mg
5959,Potassium,141,mg
5959,Zinc,0.3,mg
5960,Energy,270,cal
5960,Protein,12,g
5960,Carbohydrates,47.5,g
5960,Fiber,19.6,g
5960,Fat,3.6,g
5960,Cholesterol,0,mg
5960,Sodium,23.2,mg
5961,Energy,144,cal
5961,Protein,4.7,g
5961,Carbohydrates,25.5,g
5961,Fiber,7.4,g
5961,Fat,2.5,g
5961,Cholesterol,0,mg
5961,Sodium,5829.5,mg
5962,Energy,116,cal
5962,Protein,5,g
5962,Carbohydrates,20.9,g
5962,Fiber,8.1,g
5962,Fat,1.5,g
5962,Cholesterol,0,mg
5962,Vitamin A,258.8,mcg
5962,Vitamin B1,0.1,mg
5962,Vitamin B2,0.1,mg
5962,Vitamin B3,1.1,mg
5962,Vitamin C,14.6,mg
5962,Folic Acid,59.1,mcg
5962,Calcium,71.8,mg
5962,Iron,1.5,mg
5962,Magnesium,0,mg
5962,Phosphorus,0,mg
5962,Sodium,6.5,mg
5962,Potassium,95.9,mg
5962,Zinc,0.8,mg
5963,Energy,116,cal
5963,Protein,5,g
5963,Carbohydrates,20.9,g
5963,Fiber,8.1,g
5963,Fat,1.5,g
5963,Cholesterol,0,mg
5963,Vitamin A,258.8,mcg
5963,Vitamin B1,0.1,mg
5963,Vitamin B2,0.1,mg
5963,Vitamin B3,1.1,mg
5963,Vitamin C,14.6,mg
5963,Folic Acid,59.1,mcg
5963,Calcium,71.8,mg
5963,Iron,1.5,mg
5963,Magnesium,0,mg
5963,Phosphorus,0,mg
5963,Sodium,6.5,mg
5963,Potassium,95.9,mg
5963,Zinc,0.8,mg
5964,Energy,116,cal
5964,Protein,5,g
5964,Carbohydrates,20.9,g
5964,Fiber,8.1,g
5964,Fat,1.5,g
5964,Cholesterol,0,mg
5964,Vitamin A,258.8,mcg
5964,Vitamin B1,0.1,mg
5964,Vitamin B2,0.1,mg
5964,Vitamin B3,1.1,mg
5964,Vitamin C,14.6,mg
5964,Folic Acid,59.1,mcg
5964,Calcium,71.8,mg
5964,Iron,1.5,mg
5964,Magnesium,0,mg
5964,Phosphorus,0,mg
5964,Sodium,6.5,mg
5964,Potassium,95.9,mg
5964,Zinc,0.8,mg
5965,Energy,116,cal
5965,Protein,5,g
5965,Carbohydrates,20.9,g
5965,Fiber,8.1,g
5965,Fat,1.5,g
5965,Cholesterol,0,mg
5965,Vitamin A,258.8,mcg
5965,Vitamin B1,0.1,mg
5965,Vitamin B2,0.1,mg
5965,Vitamin B3,1.1,mg
5965,Vitamin C,14.6,mg
5965,Folic Acid,59.1,mcg
5965,Calcium,71.8,mg
5965,Iron,1.5,mg
5965,Magnesium,0,mg
5965,Phosphorus,0,mg
5965,Sodium,6.5,mg
5965,Potassium,95.9,mg
5965,Zinc,0.8,mg
5966,Energy,116,cal
5966,Protein,5,g
5966,Carbohydrates,20.9,g
5966,Fiber,8.1,g
5966,Fat,1.5,g
5966,Cholesterol,0,mg
5966,Vitamin A,258.8,mcg
5966,Vitamin B1,0.1,mg
5966,Vitamin B2,0.1,mg
5966,Vitamin B3,1.1,mg
5966,Vitamin C,14.6,mg
5966,Folic Acid,59.1,mcg
5966,Calcium,71.8,mg
5966,Iron,1.5,mg
5966,Magnesium,0,mg
5966,Phosphorus,0,mg
5966,Sodium,6.5,mg
5966,Potassium,95.9,mg
5966,Zinc,0.8,mg
5967,Energy,48,cal
5967,Protein,0.7,g
5967,Carbohydrates,3.6,g
5967,Fiber,0.8,g
5967,Fat,3.4,g
5967,Cholesterol,0,mg
5967,Sodium,1.5,mg
5971,Energy,139,cal
5971,Protein,2.1,g
5971,Carbohydrates,29.7,g
5971,Fiber,2.4,g
5971,Fat,1.4,g
5971,Cholesterol,3.8,mg
5971,Sodium,28.4,mg
5972,Energy,59,cal
5972,Protein,0.8,g
5972,Carbohydrates,11.2,g
5972,Fiber,0.8,g
5972,Fat,1.3,g
5972,Cholesterol,3.8,mg
5972,Sodium,17.8,mg
5973,Energy,88,cal
5973,Protein,0.9,g
5973,Carbohydrates,9.9,g
5973,Fiber,1,g
5973,Fat,5.1,g
5973,Cholesterol,0,mg
5973,Vitamin A,130.4,mcg
5973,Vitamin B1,0.1,mg
5973,Vitamin B2,0,mg
5973,Vitamin B3,0.5,mg
5973,Vitamin C,15.1,mg
5973,Folic Acid,21.8,mcg
5973,Calcium,24.2,mg
5973,Iron,0.8,mg
5973,Magnesium,0,mg
5973,Phosphorus,0,mg
5973,Sodium,7.5,mg
5973,Potassium,148.3,mg
5973,Zinc,0.3,mg
5974,Energy,88,cal
5974,Protein,0.9,g
5974,Carbohydrates,9.9,g
5974,Fiber,1,g
5974,Fat,5.1,g
5974,Cholesterol,0,mg
5974,Vitamin A,130.4,mcg
5974,Vitamin B1,0.1,mg
5974,Vitamin B2,0,mg
5974,Vitamin B3,0.5,mg
5974,Vitamin C,15.1,mg
5974,Folic Acid,21.8,mcg
5974,Calcium,24.2,mg
5974,Iron,0.8,mg
5974,Magnesium,0,mg
5974,Phosphorus,0,mg
5974,Sodium,7.5,mg
5974,Potassium,148.3,mg
5974,Zinc,0.3,mg
5975,Energy,88,cal
5975,Protein,0.9,g
5975,Carbohydrates,9.9,g
5975,Fiber,1,g
5975,Fat,5.1,g
5975,Cholesterol,0,mg
5975,Vitamin A,130.4,mcg
5975,Vitamin B1,0.1,mg
5975,Vitamin B2,0,mg
5975,Vitamin B3,0.5,mg
5975,Vitamin C,15.1,mg
5975,Folic Acid,21.8,mcg
5975,Calcium,24.2,mg
5975,Iron,0.8,mg
5975,Magnesium,0,mg
5975,Phosphorus,0,mg
5975,Sodium,7.5,mg
5975,Potassium,148.3,mg
5975,Zinc,0.3,mg
5976,Energy,77,cal
5976,Protein,1.4,g
5976,Carbohydrates,15.1,g
5976,Fiber,0.5,g
5976,Fat,1.2,g
5976,Cholesterol,0,mg
5976,Vitamin A,35,mcg
5976,Vitamin B1,0,mg
5976,Vitamin B2,0,mg
5976,Vitamin B3,0.5,mg
5976,Vitamin C,4.9,mg
5976,Folic Acid,4,mcg
5976,Calcium,5.8,mg
5976,Iron,0.4,mg
5976,Magnesium,0,mg
5976,Phosphorus,0,mg
5976,Sodium,3.6,mg
5976,Potassium,74.6,mg
5976,Zinc,0.2,mg
5977,Energy,38,cal
5977,Protein,0.5,g
5977,Carbohydrates,6.2,g
5977,Fiber,0.6,g
5977,Fat,1.3,g
5977,Cholesterol,0,mg
5977,Vitamin A,74,mcg
5977,Vitamin B1,0,mg
5977,Vitamin B2,0,mg
5977,Vitamin B3,0.3,mg
5977,Vitamin C,8.6,mg
5977,Folic Acid,5,mcg
5977,Calcium,9.1,mg
5977,Iron,0.3,mg
5977,Magnesium,0,mg
5977,Phosphorus,0,mg
5977,Sodium,15.3,mg
5977,Potassium,87.1,mg
5977,Zinc,0.2,mg
5979,Energy,52,kcal
5979,Protein,1.9,gm
5979,Carbohydrate,10.6,gm
5979,Invisible Fat,0.2,gm
5979,Fibre,3.3,gm
5979,Vitamin A,577.6,mcg
5979,Vitamin C,19.2,mg
5980,Energy,52,kcal
5980,Protein,1.9,gm
5980,Carbohydrate,10.6,gm
5980,Invisible Fat,0.2,gm
5980,Fibre,3.3,gm
5980,Vitamin A,577.6,mcg
5980,Vitamin C,19.2,mg
5981,Energy,52,kcal
5981,Protein,1.9,gm
5981,Carbohydrate,10.6,gm
5981,Invisible Fat,0.2,gm
5981,Fibre,3.3,gm
5981,Vitamin A,577.6,mcg
5981,Vitamin C,19.2,mg
5982,Energy,220,cal
5982,Protein,2.7,g
5982,Carbohydrates,35.2,g
5982,Fiber,2.8,g
5982,Fat,7.8,g
5982,Cholesterol,0,mg
5982,Sodium,18.2,mg
5983,Energy,220,cal
5983,Protein,2.7,g
5983,Carbohydrates,35.2,g
5983,Fiber,2.8,g
5983,Fat,7.8,g
5983,Cholesterol,0,mg
5983,Sodium,18.2,mg
5984,Energy,220,cal
5984,Protein,2.7,g
5984,Carbohydrates,35.2,g
5984,Fiber,2.8,g
5984,Fat,7.8,g
5984,Cholesterol,0,mg
5984,Sodium,18.2,mg
5985,Energy,54,cal
5985,Protein,1.2,g
5985,Carbohydrates,3.9,g
5985,Fiber,0.4,g
5985,Fat,3.8,g
5985,Cholesterol,2.5,mg
5985,Vitamin A,65.5,mcg
5985,Vitamin B1,0,mg
5985,Vitamin B2,0,mg
5985,Vitamin B3,0.3,mg
5985,Vitamin C,2.3,mg
5985,Folic Acid,6.5,mcg
5985,Calcium,28.1,mg
5985,Iron,0.4,mg
5985,Magnesium,0,mg
5985,Phosphorus,0,mg
5985,Sodium,1.3,mg
5985,Potassium,30.5,mg
5985,Zinc,0.1,mg
5986,Energy,262,cal
5986,Protein,4.6,g
5986,Carbohydrates,32.2,g
5986,Fiber,2.6,g
5986,Fat,12.8,g
5986,Cholesterol,0,mg
5986,Vitamin A,1030.1,mcg
5986,Vitamin B1,0.1,mg
5986,Vitamin B2,0,mg
5986,Vitamin B3,0.7,mg
5986,Vitamin C,19.5,mg
5986,Folic Acid,4.6,mcg
5986,Calcium,38.3,mg
5986,Iron,0.9,mg
5986,Magnesium,0,mg
5986,Phosphorus,0,mg
5986,Sodium,78.5,mg
5986,Potassium,86,mg
5986,Zinc,0.1,mg
5987,Energy,95,cal
5987,Protein,1.5,g
5987,Carbohydrates,10.2,g
5987,Fiber,0.6,g
5987,Fat,5.5,g
5987,Cholesterol,1,mg
5987,Sodium,14.6,mg
5988,Energy,165,cal
5988,Protein,4.3,g
5988,Carbohydrates,14.5,g
5988,Fiber,1.1,g
5988,Fat,10.2,g
5988,Cholesterol,0,mg
5988,Vitamin A,279,mcg
5988,Vitamin B1,0.1,mg
5988,Vitamin B2,0,mg
5988,Vitamin B3,0.4,mg
5988,Vitamin C,7.2,mg
5988,Folic Acid,11.7,mcg
5988,Calcium,111.2,mg
5988,Iron,0.5,mg
5988,Magnesium,0,mg
5988,Phosphorus,0,mg
5988,Sodium,54.9,mg
5988,Potassium,141.3,mg
5988,Zinc,0.3,mg
5989,Energy,165,cal
5989,Protein,4.3,g
5989,Carbohydrates,14.5,g
5989,Fiber,1.1,g
5989,Fat,10.2,g
5989,Cholesterol,0,mg
5989,Vitamin A,279,mcg
5989,Vitamin B1,0.1,mg
5989,Vitamin B2,0,mg
5989,Vitamin B3,0.4,mg
5989,Vitamin C,7.2,mg
5989,Folic Acid,11.7,mcg
5989,Calcium,111.2,mg
5989,Iron,0.5,mg
5989,Magnesium,0,mg
5989,Phosphorus,0,mg
5989,Sodium,54.9,mg
5989,Potassium,141.3,mg
5989,Zinc,0.3,mg
5990,Energy,165,cal
5990,Protein,4.3,g
5990,Carbohydrates,14.5,g
5990,Fiber,1.1,g
5990,Fat,10.2,g
5990,Cholesterol,0,mg
5990,Vitamin A,279,mcg
5990,Vitamin B1,0.1,mg
5990,Vitamin B2,0,mg
5990,Vitamin B3,0.4,mg
5990,Vitamin C,7.2,mg
5990,Folic Acid,11.7,mcg
5990,Calcium,111.2,mg
5990,Iron,0.5,mg
5990,Magnesium,0,mg
5990,Phosphorus,0,mg
5990,Sodium,54.9,mg
5990,Potassium,141.3,mg
5990,Zinc,0.3,mg
5994,Energy,303,cal
5994,Protein,5.1,g
5994,Carbohydrates,36.7,g
5994,Fiber,3.3,g
5994,Fat,15.8,g
5994,Cholesterol,0,mg
5994,Sodium,17.3,mg
5995,Energy,303,cal
5995,Protein,5.1,g
5995,Carbohydrates,36.7,g
5995,Fiber,3.3,g
5995,Fat,15.8,g
5995,Cholesterol,0,mg
5995,Sodium,17.3,mg
5996,Energy,134,cal
5996,Protein,3.3,g
5996,Carbohydrates,14.9,g
5996,Fiber,0.9,g
5996,Fat,7,g
5996,Cholesterol,6.7,mg
5996,Sodium,85.8,mg
5997,Energy,134,cal
5997,Protein,3.3,g
5997,Carbohydrates,14.9,g
5997,Fiber,0.9,g
5997,Fat,7,g
5997,Cholesterol,6.7,mg
5997,Sodium,85.8,mg
5998,Energy,182,cal
5998,Protein,6.9,g
5998,Carbohydrates,14.9,g
5998,Fiber,2.8,g
5998,Fat,10.3,g
5998,Cholesterol,0,mg
5998,Vitamin A,260.3,mcg
5998,Vitamin B1,-0.1,mg
5998,Vitamin B2,-0.2,mg
5998,Vitamin B3,0.2,mg
5998,Vitamin C,10.4,mg
5998,Folic Acid,8.2,mcg
5998,Calcium,180.2,mg
5998,Iron,0.7,mg
5998,Magnesium,0,mg
5998,Phosphorus,0,mg
5998,Sodium,12.8,mg
5998,Potassium,126.9,mg
5998,Zinc,0.2,mg
5999,Energy,117,cal
5999,Protein,2.6,g
5999,Carbohydrates,11.2,g
5999,Fiber,0.9,g
5999,Fat,6.9,g
5999,Cholesterol,0,mg
5999,Sodium,2.8,mg
6000,Energy,59,cal
6000,Protein,1.2,g
6000,Carbohydrates,7.7,g
6000,Fiber,0.3,g
6000,Fat,2.5,g
6000,Cholesterol,0,mg
6000,Vitamin A,130.4,mcg
6000,Vitamin B1,0,mg
6000,Vitamin B2,0,mg
6000,Vitamin B3,0.3,mg
6000,Vitamin C,3.1,mg
6000,Folic Acid,2.4,mcg
6000,Calcium,14,mg
6000,Iron,0.2,mg
6000,Magnesium,0,mg
6000,Phosphorus,0,mg
6000,Sodium,3.1,mg
6000,Potassium,39.2,mg
6000,Zinc,0.1,mg
6001,Energy,223,cal
6001,Protein,6.8,g
6001,Carbohydrates,26.6,g
6001,Fiber,1.8,g
6001,Fat,10,g
6001,Cholesterol,0,mg
6001,Vitamin A,269.6,mcg
6001,Vitamin B1,0.1,mg
6001,Vitamin B2,0,mg
6001,Vitamin B3,1.3,mg
6001,Vitamin C,20,mg
6001,Folic Acid,18.3,mcg
6001,Calcium,183.1,mg
6001,Iron,1.1,mg
6001,Magnesium,0,mg
6001,Phosphorus,0,mg
6001,Sodium,61.4,mg
6001,Potassium,280.6,mg
6001,Zinc,0.6,mg
6002,Energy,223,cal
6002,Protein,6.8,g
6002,Carbohydrates,26.6,g
6002,Fiber,1.8,g
6002,Fat,10,g
6002,Cholesterol,0,mg
6002,Vitamin A,269.6,mcg
6002,Vitamin B1,0.1,mg
6002,Vitamin B2,0,mg
6002,Vitamin B3,1.3,mg
6002,Vitamin C,20,mg
6002,Folic Acid,18.3,mcg
6002,Calcium,183.1,mg
6002,Iron,1.1,mg
6002,Magnesium,0,mg
6002,Phosphorus,0,mg
6002,Sodium,61.4,mg
6002,Potassium,280.6,mg
6002,Zinc,0.6,mg
6003,Energy,223,cal
6003,Protein,6.8,g
6003,Carbohydrates,26.6,g
6003,Fiber,1.8,g
6003,Fat,10,g
6003,Cholesterol,0,mg
6003,Vitamin A,269.6,mcg
6003,Vitamin B1,0.1,mg
6003,Vitamin B2,0,mg
6003,Vitamin B3,1.3,mg
6003,Vitamin C,20,mg
6003,Folic Acid,18.3,mcg
6003,Calcium,183.1,mg
6003,Iron,1.1,mg
6003,Magnesium,0,mg
6003,Phosphorus,0,mg
6003,Sodium,61.4,mg
6003,Potassium,280.6,mg
6003,Zinc,0.6,mg
6004,Energy,91,cal
6004,Protein,2.3,g
6004,Carbohydrates,14.1,g
6004,Fiber,0.5,g
6004,Fat,2.8,g
6004,Cholesterol,0,mg
6004,Sodium,4.7,mg
6005,Energy,118,cal
6005,Protein,1.3,g
6005,Carbohydrates,10.5,g
6005,Fiber,0.3,g
6005,Fat,7.9,g
6005,Cholesterol,0,mg
6005,Sodium,3.2,mg
6006,Energy,57,cal
6006,Protein,1.2,g
6006,Carbohydrates,12.9,g
6006,Fiber,1.4,g
6006,Fat,0.1,g
6006,Cholesterol,0,mg
6006,Vitamin A,123.6,mcg
6006,Vitamin B1,0.2,mg
6006,Vitamin B2,0,mg
6006,Vitamin B3,0.7,mg
6006,Vitamin C,33.3,mg
6006,Folic Acid,12.7,mcg
6006,Calcium,18.9,mg
6006,Iron,0.5,mg
6006,Magnesium,0,mg
6006,Phosphorus,0,mg
6006,Sodium,7.3,mg
6006,Potassium,152.1,mg
6006,Zinc,0.3,mg
6007,Energy,57,cal
6007,Protein,1.2,g
6007,Carbohydrates,12.9,g
6007,Fiber,1.4,g
6007,Fat,0.1,g
6007,Cholesterol,0,mg
6007,Vitamin A,123.6,mcg
6007,Vitamin B1,0.2,mg
6007,Vitamin B2,0,mg
6007,Vitamin B3,0.7,mg
6007,Vitamin C,33.3,mg
6007,Folic Acid,12.7,mcg
6007,Calcium,18.9,mg
6007,Iron,0.5,mg
6007,Magnesium,0,mg
6007,Phosphorus,0,mg
6007,Sodium,7.3,mg
6007,Potassium,152.1,mg
6007,Zinc,0.3,mg
6009,Energy,242,cal
6009,Protein,1.8,g
6009,Carbohydrates,24.9,g
6009,Fiber,1.9,g
6009,Fat,15.1,g
6009,Cholesterol,0,mg
6009,Sodium,12.1,mg
6010,Energy,217,cal
6010,Protein,4.4,g
6010,Carbohydrates,35.2,g
6010,Fiber,1.3,g
6010,Fat,6.5,g
6010,Cholesterol,18.8,mg
6010,Sodium,69.5,mg
6011,Energy,128,cal
6011,Protein,1.1,g
6011,Carbohydrates,14,g
6011,Fiber,1,g
6011,Fat,7.6,g
6011,Cholesterol,0,mg
6011,Vitamin A,79,mcg
6011,Vitamin B1,0.1,mg
6011,Vitamin B2,0,mg
6011,Vitamin B3,0.7,mg
6011,Vitamin C,10.8,mg
6011,Folic Acid,9.6,mcg
6011,Calcium,16.9,mg
6011,Iron,0.4,mg
6011,Magnesium,0,mg
6011,Phosphorus,0,mg
6011,Sodium,6.4,mg
6011,Potassium,153.5,mg
6011,Zinc,0.4,mg
6012,Energy,61,cal
6012,Protein,0.6,g
6012,Carbohydrates,6.1,g
6012,Fiber,0.4,g
6012,Fat,3.9,g
6012,Cholesterol,0,mg
6012,Vitamin A,36.7,mcg
6012,Vitamin B1,0,mg
6012,Vitamin B2,0,mg
6012,Vitamin B3,0.4,mg
6012,Vitamin C,2,mg
6012,Folic Acid,7.3,mcg
6012,Calcium,4.7,mg
6012,Iron,0.3,mg
6012,Magnesium,0,mg
6012,Phosphorus,0,mg
6012,Sodium,1.4,mg
6012,Potassium,36.3,mg
6012,Zinc,0.1,mg
6013,Energy,158,cal
6013,Protein,1.9,g
6013,Carbohydrates,25.5,g
6013,Fiber,1.5,g
6013,Fat,5.7,g
6013,Cholesterol,0,mg
6013,Vitamin A,171,mcg
6013,Vitamin B1,0.1,mg
6013,Vitamin B2,0,mg
6013,Vitamin B3,1,mg
6013,Vitamin C,18.9,mg
6013,Folic Acid,14.6,mcg
6013,Calcium,34.8,mg
6013,Iron,0.8,mg
6013,Magnesium,0,mg
6013,Phosphorus,0,mg
6013,Sodium,12.5,mg
6013,Potassium,279.5,mg
6013,Zinc,0.6,mg
6014,Energy,204,cal
6014,Protein,2.4,g
6014,Carbohydrates,18.3,g
6014,Fiber,5.2,g
6014,Fat,13.6,g
6014,Cholesterol,0,mg
6014,Vitamin A,99.9,mcg
6014,Vitamin B1,0.1,mg
6014,Vitamin B2,0,mg
6014,Vitamin B3,1,mg
6014,Vitamin C,16.1,mg
6014,Folic Acid,20,mcg
6014,Calcium,18.6,mg
6014,Iron,0.9,mg
6014,Magnesium,0,mg
6014,Phosphorus,0,mg
6014,Sodium,9.3,mg
6014,Potassium,180.7,mg
6014,Zinc,0.3,mg
6015,Energy,204,cal
6015,Protein,2.4,g
6015,Carbohydrates,18.3,g
6015,Fiber,5.2,g
6015,Fat,13.6,g
6015,Cholesterol,0,mg
6015,Vitamin A,99.9,mcg
6015,Vitamin B1,0.1,mg
6015,Vitamin B2,0,mg
6015,Vitamin B3,1,mg
6015,Vitamin C,16.1,mg
6015,Folic Acid,20,mcg
6015,Calcium,18.6,mg
6015,Iron,0.9,mg
6015,Magnesium,0,mg
6015,Phosphorus,0,mg
6015,Sodium,9.3,mg
6015,Potassium,180.7,mg
6015,Zinc,0.3,mg
6016,Energy,416,cal
6016,Protein,0.9,g
6016,Carbohydrates,13,g
6016,Fiber,1,g
6016,Fat,40.1,g
6016,Cholesterol,0,mg
6016,Sodium,6.3,mg
6017,Energy,118,cal
6017,Protein,0.8,g
6017,Carbohydrates,11.7,g
6017,Fiber,0.9,g
6017,Fat,7.6,g
6017,Cholesterol,0,mg
6017,Sodium,5.7,mg
6018,Energy,68,cal
6018,Protein,1.6,g
6018,Carbohydrates,10.9,g
6018,Fiber,1.7,g
6018,Fat,2.3,g
6018,Cholesterol,0,mg
6018,Vitamin A,188.2,mcg
6018,Vitamin B1,0.1,mg
6018,Vitamin B2,0.1,mg
6018,Vitamin B3,0.8,mg
6018,Vitamin C,23.2,mg
6018,Folic Acid,31.3,mcg
6018,Calcium,29.1,mg
6018,Iron,0.6,mg
6018,Magnesium,0,mg
6018,Phosphorus,0,mg
6018,Sodium,19.2,mg
6018,Potassium,284.1,mg
6018,Zinc,0.4,mg
6019,Energy,27,cal
6019,Protein,0.4,g
6019,Carbohydrates,5.9,g
6019,Fiber,1.4,g
6019,Fat,0.2,g
6019,Cholesterol,0,mg
6019,Vitamin A,31.6,mcg
6019,Vitamin B1,0,mg
6019,Vitamin B2,0,mg
6019,Vitamin B3,0.1,mg
6019,Vitamin C,20.5,mg
6019,Folic Acid,4.5,mcg
6019,Calcium,11,mg
6019,Iron,0.3,mg
6019,Magnesium,0,mg
6019,Phosphorus,0,mg
6019,Sodium,8.6,mg
6019,Potassium,27.4,mg
6019,Zinc,0.1,mg
6020,Energy,27,cal
6020,Protein,0.4,g
6020,Carbohydrates,5.9,g
6020,Fiber,1.4,g
6020,Fat,0.2,g
6020,Cholesterol,0,mg
6020,Vitamin A,31.6,mcg
6020,Vitamin B1,0,mg
6020,Vitamin B2,0,mg
6020,Vitamin B3,0.1,mg
6020,Vitamin C,20.5,mg
6020,Folic Acid,4.5,mcg
6020,Calcium,11,mg
6020,Iron,0.3,mg
6020,Magnesium,0,mg
6020,Phosphorus,0,mg
6020,Sodium,8.6,mg
6020,Potassium,27.4,mg
6020,Zinc,0.1,mg
6021,Energy,279,cal
6021,Protein,9.3,g
6021,Carbohydrates,22.7,g
6021,Fiber,1.5,g
6021,Fat,15.9,g
6021,Cholesterol,0,mg
6021,Vitamin A,545.9,mcg
6021,Vitamin B1,0.1,mg
6021,Vitamin B2,0.1,mg
6021,Vitamin B3,0.9,mg
6021,Vitamin C,14.5,mg
6021,Folic Acid,19.9,mcg
6021,Calcium,239.1,mg
6021,Iron,0.8,mg
6021,Magnesium,0,mg
6021,Phosphorus,0,mg
6021,Sodium,78.3,mg
6021,Potassium,267.7,mg
6021,Zinc,0.4,mg
6022,Energy,174,cal
6022,Protein,3.8,g
6022,Carbohydrates,12.3,g
6022,Fiber,0.8,g
6022,Fat,10.6,g
6022,Cholesterol,0,mg
6022,Vitamin A,362,mcg
6022,Vitamin B1,0.1,mg
6022,Vitamin B2,0.1,mg
6022,Vitamin B3,0.5,mg
6022,Vitamin C,8.3,mg
6022,Folic Acid,12.1,mcg
6022,Calcium,158.7,mg
6022,Iron,0.5,mg
6022,Magnesium,0,mg
6022,Phosphorus,0,mg
6022,Sodium,51.3,mg
6022,Potassium,159.3,mg
6022,Zinc,0.3,mg
6023,Energy,174,cal
6023,Protein,3.8,g
6023,Carbohydrates,12.3,g
6023,Fiber,0.8,g
6023,Fat,10.6,g
6023,Cholesterol,0,mg
6023,Vitamin A,362,mcg
6023,Vitamin B1,0.1,mg
6023,Vitamin B2,0.1,mg
6023,Vitamin B3,0.5,mg
6023,Vitamin C,8.3,mg
6023,Folic Acid,12.1,mcg
6023,Calcium,158.7,mg
6023,Iron,0.5,mg
6023,Magnesium,0,mg
6023,Phosphorus,0,mg
6023,Sodium,51.3,mg
6023,Potassium,159.3,mg
6023,Zinc,0.3,mg
6024,Energy,226,cal
6024,Protein,3.8,g
6024,Carbohydrates,17.7,g
6024,Fiber,2.5,g
6024,Fat,15.9,g
6024,Cholesterol,0,mg
6024,Sodium,7.3,mg
6025,Energy,226,cal
6025,Protein,3.8,g
6025,Carbohydrates,17.7,g
6025,Fiber,2.5,g
6025,Fat,15.9,g
6025,Cholesterol,0,mg
6025,Sodium,7.3,mg
6026,Energy,226,cal
6026,Protein,3.8,g
6026,Carbohydrates,17.7,g
6026,Fiber,2.5,g
6026,Fat,15.9,g
6026,Cholesterol,0,mg
6026,Sodium,7.3,mg
6027,Energy,9,cal
6027,Protein,0.4,g
6027,Carbohydrates,1.4,g
6027,Fiber,0.5,g
6027,Fat,0.2,g
6027,Cholesterol,0,mg
6027,Vitamin A,659.1,mcg
6027,Vitamin B1,0,mg
6027,Vitamin B2,0,mg
6027,Vitamin B3,0.1,mg
6027,Vitamin C,15,mg
6027,Folic Acid,0.2,mcg
6027,Calcium,23.2,mg
6027,Iron,0.2,mg
6027,Magnesium,0,mg
6027,Phosphorus,0,mg
6027,Sodium,5.8,mg
6027,Potassium,41.2,mg
6027,Zinc,0,mg
6028,Energy,389,cal
6028,Protein,1.1,g
6028,Carbohydrates,3.3,g
6028,Fiber,0.3,g
6028,Fat,41.7,g
6028,Cholesterol,0,mg
6028,Vitamin A,402,mcg
6028,Vitamin B1,0,mg
6028,Vitamin B2,0,mg
6028,Vitamin B3,0,mg
6028,Vitamin C,5.4,mg
6028,Folic Acid,1.2,mcg
6028,Calcium,7.7,mg
6028,Iron,0.2,mg
6028,Magnesium,0,mg
6028,Phosphorus,0,mg
6028,Sodium,75.6,mg
6028,Potassium,33.4,mg
6028,Zinc,0,mg
6029,Energy,389,cal
6029,Protein,1.1,g
6029,Carbohydrates,3.3,g
6029,Fiber,0.3,g
6029,Fat,41.7,g
6029,Cholesterol,0,mg
6029,Vitamin A,402,mcg
6029,Vitamin B1,0,mg
6029,Vitamin B2,0,mg
6029,Vitamin B3,0,mg
6029,Vitamin C,5.4,mg
6029,Folic Acid,1.2,mcg
6029,Calcium,7.7,mg
6029,Iron,0.2,mg
6029,Magnesium,0,mg
6029,Phosphorus,0,mg
6029,Sodium,75.6,mg
6029,Potassium,33.4,mg
6029,Zinc,0,mg
6030,Energy,315,cal
6030,Protein,31.5,g
6030,Carbohydrates,15.3,g
6030,Fiber,16.8,g
6030,Fat,14.2,g
6030,Cholesterol,0,mg
6030,Sodium,1.5,mg
6031,Energy,315,cal
6031,Protein,31.5,g
6031,Carbohydrates,15.3,g
6031,Fiber,16.8,g
6031,Fat,14.2,g
6031,Cholesterol,0,mg
6031,Sodium,1.5,mg
6032,Energy,303,cal
6032,Protein,9.4,g
6032,Carbohydrates,30.5,g
6032,Fiber,3.2,g
6032,Fat,16.4,g
6032,Cholesterol,0,mg
6032,Sodium,1.2,mg
6033,Energy,199,cal
6033,Protein,4.2,g
6033,Carbohydrates,35,g
6033,Fiber,3.7,g
6033,Fat,4.8,g
6033,Cholesterol,0,mg
6033,Sodium,9.9,mg
6035,Energy,64,cal
6035,Protein,0.9,g
6035,Carbohydrates,8.9,g
6035,Fiber,0.1,g
6035,Fat,2.7,g
6035,Cholesterol,0,mg
6035,Sodium,0,mg
6036,Energy,654,cal
6036,Protein,8.9,g
6036,Carbohydrates,97,g
6036,Fiber,0.7,g
6036,Fat,25.3,g
6036,Cholesterol,0.1,mg
6036,Sodium,0,mg
6038,Energy,88,cal
6038,Protein,1.6,g
6038,Carbohydrates,10.5,g
6038,Fiber,0,g
6038,Fat,4.3,g
6038,Cholesterol,7.8,mg
6038,Sodium,26.4,mg
6039,Energy,88,cal
6039,Protein,1.6,g
6039,Carbohydrates,10.5,g
6039,Fiber,0,g
6039,Fat,4.3,g
6039,Cholesterol,7.8,mg
6039,Sodium,26.4,mg
6040,Energy,88,cal
6040,Protein,1.6,g
6040,Carbohydrates,10.5,g
6040,Fiber,0,g
6040,Fat,4.3,g
6040,Cholesterol,7.8,mg
6040,Sodium,26.4,mg
6041,Energy,196,cal
6041,Protein,4.2,g
6041,Carbohydrates,11.2,g
6041,Fiber,0,g
6041,Fat,17.4,g
6041,Cholesterol,0,mg
6041,Vitamin A,324.2,mcg
6041,Vitamin B1,0.1,mg
6041,Vitamin B2,0.1,mg
6041,Vitamin B3,0.4,mg
6041,Vitamin C,0.1,mg
6041,Folic Acid,11.6,mcg
6041,Calcium,29.3,mg
6041,Iron,1.4,mg
6041,Magnesium,0,mg
6041,Phosphorus,0,mg
6041,Sodium,48.9,mg
6041,Potassium,144.4,mg
6041,Zinc,0.1,mg
6042,Energy,196,cal
6042,Protein,4.2,g
6042,Carbohydrates,11.2,g
6042,Fiber,0,g
6042,Fat,17.4,g
6042,Cholesterol,0,mg
6042,Vitamin A,324.2,mcg
6042,Vitamin B1,0.1,mg
6042,Vitamin B2,0.1,mg
6042,Vitamin B3,0.4,mg
6042,Vitamin C,0.1,mg
6042,Folic Acid,11.6,mcg
6042,Calcium,29.3,mg
6042,Iron,1.4,mg
6042,Magnesium,0,mg
6042,Phosphorus,0,mg
6042,Sodium,48.9,mg
6042,Potassium,144.4,mg
6042,Zinc,0.1,mg
6043,Energy,196,cal
6043,Protein,4.2,g
6043,Carbohydrates,11.2,g
6043,Fiber,0,g
6043,Fat,17.4,g
6043,Cholesterol,0,mg
6043,Vitamin A,324.2,mcg
6043,Vitamin B1,0.1,mg
6043,Vitamin B2,0.1,mg
6043,Vitamin B3,0.4,mg
6043,Vitamin C,0.1,mg
6043,Folic Acid,11.6,mcg
6043,Calcium,29.3,mg
6043,Iron,1.4,mg
6043,Magnesium,0,mg
6043,Phosphorus,0,mg
6043,Sodium,48.9,mg
6043,Potassium,144.4,mg
6043,Zinc,0.1,mg
6044,Energy,177,cal
6044,Protein,5.8,g
6044,Carbohydrates,33.9,g
6044,Fiber,3.4,g
6044,Fat,2.1,g
6044,Cholesterol,0,mg
6044,Sodium,7,mg
6047,Energy,21,cal
6047,Protein,0.1,g
6047,Carbohydrates,4.9,g
6047,Fiber,0.2,g
6047,Fat,0.1,g
6047,Cholesterol,0,mg
6047,Sodium,484.6,mg
6048,Energy,61,cal
6048,Protein,2.9,g
6048,Carbohydrates,10.8,g
6048,Fiber,2.1,g
6048,Fat,1,g
6048,Cholesterol,0,mg
6048,Sodium,313.1,mg
6049,Energy,61,cal
6049,Protein,2.9,g
6049,Carbohydrates,10.8,g
6049,Fiber,2.1,g
6049,Fat,1,g
6049,Cholesterol,0,mg
6049,Sodium,313.1,mg
6050,Energy,110,cal
6050,Protein,2.6,g
6050,Carbohydrates,18.8,g
6050,Fiber,0.2,g
6050,Fat,2.8,g
6050,Cholesterol,0,mg
6050,Vitamin A,41.8,mcg
6050,Vitamin B1,0,mg
6050,Vitamin B2,0,mg
6050,Vitamin B3,0.6,mg
6050,Vitamin C,2.2,mg
6050,Calcium,10.5,mg
6050,Iron,0.8,mg
6050,Folic Acid,1,mcg
6050,Sodium,2.1,mg
6050,Potassium,43.4,mg
6050,Zinc,0.1,mg
6051,Energy,80,cal
6051,Protein,1.2,g
6051,Carbohydrates,18.5,g
6051,Fiber,1.5,g
6051,Fat,0.2,g
6051,Cholesterol,0,mg
6051,Sodium,0.9,mg
6052,Energy,2,cal
6052,Protein,0.2,g
6052,Carbohydrates,0.2,g
6052,Fiber,0.3,g
6052,Fat,0,g
6052,Cholesterol,0,mg
6052,Sodium,0,mg
6053,Energy,143,cal
6053,Protein,2.7,g
6053,Carbohydrates,15.9,g
6053,Fiber,2.8,g
6053,Fat,7.9,g
6053,Cholesterol,0,mg
6053,Sodium,4.3,mg
6054,Energy,143,cal
6054,Protein,2.7,g
6054,Carbohydrates,15.9,g
6054,Fiber,2.8,g
6054,Fat,7.9,g
6054,Cholesterol,0,mg
6054,Sodium,4.3,mg
6055,Energy,50,calories
6055,Protein,0.8,gm
6055,Carbohydrate,6.6,gm
6055,Fat,2.3,gm
6055,Iron,0.6,mg
6055,Calcium,58.5,mg
6055,Fibre,0.6,gm
6057,Energy,46,cal
6057,Protein,0.9,g
6057,Carbohydrates,4,g
6057,Fiber,0.5,g
6057,Fat,2.9,g
6057,Cholesterol,0,mg
6057,Sodium,2.6,mg
6058,Energy,164,cal
6058,Protein,10.6,g
6058,Carbohydrates,25.5,g
6058,Fiber,6.8,g
6058,Fat,2.1,g
6058,Cholesterol,0,mg
6058,Sodium,142.1,mg
6060,Energy,93,cal
6060,Protein,2.4,g
6060,Carbohydrates,7.2,g
6060,Fiber,0.9,g
6060,Fat,5.8,g
6060,Cholesterol,0,mg
6060,Vitamin A,275.8,mcg
6060,Vitamin B1,0.1,mg
6060,Vitamin B2,0.1,mg
6060,Vitamin B3,0.7,mg
6060,Vitamin C,3.3,mg
6060,Folic Acid,17.6,mcg
6060,Calcium,41.8,mg
6060,Iron,0.6,mg
6060,Magnesium,0,mg
6060,Phosphorus,0,mg
6060,Sodium,59.3,mg
6060,Potassium,197.7,mg
6060,Zinc,0.4,mg
6061,Energy,132,cal
6061,Protein,1.1,g
6061,Carbohydrates,6.1,g
6061,Fiber,1.8,g
6061,Fat,11.4,g
6061,Cholesterol,0,mg
6061,Sodium,11.8,mg
6062,Energy,103,cal
6062,Protein,1.3,g
6062,Carbohydrates,8.2,g
6062,Fiber,0.9,g
6062,Fat,7.1,g
6062,Cholesterol,1.2,mg
6062,Sodium,8.2,mg
6063,Energy,16,cal
6063,Protein,0.5,g
6063,Carbohydrates,1.1,g
6063,Fiber,0.2,g
6063,Fat,1,g
6063,Cholesterol,0.7,mg
6063,Sodium,1.8,mg
6064,Energy,66,cal
6064,Protein,3.2,g
6064,Carbohydrates,12.6,g
6064,Fiber,1.6,g
6064,Fat,0.2,g
6064,Cholesterol,0,mg
6064,Sodium,12.9,mg
6065,Energy,66,cal
6065,Protein,3.2,g
6065,Carbohydrates,12.6,g
6065,Fiber,1.6,g
6065,Fat,0.2,g
6065,Cholesterol,0,mg
6065,Sodium,12.9,mg
6066,Energy,66,cal
6066,Protein,3.2,g
6066,Carbohydrates,12.6,g
6066,Fiber,1.6,g
6066,Fat,0.2,g
6066,Cholesterol,0,mg
6066,Sodium,12.9,mg
6068,Energy,152,cal
6068,Protein,4.3,g
6068,Carbohydrates,12.5,g
6068,Fiber,3.2,g
6068,Fat,9.5,g
6068,Cholesterol,0,mg
6068,Sodium,9.6,mg
6069,Energy,177,cal
6069,Protein,4.8,g
6069,Carbohydrates,12.9,g
6069,Fiber,4.1,g
6069,Fat,11.8,g
6069,Cholesterol,0,mg
6069,Sodium,11.5,mg
6070,Energy,177,cal
6070,Protein,4.8,g
6070,Carbohydrates,12.9,g
6070,Fiber,4.1,g
6070,Fat,11.8,g
6070,Cholesterol,0,mg
6070,Sodium,11.5,mg
6071,Energy,58,cal
6071,Protein,1.6,g
6071,Carbohydrates,9.1,g
6071,Fiber,1.4,g
6071,Fat,1.7,g
6071,Cholesterol,0,mg
6071,Sodium,1.8,mg
6072,Energy,119,cal
6072,Protein,3.7,g
6072,Carbohydrates,7.4,g
6072,Fiber,0.8,g
6072,Fat,7.1,g
6072,Cholesterol,8,mg
6072,Sodium,15.2,mg
6073,Energy,120,cal
6073,Protein,3.8,g
6073,Carbohydrates,5.4,g
6073,Fiber,0.3,g
6073,Fat,7.4,g
6073,Cholesterol,12,mg
6073,Sodium,16,mg
6074,Energy,120,cal
6074,Protein,3.8,g
6074,Carbohydrates,5.4,g
6074,Fiber,0.3,g
6074,Fat,7.4,g
6074,Cholesterol,12,mg
6074,Sodium,16,mg
6075,Energy,120,cal
6075,Protein,3.8,g
6075,Carbohydrates,5.4,g
6075,Fiber,0.3,g
6075,Fat,7.4,g
6075,Cholesterol,12,mg
6075,Sodium,16,mg
6076,Energy,221,cal
6076,Protein,8.3,g
6076,Carbohydrates,39.5,g
6076,Fiber,6.1,g
6076,Fat,3.5,g
6076,Cholesterol,0,mg
6076,Sodium,22.2,mg
6077,Energy,49,cal
6077,Protein,0.1,g
6077,Carbohydrates,3.8,g
6077,Fiber,0.2,g
6077,Fat,3.7,g
6077,Cholesterol,0,mg
6077,Sodium,1113.2,mg
6078,Energy,112,cal
6078,Protein,1.1,g
6078,Carbohydrates,9.8,g
6078,Fiber,1.3,g
6078,Fat,7.6,g
6078,Cholesterol,0,mg
6078,Vitamin A,315.1,mcg
6078,Vitamin B1,0.1,mg
6078,Vitamin B2,0,mg
6078,Vitamin B3,0.6,mg
6078,Vitamin C,19.3,mg
6078,Folic Acid,17.6,mcg
6078,Calcium,32.1,mg
6078,Iron,0.5,mg
6078,Magnesium,0,mg
6078,Phosphorus,0,mg
6078,Sodium,9.7,mg
6078,Potassium,152.7,mg
6078,Zinc,0.2,mg
6080,Energy,151,cal
6080,Protein,4.8,g
6080,Carbohydrates,8.7,g
6080,Fiber,1.2,g
6080,Fat,9.1,g
6080,Cholesterol,12,mg
6080,Sodium,19.9,mg
6081,Energy,151,cal
6081,Protein,4.8,g
6081,Carbohydrates,8.7,g
6081,Fiber,1.2,g
6081,Fat,9.1,g
6081,Cholesterol,12,mg
6081,Sodium,19.9,mg
6082,Energy,151,cal
6082,Protein,4.8,g
6082,Carbohydrates,8.7,g
6082,Fiber,1.2,g
6082,Fat,9.1,g
6082,Cholesterol,12,mg
6082,Sodium,19.9,mg
6083,Energy,151,cal
6083,Protein,4.8,g
6083,Carbohydrates,8.7,g
6083,Fiber,1.2,g
6083,Fat,9.1,g
6083,Cholesterol,12,mg
6083,Sodium,19.9,mg
6084,Energy,151,cal
6084,Protein,4.8,g
6084,Carbohydrates,8.7,g
6084,Fiber,1.2,g
6084,Fat,9.1,g
6084,Cholesterol,12,mg
6084,Sodium,19.9,mg
6085,Energy,99,cal
6085,Protein,1.4,g
6085,Carbohydrates,7.9,g
6085,Fiber,0,g
6085,Fat,6.7,g
6085,Cholesterol,1,mg
6085,Sodium,2.1,mg
6086,Energy,99,cal
6086,Protein,1.4,g
6086,Carbohydrates,7.9,g
6086,Fiber,0,g
6086,Fat,6.7,g
6086,Cholesterol,1,mg
6086,Sodium,2.1,mg
6087,Energy,99,cal
6087,Protein,1.4,g
6087,Carbohydrates,7.9,g
6087,Fiber,0,g
6087,Fat,6.7,g
6087,Cholesterol,1,mg
6087,Sodium,2.1,mg
6088,Energy,99,cal
6088,Protein,1.4,g
6088,Carbohydrates,7.9,g
6088,Fiber,0,g
6088,Fat,6.7,g
6088,Cholesterol,1,mg
6088,Sodium,2.1,mg
6089,Energy,99,cal
6089,Protein,1.4,g
6089,Carbohydrates,7.9,g
6089,Fiber,0,g
6089,Fat,6.7,g
6089,Cholesterol,1,mg
6089,Sodium,2.1,mg
6090,Energy,99,cal
6090,Protein,1.4,g
6090,Carbohydrates,7.9,g
6090,Fiber,0,g
6090,Fat,6.7,g
6090,Cholesterol,1,mg
6090,Sodium,2.1,mg
6091,Energy,101,cal
6091,Protein,1.3,g
6091,Carbohydrates,7.5,g
6091,Fiber,0.2,g
6091,Fat,7.4,g
6091,Cholesterol,0,mg
6091,Sodium,2.2,mg
6092,Energy,102,cal
6092,Protein,2.9,g
6092,Carbohydrates,3.4,g
6092,Fiber,0,g
6092,Fat,7,g
6092,Cholesterol,10.7,mg
6092,Sodium,13.2,mg
6093,Energy,36,cal
6093,Protein,0,g
6093,Carbohydrates,0,g
6093,Fiber,0,g
6093,Fat,4,g
6093,Cholesterol,0,mg
6093,Sodium,0,mg
6094,Energy,305,cal
6094,Protein,5.1,g
6094,Carbohydrates,49.8,g
6094,Fiber,5.5,g
6094,Fat,9.5,g
6094,Cholesterol,0,mg
6094,Sodium,8.6,mg
6095,Energy,105,cal
6095,Protein,2.5,g
6095,Carbohydrates,15.6,g
6095,Fiber,2.5,g
6095,Fat,3.9,g
6095,Cholesterol,0,mg
6095,Sodium,4.4,mg
6096,Energy,105,cal
6096,Protein,2.5,g
6096,Carbohydrates,15.6,g
6096,Fiber,2.5,g
6096,Fat,3.9,g
6096,Cholesterol,0,mg
6096,Sodium,4.4,mg
6097,Energy,105,cal
6097,Protein,2.5,g
6097,Carbohydrates,15.6,g
6097,Fiber,2.5,g
6097,Fat,3.9,g
6097,Cholesterol,0,mg
6097,Sodium,4.4,mg
6098,Energy,105,cal
6098,Protein,2.5,g
6098,Carbohydrates,15.6,g
6098,Fiber,2.5,g
6098,Fat,3.9,g
6098,Cholesterol,0,mg
6098,Sodium,4.4,mg
6099,Energy,105,cal
6099,Protein,2.5,g
6099,Carbohydrates,15.6,g
6099,Fiber,2.5,g
6099,Fat,3.9,g
6099,Cholesterol,0,mg
6099,Sodium,4.4,mg
6100,Energy,162,cal
6100,Protein,4.8,g
6100,Carbohydrates,29.7,g
6100,Fiber,4.1,g
6100,Fat,3.2,g
6100,Cholesterol,0,mg
6100,Sodium,8.2,mg
6101,Energy,135,cal
6101,Protein,2.2,g
6101,Carbohydrates,20,g
6101,Fiber,1.1,g
6101,Fat,5.2,g
6101,Cholesterol,0,mg
6101,Sodium,7.2,mg
6103,Energy,152,cal
6103,Protein,6.9,g
6103,Carbohydrates,23.7,g
6103,Fiber,4.4,g
6103,Fat,3.4,g
6103,Cholesterol,0,mg
6103,Sodium,22.2,mg
6104,Energy,93,cal
6104,Protein,4.5,g
6104,Carbohydrates,12.7,g
6104,Fiber,5.5,g
6104,Fat,2.7,g
6104,Cholesterol,0,mg
6104,Sodium,11.3,mg
6105,Energy,120,cal
6105,Protein,3.6,g
6105,Carbohydrates,10.1,g
6105,Fiber,3.4,g
6105,Fat,6.4,g
6105,Cholesterol,6,mg
6105,Sodium,14.2,mg
6108,Energy,246,cal
6108,Protein,6.2,g
6108,Carbohydrates,32.4,g
6108,Fiber,0.3,g
6108,Fat,8.9,g
6108,Cholesterol,18,mg
6108,Sodium,43.9,mg
6109,Energy,32,cal
6109,Protein,1.6,g
6109,Carbohydrates,0.9,g
6109,Fiber,0.1,g
6109,Fat,2.4,g
6109,Cholesterol,6.3,mg
6109,Sodium,72.6,mg
6110,Energy,295,cal
6110,Protein,9.3,g
6110,Carbohydrates,30.4,g
6110,Fiber,0.9,g
6110,Fat,11.7,g
6110,Cholesterol,24,mg
6110,Sodium,62,mg
6111,Energy,295,cal
6111,Protein,9.3,g
6111,Carbohydrates,30.4,g
6111,Fiber,0.9,g
6111,Fat,11.7,g
6111,Cholesterol,24,mg
6111,Sodium,62,mg
6112,Energy,260,cal
6112,Protein,5.8,g
6112,Carbohydrates,3.2,g
6112,Fiber,0,g
6112,Fat,25.4,g
6112,Cholesterol,18,mg
6112,Sodium,254.7,mg
6113,Energy,211,cal
6113,Protein,6,g
6113,Carbohydrates,13.2,g
6113,Fiber,1.4,g
6113,Fat,15.8,g
6113,Cholesterol,0,mg
6113,Sodium,63.5,mg
6114,Energy,656,cal
6114,Protein,13.2,g
6114,Carbohydrates,53.6,g
6114,Fiber,8.5,g
6114,Fat,43.2,g
6114,Cholesterol,0,mg
6114,Vitamin A,637.4,mcg
6114,Vitamin B1,0.3,mg
6114,Vitamin B2,0.1,mg
6114,Vitamin B3,2.2,mg
6114,Vitamin C,16.9,mg
6114,Folic Acid,64.6,mcg
6114,Calcium,191.9,mg
6114,Iron,4.3,mg
6114,Magnesium,0,mg
6114,Phosphorus,0,mg
6114,Sodium,36.1,mg
6114,Potassium,393.4,mg
6114,Zinc,1.8,mg
6115,Energy,656,cal
6115,Protein,13.2,g
6115,Carbohydrates,53.6,g
6115,Fiber,8.5,g
6115,Fat,43.2,g
6115,Cholesterol,0,mg
6115,Vitamin A,637.4,mcg
6115,Vitamin B1,0.3,mg
6115,Vitamin B2,0.1,mg
6115,Vitamin B3,2.2,mg
6115,Vitamin C,16.9,mg
6115,Folic Acid,64.6,mcg
6115,Calcium,191.9,mg
6115,Iron,4.3,mg
6115,Magnesium,0,mg
6115,Phosphorus,0,mg
6115,Sodium,36.1,mg
6115,Potassium,393.4,mg
6115,Zinc,1.8,mg
6116,Energy,261,cal
6116,Protein,7.3,g
6116,Carbohydrates,41.5,g
6116,Fiber,0.7,g
6116,Fat,8,g
6116,Cholesterol,0,mg
6116,Sodium,174.1,mg
6117,Energy,43,cal
6117,Protein,0.1,g
6117,Carbohydrates,0.5,g
6117,Fiber,0.2,g
6117,Fat,4.6,g
6117,Cholesterol,0,mg
6117,Sodium,353.8,mg
6118,Energy,43,cal
6118,Protein,0.1,g
6118,Carbohydrates,0.5,g
6118,Fiber,0.2,g
6118,Fat,4.6,g
6118,Cholesterol,0,mg
6118,Sodium,353.8,mg
6119,Energy,43,cal
6119,Protein,0.1,g
6119,Carbohydrates,0.5,g
6119,Fiber,0.2,g
6119,Fat,4.6,g
6119,Cholesterol,0,mg
6119,Sodium,353.8,mg
6120,Energy,42,cal
6120,Protein,2,g
6120,Carbohydrates,0.8,g
6120,Fiber,0,g
6120,Fat,3.3,g
6120,Cholesterol,8,mg
6120,Sodium,90.2,mg
6121,Energy,274,cal
6121,Protein,9.8,g
6121,Carbohydrates,13.1,g
6121,Fiber,0.2,g
6121,Fat,19,g
6121,Cholesterol,61.7,mg
6121,Sodium,589,mg
6122,Energy,33,cal
6122,Protein,1.2,g
6122,Carbohydrates,2.1,g
6122,Fiber,0.1,g
6122,Fat,2,g
6122,Cholesterol,6.4,mg
6122,Sodium,61.7,mg
6123,Energy,617,cal
6123,Protein,12.8,g
6123,Carbohydrates,81.1,g
6123,Fiber,0.2,g
6123,Fat,26.8,g
6123,Cholesterol,0,mg
6123,Vitamin A,253.5,mcg
6123,Vitamin B1,0,mg
6123,Vitamin B2,0,mg
6123,Vitamin B3,0,mg
6123,Vitamin C,3.2,mg
6123,Folic Acid,1,mcg
6123,Calcium,4.2,mg
6123,Iron,0.1,mg
6123,Magnesium,0,mg
6123,Phosphorus,0,mg
6123,Sodium,482.3,mg
6123,Potassium,17.9,mg
6123,Zinc,0,mg
6124,Energy,617,cal
6124,Protein,12.8,g
6124,Carbohydrates,81.1,g
6124,Fiber,0.2,g
6124,Fat,26.8,g
6124,Cholesterol,0,mg
6124,Vitamin A,253.5,mcg
6124,Vitamin B1,0,mg
6124,Vitamin B2,0,mg
6124,Vitamin B3,0,mg
6124,Vitamin C,3.2,mg
6124,Folic Acid,1,mcg
6124,Calcium,4.2,mg
6124,Iron,0.1,mg
6124,Magnesium,0,mg
6124,Phosphorus,0,mg
6124,Sodium,482.3,mg
6124,Potassium,17.9,mg
6124,Zinc,0,mg
6125,Energy,617,cal
6125,Protein,12.8,g
6125,Carbohydrates,81.1,g
6125,Fiber,0.2,g
6125,Fat,26.8,g
6125,Cholesterol,0,mg
6125,Vitamin A,253.5,mcg
6125,Vitamin B1,0,mg
6125,Vitamin B2,0,mg
6125,Vitamin B3,0,mg
6125,Vitamin C,3.2,mg
6125,Folic Acid,1,mcg
6125,Calcium,4.2,mg
6125,Iron,0.1,mg
6125,Magnesium,0,mg
6125,Phosphorus,0,mg
6125,Sodium,482.3,mg
6125,Potassium,17.9,mg
6125,Zinc,0,mg
6126,Energy,165,cal
6126,Protein,3.7,g
6126,Carbohydrates,25.4,g
6126,Fiber,2.7,g
6126,Fat,5.8,g
6126,Cholesterol,0,mg
6126,Sodium,4.9,mg
6127,Energy,165,cal
6127,Protein,3.7,g
6127,Carbohydrates,25.4,g
6127,Fiber,2.7,g
6127,Fat,5.8,g
6127,Cholesterol,0,mg
6127,Sodium,4.9,mg
6128,Energy,218,cal
6128,Protein,6.4,g
6128,Carbohydrates,13.5,g
6128,Fiber,1.5,g
6128,Fat,15.9,g
6128,Cholesterol,0,mg
6128,Vitamin A,332.2,mcg
6128,Vitamin B1,-0.3,mg
6128,Vitamin B2,-0.3,mg
6128,Vitamin B3,-0.1,mg
6128,Vitamin C,19.8,mg
6128,Folic Acid,17.2,mcg
6128,Calcium,195.3,mg
6128,Iron,0.4,mg
6128,Magnesium,0,mg
6128,Phosphorus,0,mg
6128,Sodium,6.2,mg
6128,Potassium,113.1,mg
6128,Zinc,0.2,mg
6129,Energy,206,cal
6129,Protein,6.3,g
6129,Carbohydrates,14.5,g
6129,Fiber,2,g
6129,Fat,11.5,g
6129,Cholesterol,0,mg
6129,Vitamin A,478.6,mcg
6129,Vitamin B1,0.1,mg
6129,Vitamin B2,0.2,mg
6129,Vitamin B3,0.7,mg
6129,Vitamin C,9,mg
6129,Folic Acid,20.8,mcg
6129,Calcium,245.3,mg
6129,Iron,1.1,mg
6129,Magnesium,0,mg
6129,Phosphorus,0,mg
6129,Sodium,54.9,mg
6129,Potassium,161.8,mg
6129,Zinc,0.2,mg
6130,Energy,117,cal
6130,Protein,4.3,g
6130,Carbohydrates,5,g
6130,Fiber,0,g
6130,Fat,6.5,g
6130,Cholesterol,16,mg
6130,Sodium,19.4,mg
6131,Energy,117,cal
6131,Protein,4.3,g
6131,Carbohydrates,5,g
6131,Fiber,0,g
6131,Fat,6.5,g
6131,Cholesterol,16,mg
6131,Sodium,19.4,mg
6132,Energy,262,cal
6132,Protein,0.9,g
6132,Carbohydrates,25.6,g
6132,Fiber,0.3,g
6132,Fat,17.3,g
6132,Cholesterol,0,mg
6132,Sodium,61.8,mg
6133,Energy,431,cal
6133,Protein,5,g
6133,Carbohydrates,91.5,g
6133,Fiber,9.6,g
6133,Fat,4.9,g
6133,Cholesterol,0,mg
6133,Sodium,120.2,mg
6134,Energy,359,cal
6134,Protein,4.5,g
6134,Carbohydrates,35.5,g
6134,Fiber,4,g
6134,Fat,20.8,g
6134,Cholesterol,8,mg
6134,Sodium,40.8,mg
6135,Energy,80,cal
6135,Protein,5.1,g
6135,Carbohydrates,12,g
6135,Fiber,6.2,g
6135,Fat,1.3,g
6135,Cholesterol,3.8,mg
6135,Sodium,17.9,mg
6136,Energy,100,cal
6136,Protein,3.8,g
6136,Carbohydrates,8.7,g
6136,Fiber,4.6,g
6136,Fat,5.6,g
6136,Cholesterol,0,mg
6136,Sodium,5,mg
6137,Energy,875,cal
6137,Protein,16.5,g
6137,Carbohydrates,76.2,g
6137,Fiber,0.4,g
6137,Fat,63.6,g
6137,Cholesterol,31.5,mg
6137,Sodium,100.6,mg
6138,Energy,69,cal
6138,Protein,1,g
6138,Carbohydrates,10.9,g
6138,Fiber,1,g
6138,Fat,2.3,g
6138,Cholesterol,0,mg
6138,Sodium,1,mg
6139,Energy,69,cal
6139,Protein,1,g
6139,Carbohydrates,10.9,g
6139,Fiber,1,g
6139,Fat,2.3,g
6139,Cholesterol,0,mg
6139,Sodium,1,mg
6143,Energy,53,cal
6143,Protein,0,g
6143,Carbohydrates,13.2,g
6143,Fiber,0.2,g
6143,Fat,0,g
6143,Cholesterol,0,mg
6143,Sodium,97.1,mg
6144,Energy,199,cal
6144,Protein,0.8,g
6144,Carbohydrates,26.6,g
6144,Fiber,0.4,g
6144,Fat,9.9,g
6144,Cholesterol,0,mg
6144,Sodium,26.5,mg
6145,Energy,199,cal
6145,Protein,0.8,g
6145,Carbohydrates,26.6,g
6145,Fiber,0.4,g
6145,Fat,9.9,g
6145,Cholesterol,0,mg
6145,Sodium,26.5,mg
6148,Energy,33,cal
6148,Protein,1.1,g
6148,Carbohydrates,5.2,g
6148,Fiber,0.7,g
6148,Fat,0.9,g
6148,Cholesterol,0,mg
6148,Sodium,0.7,mg
6149,Energy,46,cal
6149,Protein,0.8,g
6149,Carbohydrates,9,g
6149,Fiber,1.7,g
6149,Fat,0.7,g
6149,Cholesterol,1.9,mg
6149,Sodium,17,mg
6150,Energy,93,cal
6150,Protein,2.4,g
6150,Carbohydrates,6.4,g
6150,Fiber,1.6,g
6150,Fat,6.4,g
6150,Cholesterol,0,mg
6150,Vitamin A,265.4,mcg
6150,Vitamin B1,0.3,mg
6150,Vitamin B2,0.2,mg
6150,Vitamin B3,1.9,mg
6150,Vitamin C,64.9,mg
6150,Folic Acid,10.6,mcg
6150,Calcium,46.5,mg
6150,Iron,0.9,mg
6150,Magnesium,0,mg
6150,Phosphorus,0,mg
6150,Sodium,5.3,mg
6150,Potassium,186.4,mg
6150,Zinc,0.4,mg
6151,Energy,227,cal
6151,Protein,7.8,g
6151,Carbohydrates,13.5,g
6151,Fiber,0.6,g
6151,Fat,12.4,g
6151,Cholesterol,31.5,mg
6151,Sodium,55.6,mg
6152,Energy,227,cal
6152,Protein,7.8,g
6152,Carbohydrates,13.5,g
6152,Fiber,0.6,g
6152,Fat,12.4,g
6152,Cholesterol,31.5,mg
6152,Sodium,55.6,mg
6153,Energy,227,cal
6153,Protein,7.8,g
6153,Carbohydrates,13.5,g
6153,Fiber,0.6,g
6153,Fat,12.4,g
6153,Cholesterol,31.5,mg
6153,Sodium,55.6,mg
6154,Energy,105,cal
6154,Protein,3.4,g
6154,Carbohydrates,9.8,g
6154,Fiber,0,g
6154,Fat,5.8,g
6154,Cholesterol,0,mg
6154,Sodium,0,mg
6155,Energy,599,cal
6155,Protein,5.5,g
6155,Carbohydrates,41.5,g
6155,Fiber,0.7,g
6155,Fat,46.9,g
6155,Cholesterol,0,mg
6155,Sodium,40.4,mg
6156,Energy,530,cal
6156,Protein,20.2,g
6156,Carbohydrates,14.9,g
6156,Fiber,1.7,g
6156,Fat,43.3,g
6156,Cholesterol,0,mg
6156,Sodium,10.1,mg
6157,Energy,102,cal
6157,Protein,0.9,g
6157,Carbohydrates,18.7,g
6157,Fiber,4.1,g
6157,Fat,2.6,g
6157,Cholesterol,0,mg
6157,Sodium,52.4,mg
6158,Energy,180,cal
6158,Protein,0.6,g
6158,Carbohydrates,19.3,g
6158,Fiber,0.7,g
6158,Fat,11.1,g
6158,Cholesterol,0,mg
6158,Sodium,24,mg
6159,Energy,107,cal
6159,Protein,0.8,g
6159,Carbohydrates,4.4,g
6159,Fiber,0.6,g
6159,Fat,9.6,g
6159,Cholesterol,0,mg
6159,Vitamin A,387.6,mcg
6159,Vitamin B1,0.1,mg
6159,Vitamin B2,0,mg
6159,Vitamin B3,0.2,mg
6159,Vitamin C,10.2,mg
6159,Folic Acid,10.8,mcg
6159,Calcium,32.5,mg
6159,Iron,0.3,mg
6159,Magnesium,0,mg
6159,Phosphorus,0,mg
6159,Sodium,59.5,mg
6159,Potassium,86,mg
6159,Zinc,0.1,mg
6160,Energy,287,cal
6160,Protein,3.2,g
6160,Carbohydrates,34.2,g
6160,Fiber,3.5,g
6160,Fat,15.5,g
6160,Cholesterol,0,mg
6160,Vitamin A,479.7,mcg
6160,Vitamin B1,0.2,mg
6160,Vitamin B2,0.1,mg
6160,Vitamin B3,1.8,mg
6160,Vitamin C,44.4,mg
6160,Folic Acid,45.5,mcg
6160,Calcium,73.2,mg
6160,Iron,1.3,mg
6160,Magnesium,0,mg
6160,Phosphorus,0,mg
6160,Sodium,28.4,mg
6160,Potassium,453.3,mg
6160,Zinc,0.8,mg
6161,Energy,344,cal
6161,Protein,10.4,g
6161,Carbohydrates,38.3,g
6161,Fiber,0,g
6161,Fat,13.3,g
6161,Cholesterol,24,mg
6161,Sodium,79.3,mg
6162,Energy,238,cal
6162,Protein,6.7,g
6162,Carbohydrates,29,g
6162,Fiber,0,g
6162,Fat,8.3,g
6162,Cholesterol,16,mg
6162,Sodium,44.4,mg
6163,Energy,144,cal
6163,Protein,3.6,g
6163,Carbohydrates,18.9,g
6163,Fiber,0.2,g
6163,Fat,5.3,g
6163,Cholesterol,4.3,mg
6163,Sodium,526.9,mg
6164,Energy,111,cal
6164,Protein,2.5,g
6164,Carbohydrates,17,g
6164,Fiber,0.4,g
6164,Fat,3.6,g
6164,Cholesterol,0,mg
6164,Vitamin A,23.4,mcg
6164,Vitamin B1,0,mg
6164,Vitamin B2,0,mg
6164,Vitamin B3,0.4,mg
6164,Vitamin C,0,mg
6164,Folic Acid,1.1,mcg
6164,Calcium,4.8,mg
6164,Iron,0.4,mg
6164,Magnesium,0,mg
6164,Phosphorus,0,mg
6164,Sodium,5,mg
6164,Potassium,22.6,mg
6164,Zinc,0,mg
6165,Energy,111,cal
6165,Protein,2.5,g
6165,Carbohydrates,17,g
6165,Fiber,0.4,g
6165,Fat,3.6,g
6165,Cholesterol,0,mg
6165,Vitamin A,23.4,mcg
6165,Vitamin B1,0,mg
6165,Vitamin B2,0,mg
6165,Vitamin B3,0.4,mg
6165,Vitamin C,0,mg
6165,Folic Acid,1.1,mcg
6165,Calcium,4.8,mg
6165,Iron,0.4,mg
6165,Magnesium,0,mg
6165,Phosphorus,0,mg
6165,Sodium,5,mg
6165,Potassium,22.6,mg
6165,Zinc,0,mg
6166,Energy,111,cal
6166,Protein,2.5,g
6166,Carbohydrates,17,g
6166,Fiber,0.4,g
6166,Fat,3.6,g
6166,Cholesterol,0,mg
6166,Vitamin A,23.4,mcg
6166,Vitamin B1,0,mg
6166,Vitamin B2,0,mg
6166,Vitamin B3,0.4,mg
6166,Vitamin C,0,mg
6166,Folic Acid,1.1,mcg
6166,Calcium,4.8,mg
6166,Iron,0.4,mg
6166,Magnesium,0,mg
6166,Phosphorus,0,mg
6166,Sodium,5,mg
6166,Potassium,22.6,mg
6166,Zinc,0,mg
6167,Energy,111,cal
6167,Protein,2.5,g
6167,Carbohydrates,17,g
6167,Fiber,0.4,g
6167,Fat,3.6,g
6167,Cholesterol,0,mg
6167,Vitamin A,23.4,mcg
6167,Vitamin B1,0,mg
6167,Vitamin B2,0,mg
6167,Vitamin B3,0.4,mg
6167,Vitamin C,0,mg
6167,Folic Acid,1.1,mcg
6167,Calcium,4.8,mg
6167,Iron,0.4,mg
6167,Magnesium,0,mg
6167,Phosphorus,0,mg
6167,Sodium,5,mg
6167,Potassium,22.6,mg
6167,Zinc,0,mg
6168,Energy,55,cal
6168,Protein,0.9,g
6168,Carbohydrates,9.4,g
6168,Fiber,0.9,g
6168,Fat,1.5,g
6168,Cholesterol,0,mg
6168,Sodium,1.4,mg
6169,Energy,485,cal
6169,Protein,14.5,g
6169,Carbohydrates,55.1,g
6169,Fiber,0.6,g
6169,Fat,18.5,g
6169,Cholesterol,32,mg
6169,Sodium,119,mg
6170,Energy,485,cal
6170,Protein,14.5,g
6170,Carbohydrates,55.1,g
6170,Fiber,0.6,g
6170,Fat,18.5,g
6170,Cholesterol,32,mg
6170,Sodium,119,mg
6171,Energy,80,cal
6171,Protein,2.5,g
6171,Carbohydrates,7.6,g
6171,Fiber,0,g
6171,Fat,4.4,g
6171,Cholesterol,0,mg
6171,Sodium,0,mg
6172,Energy,80,cal
6172,Protein,2.5,g
6172,Carbohydrates,7.6,g
6172,Fiber,0,g
6172,Fat,4.4,g
6172,Cholesterol,0,mg
6172,Sodium,0,mg
6173,Energy,80,cal
6173,Protein,2.5,g
6173,Carbohydrates,7.6,g
6173,Fiber,0,g
6173,Fat,4.4,g
6173,Cholesterol,0,mg
6173,Sodium,0,mg
6174,Energy,80,cal
6174,Protein,2.5,g
6174,Carbohydrates,7.6,g
6174,Fiber,0,g
6174,Fat,4.4,g
6174,Cholesterol,0,mg
6174,Sodium,0,mg
6175,Energy,40,cal
6175,Protein,1.6,g
6175,Carbohydrates,7.5,g
6175,Fiber,0.3,g
6175,Fat,0.4,g
6175,Cholesterol,0,mg
6175,Sodium,2.9,mg
6176,Energy,40,cal
6176,Protein,1.6,g
6176,Carbohydrates,7.5,g
6176,Fiber,0.3,g
6176,Fat,0.4,g
6176,Cholesterol,0,mg
6176,Sodium,2.9,mg
6177,Energy,40,cal
6177,Protein,1.6,g
6177,Carbohydrates,7.5,g
6177,Fiber,0.3,g
6177,Fat,0.4,g
6177,Cholesterol,0,mg
6177,Sodium,2.9,mg
6178,Energy,45,cal
6178,Protein,1.9,g
6178,Carbohydrates,3,g
6178,Fiber,2.7,g
6178,Fat,2.8,g
6178,Cholesterol,0,mg
6178,Sodium,39.2,mg
6179,Energy,45,cal
6179,Protein,1.9,g
6179,Carbohydrates,3,g
6179,Fiber,2.7,g
6179,Fat,2.8,g
6179,Cholesterol,0,mg
6179,Sodium,39.2,mg
6180,Energy,45,cal
6180,Protein,1.9,g
6180,Carbohydrates,3,g
6180,Fiber,2.7,g
6180,Fat,2.8,g
6180,Cholesterol,0,mg
6180,Sodium,39.2,mg
6181,Energy,45,cal
6181,Protein,1.9,g
6181,Carbohydrates,3,g
6181,Fiber,2.7,g
6181,Fat,2.8,g
6181,Cholesterol,0,mg
6181,Sodium,39.2,mg
6186,Energy,37,cal
6186,Protein,0.6,g
6186,Carbohydrates,4,g
6186,Fiber,1,g
6186,Fat,2.1,g
6186,Cholesterol,0,mg
6186,Sodium,105.3,mg
6187,Energy,79,cal
6187,Protein,1.4,g
6187,Carbohydrates,11.6,g
6187,Fiber,0,g
6187,Fat,2.2,g
6187,Cholesterol,5.3,mg
6187,Sodium,20031.3,mg
6188,Energy,267,cal
6188,Protein,8,g
6188,Carbohydrates,22.9,g
6188,Fiber,0,g
6188,Fat,14.4,g
6188,Cholesterol,10.7,mg
6188,Sodium,18.4,mg
6189,Energy,267,cal
6189,Protein,8,g
6189,Carbohydrates,22.9,g
6189,Fiber,0,g
6189,Fat,14.4,g
6189,Cholesterol,10.7,mg
6189,Sodium,18.4,mg
6190,Energy,18,cal
6190,Protein,0.4,g
6190,Carbohydrates,1.5,g
6190,Fiber,0.3,g
6190,Fat,1.1,g
6190,Cholesterol,0,mg
6190,Sodium,2.3,mg
6191,Energy,43,cal
6191,Protein,1.4,g
6191,Carbohydrates,9.1,g
6191,Fiber,2.7,g
6191,Fat,0.2,g
6191,Cholesterol,0,mg
6191,Sodium,22,mg
6192,Energy,42,calories
6192,Protein,0.9,gm
6192,Carbohydrate,8.2,gm
6192,Fat,0.6,gm
6192,Vitamin A,643.9,mcg
6192,Fibre,2.1,gm
6193,Energy,192,cal
6193,Protein,5.2,g
6193,Carbohydrates,13.2,g
6193,Fiber,2.8,g
6193,Fat,12.2,g
6193,Cholesterol,8,mg
6193,Sodium,30.5,mg
6194,Energy,26,cal
6194,Protein,0.5,g
6194,Carbohydrates,4.5,g
6194,Fiber,1,g
6194,Fat,0.7,g
6194,Cholesterol,0,mg
6194,Vitamin A,243.9,mcg
6194,Vitamin B1,0,mg
6194,Vitamin B2,0,mg
6194,Vitamin B3,0.3,mg
6194,Vitamin C,6.7,mg
6194,Folic Acid,7.5,mcg
6194,Calcium,26.1,mg
6194,Iron,0.4,mg
6194,Magnesium,0,mg
6194,Phosphorus,0,mg
6194,Sodium,12.3,mg
6194,Potassium,68.1,mg
6194,Zinc,0.1,mg
6196,Energy,45,cal
6196,Protein,0.9,g
6196,Carbohydrates,4.3,g
6196,Fiber,1,g
6196,Fat,2.7,g
6196,Cholesterol,0,mg
6196,Vitamin A,101.7,mcg
6196,Vitamin B1,0,mg
6196,Vitamin B2,0,mg
6196,Vitamin B3,0.2,mg
6196,Vitamin C,2.3,mg
6196,Folic Acid,7.3,mcg
6196,Calcium,9.5,mg
6196,Iron,0.4,mg
6196,Magnesium,0,mg
6196,Phosphorus,0,mg
6196,Sodium,4.2,mg
6196,Potassium,55.2,mg
6196,Zinc,0.1,mg
6197,Energy,205,cal
6197,Protein,6.5,g
6197,Carbohydrates,30.8,g
6197,Fiber,9.1,g
6197,Fat,7.2,g
6197,Cholesterol,0,mg
6197,Sodium,5.5,mg
6198,Energy,205,cal
6198,Protein,6.5,g
6198,Carbohydrates,30.8,g
6198,Fiber,9.1,g
6198,Fat,7.2,g
6198,Cholesterol,0,mg
6198,Sodium,5.5,mg
6199,Energy,459,cal
6199,Protein,7.7,g
6199,Carbohydrates,22,g
6199,Fiber,6.9,g
6199,Fat,38.9,g
6199,Cholesterol,0,mg
6199,Sodium,60.1,mg
6200,Energy,70,cal
6200,Protein,2.8,g
6200,Carbohydrates,10.5,g
6200,Fiber,1.1,g
6200,Fat,1.9,g
6200,Cholesterol,0,mg
6200,Sodium,3,mg
6201,Energy,159,cal
6201,Protein,2.7,g
6201,Carbohydrates,13.7,g
6201,Fiber,3.5,g
6201,Fat,9.4,g
6201,Cholesterol,0,mg
6201,Sodium,5.3,mg
6202,Energy,49,cal
6202,Protein,1.4,g
6202,Carbohydrates,6.6,g
6202,Fiber,0.5,g
6202,Fat,2,g
6202,Cholesterol,0,mg
6202,Sodium,1.3,mg
6203,Energy,414,cal
6203,Protein,14.1,g
6203,Carbohydrates,58.5,g
6203,Fiber,7.6,g
6203,Fat,13.8,g
6203,Cholesterol,0,mg
6203,Sodium,35.6,mg
6204,Energy,356,cal
6204,Protein,11.6,g
6204,Carbohydrates,41.1,g
6204,Fiber,10.7,g
6204,Fat,17.7,g
6204,Cholesterol,0,mg
6204,Sodium,44.4,mg
6205,Energy,61,cal
6205,Protein,2,g
6205,Carbohydrates,6,g
6205,Fiber,1.6,g
6205,Fat,3.5,g
6205,Cholesterol,0,mg
6205,Sodium,2.2,mg
6206,Energy,47,cal
6206,Protein,1.3,g
6206,Carbohydrates,6.4,g
6206,Fiber,0.4,g
6206,Fat,1.8,g
6206,Cholesterol,0,mg
6206,Sodium,0.7,mg
6207,Energy,150,cal
6207,Protein,5.3,g
6207,Carbohydrates,22.8,g
6207,Fiber,6.9,g
6207,Fat,5.1,g
6207,Cholesterol,0,mg
6207,Sodium,5.6,mg
6208,Energy,150,cal
6208,Protein,5.3,g
6208,Carbohydrates,22.8,g
6208,Fiber,6.9,g
6208,Fat,5.1,g
6208,Cholesterol,0,mg
6208,Sodium,5.6,mg
6209,Energy,395,cal
6209,Protein,9.9,g
6209,Carbohydrates,57.8,g
6209,Fiber,14.4,g
6209,Fat,16.8,g
6209,Cholesterol,0,mg
6209,Sodium,5.6,mg
6210,Energy,511,cal
6210,Protein,15.3,g
6210,Carbohydrates,70,g
6210,Fiber,23.1,g
6210,Fat,21.1,g
6210,Cholesterol,0,mg
6210,Sodium,44.6,mg
6211,Energy,511,cal
6211,Protein,15.3,g
6211,Carbohydrates,70,g
6211,Fiber,23.1,g
6211,Fat,21.1,g
6211,Cholesterol,0,mg
6211,Sodium,44.6,mg
6212,Energy,99,cal
6212,Protein,3.4,g
6212,Carbohydrates,6,g
6212,Fiber,0,g
6212,Fat,5.1,g
6212,Cholesterol,11.4,mg
6212,Sodium,13.6,mg
6213,Energy,769,cal
6213,Protein,21.5,g
6213,Carbohydrates,70.7,g
6213,Fiber,0,g
6213,Fat,32.5,g
6213,Cholesterol,80,mg
6213,Sodium,95,mg
6214,Energy,7,cal
6214,Protein,0.3,g
6214,Carbohydrates,0.5,g
6214,Fiber,0.2,g
6214,Fat,0.3,g
6214,Cholesterol,0.8,mg
6214,Sodium,2.8,mg
6215,Energy,7,cal
6215,Protein,0.3,g
6215,Carbohydrates,0.5,g
6215,Fiber,0.2,g
6215,Fat,0.3,g
6215,Cholesterol,0.8,mg
6215,Sodium,2.8,mg
6216,Energy,129,cal
6216,Protein,8,g
6216,Carbohydrates,18.5,g
6216,Fiber,2.9,g
6216,Fat,2.6,g
6216,Cholesterol,0,mg
6216,Sodium,11.8,mg
6217,Energy,129,cal
6217,Protein,8,g
6217,Carbohydrates,18.5,g
6217,Fiber,2.9,g
6217,Fat,2.6,g
6217,Cholesterol,0,mg
6217,Sodium,11.8,mg
6218,Energy,95,cal
6218,Protein,2.5,g
6218,Carbohydrates,17.1,g
6218,Fiber,3.1,g
6218,Fat,2,g
6218,Cholesterol,0,mg
6218,Sodium,6.5,mg
6219,Energy,95,cal
6219,Protein,2.5,g
6219,Carbohydrates,17.1,g
6219,Fiber,3.1,g
6219,Fat,2,g
6219,Cholesterol,0,mg
6219,Sodium,6.5,mg
6220,Energy,85,cal
6220,Protein,4.6,g
6220,Carbohydrates,13.5,g
6220,Fiber,3.3,g
6220,Fat,1.6,g
6220,Cholesterol,0,mg
6220,Sodium,7.3,mg
6221,Energy,20,cal
6221,Protein,0.4,g
6221,Carbohydrates,0.7,g
6221,Fiber,0.2,g
6221,Fat,1.6,g
6221,Cholesterol,1.1,mg
6221,Sodium,4.4,mg
6222,Energy,236,cal
6222,Protein,14.8,g
6222,Carbohydrates,42.4,g
6222,Fiber,3.4,g
6222,Fat,0.8,g
6222,Cholesterol,0,mg
6222,Sodium,15.3,mg
6223,Energy,236,cal
6223,Protein,14.8,g
6223,Carbohydrates,42.4,g
6223,Fiber,3.4,g
6223,Fat,0.8,g
6223,Cholesterol,0,mg
6223,Sodium,15.3,mg
6224,Energy,236,cal
6224,Protein,14.8,g
6224,Carbohydrates,42.4,g
6224,Fiber,3.4,g
6224,Fat,0.8,g
6224,Cholesterol,0,mg
6224,Sodium,15.3,mg
6225,Energy,236,cal
6225,Protein,14.8,g
6225,Carbohydrates,42.4,g
6225,Fiber,3.4,g
6225,Fat,0.8,g
6225,Cholesterol,0,mg
6225,Sodium,15.3,mg
6226,Energy,89,cal
6226,Protein,1.9,g
6226,Carbohydrates,8.2,g
6226,Fiber,1.7,g
6226,Fat,5.5,g
6226,Cholesterol,0,mg
6226,Sodium,6.2,mg
6227,Energy,39,cal
6227,Protein,0.8,g
6227,Carbohydrates,6.9,g
6227,Fiber,0.9,g
6227,Fat,0.8,g
6227,Cholesterol,0.4,mg
6227,Sodium,1.7,mg
6228,Energy,133,cal
6228,Protein,2.7,g
6228,Carbohydrates,18.5,g
6228,Fiber,3,g
6228,Fat,5.6,g
6228,Cholesterol,0,mg
6228,Sodium,3.5,mg
6229,Energy,133,cal
6229,Protein,2.7,g
6229,Carbohydrates,18.5,g
6229,Fiber,3,g
6229,Fat,5.6,g
6229,Cholesterol,0,mg
6229,Sodium,3.5,mg
6230,Energy,101,cal
6230,Protein,1.3,g
6230,Carbohydrates,13.7,g
6230,Fiber,0.7,g
6230,Fat,4.4,g
6230,Cholesterol,0.7,mg
6230,Sodium,1.5,mg
6231,Energy,228,cal
6231,Protein,5.4,g
6231,Carbohydrates,37.9,g
6231,Fiber,7.2,g
6231,Fat,6.3,g
6231,Cholesterol,0,mg
6231,Sodium,14.5,mg
6232,Energy,216,cal
6232,Protein,3.6,g
6232,Carbohydrates,28.8,g
6232,Fiber,7.1,g
6232,Fat,9.6,g
6232,Cholesterol,0,mg
6232,Sodium,8.4,mg
6233,Energy,64,cal
6233,Protein,1.6,g
6233,Carbohydrates,14,g
6233,Fiber,2.4,g
6233,Fat,0.3,g
6233,Cholesterol,0,mg
6233,Sodium,6.8,mg
6234,Energy,64,cal
6234,Protein,1.6,g
6234,Carbohydrates,14,g
6234,Fiber,2.4,g
6234,Fat,0.3,g
6234,Cholesterol,0,mg
6234,Sodium,6.8,mg
6235,Energy,64,cal
6235,Protein,1.6,g
6235,Carbohydrates,14,g
6235,Fiber,2.4,g
6235,Fat,0.3,g
6235,Cholesterol,0,mg
6235,Sodium,6.8,mg
6236,Energy,64,cal
6236,Protein,1.6,g
6236,Carbohydrates,14,g
6236,Fiber,2.4,g
6236,Fat,0.3,g
6236,Cholesterol,0,mg
6236,Sodium,6.8,mg
6237,Energy,64,cal
6237,Protein,1.6,g
6237,Carbohydrates,14,g
6237,Fiber,2.4,g
6237,Fat,0.3,g
6237,Cholesterol,0,mg
6237,Sodium,6.8,mg
6238,Energy,64,cal
6238,Protein,1.6,g
6238,Carbohydrates,14,g
6238,Fiber,2.4,g
6238,Fat,0.3,g
6238,Cholesterol,0,mg
6238,Sodium,6.8,mg
6239,Energy,216,cal
6239,Protein,4.8,g
6239,Carbohydrates,42.1,g
6239,Fiber,5.1,g
6239,Fat,3.2,g
6239,Cholesterol,0,mg
6239,Sodium,15.7,mg
6240,Energy,216,cal
6240,Protein,4.8,g
6240,Carbohydrates,42.1,g
6240,Fiber,5.1,g
6240,Fat,3.2,g
6240,Cholesterol,0,mg
6240,Sodium,15.7,mg
6242,Energy,120,cal
6242,Protein,1.1,g
6242,Carbohydrates,28.8,g
6242,Fiber,2.7,g
6242,Fat,0.5,g
6242,Cholesterol,0,mg
6242,Sodium,23.8,mg
6243,Energy,89,cal
6243,Protein,0.1,g
6243,Carbohydrates,21.9,g
6243,Fiber,0.1,g
6243,Fat,0,g
6243,Cholesterol,0,mg
6243,Sodium,0.9,mg
6244,Energy,33,cal
6244,Protein,0.1,g
6244,Carbohydrates,0.6,g
6244,Fiber,0.1,g
6244,Fat,3.4,g
6244,Cholesterol,0,mg
6244,Sodium,2584,mg
6245,Energy,33,cal
6245,Protein,0.1,g
6245,Carbohydrates,0.6,g
6245,Fiber,0.1,g
6245,Fat,3.4,g
6245,Cholesterol,0,mg
6245,Sodium,2584,mg
6246,Energy,126,cal
6246,Protein,8.3,g
6246,Carbohydrates,21.6,g
6246,Fiber,2.4,g
6246,Fat,0.8,g
6246,Cholesterol,0,mg
6246,Sodium,13.2,mg
6247,Energy,126,cal
6247,Protein,8.3,g
6247,Carbohydrates,21.6,g
6247,Fiber,2.4,g
6247,Fat,0.8,g
6247,Cholesterol,0,mg
6247,Sodium,13.2,mg
6248,Energy,60,cal
6248,Protein,3.5,g
6248,Carbohydrates,4.8,g
6248,Fiber,2,g
6248,Fat,2.9,g
6248,Cholesterol,0,mg
6248,Sodium,5,mg
6249,Energy,66,cal
6249,Protein,1.3,g
6249,Carbohydrates,7.9,g
6249,Fiber,1.3,g
6249,Fat,3.4,g
6249,Cholesterol,0,mg
6249,Sodium,9,mg
6250,Energy,194,cal
6250,Protein,5.1,g
6250,Carbohydrates,32.8,g
6250,Fiber,2.9,g
6250,Fat,4.7,g
6250,Cholesterol,0,mg
6250,Sodium,0,mg
6251,Energy,173,cal
6251,Protein,4,g
6251,Carbohydrates,18.6,g
6251,Fiber,1.1,g
6251,Fat,7.4,g
6251,Cholesterol,12,mg
6251,Sodium,15.1,mg
6252,Energy,145,cal
6252,Protein,4.2,g
6252,Carbohydrates,16.6,g
6252,Fiber,2.2,g
6252,Fat,6.9,g
6252,Cholesterol,0,mg
6252,Sodium,2.1,mg
6253,Energy,153,cal
6253,Protein,3.4,g
6253,Carbohydrates,29.6,g
6253,Fiber,4.5,g
6253,Fat,2.5,g
6253,Cholesterol,0,mg
6253,Sodium,4.8,mg
6254,Energy,153,cal
6254,Protein,3.4,g
6254,Carbohydrates,29.6,g
6254,Fiber,4.5,g
6254,Fat,2.5,g
6254,Cholesterol,0,mg
6254,Sodium,4.8,mg
6255,Energy,153,cal
6255,Protein,3.4,g
6255,Carbohydrates,29.6,g
6255,Fiber,4.5,g
6255,Fat,2.5,g
6255,Cholesterol,0,mg
6255,Sodium,4.8,mg
6256,Energy,153,cal
6256,Protein,3.4,g
6256,Carbohydrates,29.6,g
6256,Fiber,4.5,g
6256,Fat,2.5,g
6256,Cholesterol,0,mg
6256,Sodium,4.8,mg
6257,Energy,232,cal
6257,Protein,9.5,g
6257,Carbohydrates,28,g
6257,Fiber,2.7,g
6257,Fat,9.1,g
6257,Cholesterol,7.5,mg
6257,Sodium,34.5,mg
6258,Energy,226,cal
6258,Protein,10.1,g
6258,Carbohydrates,28.7,g
6258,Fiber,0.7,g
6258,Fat,7.9,g
6258,Cholesterol,0,mg
6258,Vitamin A,203.2,mcg
6258,Vitamin B1,0.1,mg
6258,Vitamin B2,0,mg
6258,Vitamin B3,0.4,mg
6258,Vitamin C,5.8,mg
6258,Folic Acid,4.9,mcg
6258,Calcium,196,mg
6258,Iron,1.5,mg
6258,Magnesium,0,mg
6258,Phosphorus,0,mg
6258,Sodium,27,mg
6258,Potassium,39.7,mg
6258,Zinc,0.4,mg
6259,Energy,226,cal
6259,Protein,10.1,g
6259,Carbohydrates,28.7,g
6259,Fiber,0.7,g
6259,Fat,7.9,g
6259,Cholesterol,0,mg
6259,Vitamin A,203.2,mcg
6259,Vitamin B1,0.1,mg
6259,Vitamin B2,0,mg
6259,Vitamin B3,0.4,mg
6259,Vitamin C,5.8,mg
6259,Folic Acid,4.9,mcg
6259,Calcium,196,mg
6259,Iron,1.5,mg
6259,Magnesium,0,mg
6259,Phosphorus,0,mg
6259,Sodium,27,mg
6259,Potassium,39.7,mg
6259,Zinc,0.4,mg
6260,Energy,226,cal
6260,Protein,10.1,g
6260,Carbohydrates,28.7,g
6260,Fiber,0.7,g
6260,Fat,7.9,g
6260,Cholesterol,0,mg
6260,Vitamin A,203.2,mcg
6260,Vitamin B1,0.1,mg
6260,Vitamin B2,0,mg
6260,Vitamin B3,0.4,mg
6260,Vitamin C,5.8,mg
6260,Folic Acid,4.9,mcg
6260,Calcium,196,mg
6260,Iron,1.5,mg
6260,Magnesium,0,mg
6260,Phosphorus,0,mg
6260,Sodium,27,mg
6260,Potassium,39.7,mg
6260,Zinc,0.4,mg
6264,Energy,31,cal
6264,Protein,1.2,g
6264,Carbohydrates,3.3,g
6264,Fiber,0.6,g
6264,Fat,1.5,g
6264,Cholesterol,0,mg
6264,Sodium,6.8,mg
6265,Energy,31,cal
6265,Protein,1.2,g
6265,Carbohydrates,3.3,g
6265,Fiber,0.6,g
6265,Fat,1.5,g
6265,Cholesterol,0,mg
6265,Sodium,6.8,mg
6266,Energy,119,cal
6266,Protein,5,g
6266,Carbohydrates,15.3,g
6266,Fiber,2,g
6266,Fat,4.1,g
6266,Cholesterol,0,mg
6266,Sodium,8.6,mg
6267,Energy,126,cal
6267,Protein,6.7,g
6267,Carbohydrates,19.1,g
6267,Fiber,3.7,g
6267,Fat,2.5,g
6267,Cholesterol,0,mg
6267,Sodium,15.7,mg
6268,Energy,165,cal
6268,Protein,5.2,g
6268,Carbohydrates,30.7,g
6268,Fiber,1.8,g
6268,Fat,2.3,g
6268,Cholesterol,0,mg
6268,Sodium,67.9,mg
6269,Energy,165,cal
6269,Protein,5.2,g
6269,Carbohydrates,30.7,g
6269,Fiber,1.8,g
6269,Fat,2.3,g
6269,Cholesterol,0,mg
6269,Sodium,67.9,mg
6270,Energy,165,cal
6270,Protein,5.2,g
6270,Carbohydrates,30.7,g
6270,Fiber,1.8,g
6270,Fat,2.3,g
6270,Cholesterol,0,mg
6270,Sodium,67.9,mg
6271,Energy,165,cal
6271,Protein,5.2,g
6271,Carbohydrates,30.7,g
6271,Fiber,1.8,g
6271,Fat,2.3,g
6271,Cholesterol,0,mg
6271,Sodium,67.9,mg
6272,Energy,165,cal
6272,Protein,5.2,g
6272,Carbohydrates,30.7,g
6272,Fiber,1.8,g
6272,Fat,2.3,g
6272,Cholesterol,0,mg
6272,Sodium,67.9,mg
6273,Energy,165,cal
6273,Protein,5.2,g
6273,Carbohydrates,30.7,g
6273,Fiber,1.8,g
6273,Fat,2.3,g
6273,Cholesterol,0,mg
6273,Sodium,67.9,mg
6274,Energy,68,cal
6274,Protein,2.1,g
6274,Carbohydrates,14.9,g
6274,Fiber,2.9,g
6274,Fat,0.3,g
6274,Cholesterol,0,mg
6274,Sodium,15,mg
6275,Energy,171,cal
6275,Protein,6.7,g
6275,Carbohydrates,18.3,g
6275,Fiber,1.7,g
6275,Fat,7.9,g
6275,Cholesterol,0,mg
6275,Sodium,5.2,mg
6276,Energy,207,cal
6276,Protein,6.4,g
6276,Carbohydrates,19,g
6276,Fiber,2.6,g
6276,Fat,11.7,g
6276,Cholesterol,0,mg
6276,Sodium,11.1,mg
6277,Energy,207,cal
6277,Protein,6.4,g
6277,Carbohydrates,19,g
6277,Fiber,2.6,g
6277,Fat,11.7,g
6277,Cholesterol,0,mg
6277,Sodium,11.1,mg
6278,Energy,167,cal
6278,Protein,3.3,g
6278,Carbohydrates,8.2,g
6278,Fiber,0.5,g
6278,Fat,13.5,g
6278,Cholesterol,0,mg
6278,Vitamin A,187.9,mcg
6278,Vitamin B1,-0.1,mg
6278,Vitamin B2,-0.1,mg
6278,Vitamin B3,0.1,mg
6278,Vitamin C,4.6,mg
6278,Folic Acid,2.9,mcg
6278,Calcium,86.4,mg
6278,Iron,0.4,mg
6278,Magnesium,0,mg
6278,Phosphorus,0,mg
6278,Sodium,2.2,mg
6278,Potassium,47.1,mg
6278,Zinc,0.3,mg
6279,Energy,57,cal
6279,Protein,1.9,g
6279,Carbohydrates,8.3,g
6279,Fiber,0.8,g
6279,Fat,1.9,g
6279,Cholesterol,0,mg
6279,Sodium,1.5,mg
6280,Energy,45,cal
6280,Protein,0.9,g
6280,Carbohydrates,3,g
6280,Fiber,0.3,g
6280,Fat,3.1,g
6280,Cholesterol,1.5,mg
6280,Sodium,1.9,mg
6281,Energy,102,cal
6281,Protein,3.2,g
6281,Carbohydrates,8.7,g
6281,Fiber,1.3,g
6281,Fat,6.1,g
6281,Cholesterol,0,mg
6281,Vitamin A,1254.1,mcg
6281,Vitamin B1,0,mg
6281,Vitamin B2,0,mg
6281,Vitamin B3,0.2,mg
6281,Vitamin C,22.7,mg
6281,Folic Acid,32.8,mcg
6281,Calcium,121.3,mg
6281,Iron,1.3,mg
6281,Magnesium,0,mg
6281,Phosphorus,0,mg
6281,Sodium,53.3,mg
6281,Potassium,104.5,mg
6281,Zinc,0.5,mg
6282,Energy,128,calories
6282,Protein,7.1,gm
6282,Carbohydrates,17.2,gm
6282,Fat,3.1,gm
6282,Fibre,1.5,gm
6282,Zinc,1,mg
6283,Energy,88,cal
6283,Protein,5.8,g
6283,Carbohydrates,15.3,g
6283,Fiber,1.8,g
6283,Fat,0.4,g
6283,Cholesterol,0,mg
6283,Sodium,55.6,mg
6284,Energy,88,cal
6284,Protein,5.8,g
6284,Carbohydrates,15.3,g
6284,Fiber,1.8,g
6284,Fat,0.4,g
6284,Cholesterol,0,mg
6284,Sodium,55.6,mg
6285,Energy,88,cal
6285,Protein,5.8,g
6285,Carbohydrates,15.3,g
6285,Fiber,1.8,g
6285,Fat,0.4,g
6285,Cholesterol,0,mg
6285,Sodium,55.6,mg
6286,Energy,68,cal
6286,Protein,2.6,g
6286,Carbohydrates,9.2,g
6286,Fiber,1.5,g
6286,Fat,2.3,g
6286,Cholesterol,0,mg
6286,Sodium,8.4,mg
6287,Energy,68,cal
6287,Protein,2.6,g
6287,Carbohydrates,9.2,g
6287,Fiber,1.5,g
6287,Fat,2.3,g
6287,Cholesterol,0,mg
6287,Sodium,8.4,mg
6288,Energy,68,cal
6288,Protein,2.6,g
6288,Carbohydrates,9.2,g
6288,Fiber,1.5,g
6288,Fat,2.3,g
6288,Cholesterol,0,mg
6288,Sodium,8.4,mg
6289,Energy,68,cal
6289,Protein,2.6,g
6289,Carbohydrates,9.2,g
6289,Fiber,1.5,g
6289,Fat,2.3,g
6289,Cholesterol,0,mg
6289,Sodium,8.4,mg
6290,Energy,272,cal
6290,Protein,8.3,g
6290,Carbohydrates,24.3,g
6290,Fiber,6,g
6290,Fat,15.9,g
6290,Cholesterol,0,mg
6290,Sodium,34.7,mg
6291,Energy,57,cal
6291,Protein,3.6,g
6291,Carbohydrates,10.2,g
6291,Fiber,1.6,g
6291,Fat,0.3,g
6291,Cholesterol,0,mg
6291,Sodium,5.3,mg
6292,Energy,212,cal
6292,Protein,7.8,g
6292,Carbohydrates,36.9,g
6292,Fiber,5.1,g
6292,Fat,3.7,g
6292,Cholesterol,0,mg
6292,Sodium,16.2,mg
6293,Energy,194,cal
6293,Protein,7.8,g
6293,Carbohydrates,36.9,g
6293,Fiber,5.1,g
6293,Fat,1.7,g
6293,Cholesterol,0,mg
6293,Sodium,16.2,mg
6294,Energy,96,cal
6294,Protein,6.1,g
6294,Carbohydrates,16.2,g
6294,Fiber,3.2,g
6294,Fat,0.8,g
6294,Cholesterol,0,mg
6294,Sodium,16.5,mg
6295,Energy,367,cal
6295,Protein,20.2,g
6295,Carbohydrates,55.9,g
6295,Fiber,15.4,g
6295,Fat,8.2,g
6295,Cholesterol,0,mg
6295,Sodium,83.1,mg
6296,Energy,366,cal
6296,Protein,20.2,g
6296,Carbohydrates,53,g
6296,Fiber,1.1,g
6296,Fat,8.2,g
6296,Cholesterol,0,mg
6296,Vitamin A,67.5,mcg
6296,Vitamin B1,0.4,mg
6296,Vitamin B2,0.1,mg
6296,Vitamin B3,1.5,mg
6296,Vitamin C,0,mg
6296,Folic Acid,0,mcg
6296,Calcium,52.2,mg
6296,Iron,2.3,mg
6296,Magnesium,0,mg
6296,Phosphorus,0,mg
6296,Sodium,0,mg
6296,Potassium,0,mg
6296,Zinc,0,mg
6297,Energy,366,cal
6297,Protein,20.2,g
6297,Carbohydrates,53,g
6297,Fiber,1.1,g
6297,Fat,8.2,g
6297,Cholesterol,0,mg
6297,Vitamin A,67.5,mcg
6297,Vitamin B1,0.4,mg
6297,Vitamin B2,0.1,mg
6297,Vitamin B3,1.5,mg
6297,Vitamin C,0,mg
6297,Folic Acid,0,mcg
6297,Calcium,52.2,mg
6297,Iron,2.3,mg
6297,Magnesium,0,mg
6297,Phosphorus,0,mg
6297,Sodium,0,mg
6297,Potassium,0,mg
6297,Zinc,0,mg
6298,Energy,366,cal
6298,Protein,20.2,g
6298,Carbohydrates,53,g
6298,Fiber,1.1,g
6298,Fat,8.2,g
6298,Cholesterol,0,mg
6298,Vitamin A,67.5,mcg
6298,Vitamin B1,0.4,mg
6298,Vitamin B2,0.1,mg
6298,Vitamin B3,1.5,mg
6298,Vitamin C,0,mg
6298,Folic Acid,0,mcg
6298,Calcium,52.2,mg
6298,Iron,2.3,mg
6298,Magnesium,0,mg
6298,Phosphorus,0,mg
6298,Sodium,0,mg
6298,Potassium,0,mg
6298,Zinc,0,mg
6299,Energy,366,cal
6299,Protein,20.2,g
6299,Carbohydrates,53,g
6299,Fiber,1.1,g
6299,Fat,8.2,g
6299,Cholesterol,0,mg
6299,Vitamin A,67.5,mcg
6299,Vitamin B1,0.4,mg
6299,Vitamin B2,0.1,mg
6299,Vitamin B3,1.5,mg
6299,Vitamin C,0,mg
6299,Folic Acid,0,mcg
6299,Calcium,52.2,mg
6299,Iron,2.3,mg
6299,Magnesium,0,mg
6299,Phosphorus,0,mg
6299,Sodium,0,mg
6299,Potassium,0,mg
6299,Zinc,0,mg
6300,Energy,366,cal
6300,Protein,20.2,g
6300,Carbohydrates,53,g
6300,Fiber,1.1,g
6300,Fat,8.2,g
6300,Cholesterol,0,mg
6300,Vitamin A,67.5,mcg
6300,Vitamin B1,0.4,mg
6300,Vitamin B2,0.1,mg
6300,Vitamin B3,1.5,mg
6300,Vitamin C,0,mg
6300,Folic Acid,0,mcg
6300,Calcium,52.2,mg
6300,Iron,2.3,mg
6300,Magnesium,0,mg
6300,Phosphorus,0,mg
6300,Sodium,0,mg
6300,Potassium,0,mg
6300,Zinc,0,mg
6301,Energy,366,cal
6301,Protein,20.2,g
6301,Carbohydrates,53,g
6301,Fiber,1.1,g
6301,Fat,8.2,g
6301,Cholesterol,0,mg
6301,Vitamin A,67.5,mcg
6301,Vitamin B1,0.4,mg
6301,Vitamin B2,0.1,mg
6301,Vitamin B3,1.5,mg
6301,Vitamin C,0,mg
6301,Folic Acid,0,mcg
6301,Calcium,52.2,mg
6301,Iron,2.3,mg
6301,Magnesium,0,mg
6301,Phosphorus,0,mg
6301,Sodium,0,mg
6301,Potassium,0,mg
6301,Zinc,0,mg
6302,Energy,144,cal
6302,Protein,0.7,g
6302,Carbohydrates,18.3,g
6302,Fiber,0.8,g
6302,Fat,7.5,g
6302,Cholesterol,0,mg
6302,Sodium,5.1,mg
6303,Energy,144,cal
6303,Protein,0.7,g
6303,Carbohydrates,18.3,g
6303,Fiber,0.8,g
6303,Fat,7.5,g
6303,Cholesterol,0,mg
6303,Sodium,5.1,mg
6304,Energy,436,cal
6304,Protein,14.5,g
6304,Carbohydrates,58.9,g
6304,Fiber,10.1,g
6304,Fat,15.9,g
6304,Cholesterol,0,mg
6304,Sodium,50,mg
6305,Energy,436,cal
6305,Protein,14.5,g
6305,Carbohydrates,58.9,g
6305,Fiber,10.1,g
6305,Fat,15.9,g
6305,Cholesterol,0,mg
6305,Sodium,50,mg
6306,Energy,436,cal
6306,Protein,14.5,g
6306,Carbohydrates,58.9,g
6306,Fiber,10.1,g
6306,Fat,15.9,g
6306,Cholesterol,0,mg
6306,Sodium,50,mg
6307,Energy,164,cal
6307,Protein,4,g
6307,Carbohydrates,17.7,g
6307,Fiber,0.1,g
6307,Fat,6.6,g
6307,Cholesterol,13.3,mg
6307,Sodium,15.8,mg
6308,Energy,164,cal
6308,Protein,4,g
6308,Carbohydrates,17.7,g
6308,Fiber,0.1,g
6308,Fat,6.6,g
6308,Cholesterol,13.3,mg
6308,Sodium,15.8,mg
6309,Energy,147,cal
6309,Protein,2.3,g
6309,Carbohydrates,31.2,g
6309,Fiber,14.5,g
6309,Fat,2,g
6309,Cholesterol,0,mg
6309,Sodium,26.4,mg
6310,Energy,220,cal
6310,Protein,3.4,g
6310,Carbohydrates,88.5,g
6310,Fiber,1.6,g
6310,Fat,11.2,g
6310,Cholesterol,21.3,mg
6310,Sodium,127.3,mg
6311,Energy,25,cal
6311,Protein,0.7,g
6311,Carbohydrates,1.5,g
6311,Fiber,0,g
6311,Fat,1.6,g
6311,Cholesterol,1.3,mg
6311,Sodium,1.5,mg
6312,Energy,25,cal
6312,Protein,0.7,g
6312,Carbohydrates,1.5,g
6312,Fiber,0,g
6312,Fat,1.6,g
6312,Cholesterol,1.3,mg
6312,Sodium,1.5,mg
6313,Energy,25,cal
6313,Protein,0.7,g
6313,Carbohydrates,1.5,g
6313,Fiber,0,g
6313,Fat,1.6,g
6313,Cholesterol,1.3,mg
6313,Sodium,1.5,mg
6314,Energy,25,cal
6314,Protein,0.7,g
6314,Carbohydrates,1.5,g
6314,Fiber,0,g
6314,Fat,1.6,g
6314,Cholesterol,1.3,mg
6314,Sodium,1.5,mg
6315,Energy,286,cal
6315,Protein,6.9,g
6315,Carbohydrates,41.3,g
6315,Fiber,0.6,g
6315,Fat,9.8,g
6315,Cholesterol,4,mg
6315,Sodium,17.7,mg
6316,Energy,84,cal
6316,Protein,1.9,g
6316,Carbohydrates,9.7,g
6316,Fiber,0.1,g
6316,Fat,3.9,g
6316,Cholesterol,1.3,mg
6316,Sodium,4.3,mg
6317,Energy,121,cal
6317,Protein,1.9,g
6317,Carbohydrates,13.8,g
6317,Fiber,0.1,g
6317,Fat,6.5,g
6317,Cholesterol,0,mg
6317,Sodium,4.5,mg
6318,Energy,34,cal
6318,Protein,1.2,g
6318,Carbohydrates,7.4,g
6318,Fiber,0.1,g
6318,Fat,0.1,g
6318,Cholesterol,0,mg
6318,Sodium,112.4,mg
6319,Energy,34,cal
6319,Protein,1.2,g
6319,Carbohydrates,7.4,g
6319,Fiber,0.1,g
6319,Fat,0.1,g
6319,Cholesterol,0,mg
6319,Sodium,112.4,mg
6320,Energy,34,cal
6320,Protein,1.2,g
6320,Carbohydrates,7.4,g
6320,Fiber,0.1,g
6320,Fat,0.1,g
6320,Cholesterol,0,mg
6320,Sodium,112.4,mg
6321,Energy,147,cal
6321,Protein,4,g
6321,Carbohydrates,20.2,g
6321,Fiber,0.4,g
6321,Fat,5.2,g
6321,Cholesterol,2.7,mg
6321,Sodium,9,mg
6322,Energy,147,cal
6322,Protein,4,g
6322,Carbohydrates,20.2,g
6322,Fiber,0.4,g
6322,Fat,5.2,g
6322,Cholesterol,2.7,mg
6322,Sodium,9,mg
6323,Energy,147,cal
6323,Protein,4,g
6323,Carbohydrates,20.2,g
6323,Fiber,0.4,g
6323,Fat,5.2,g
6323,Cholesterol,2.7,mg
6323,Sodium,9,mg
6324,Energy,147,cal
6324,Protein,4,g
6324,Carbohydrates,20.2,g
6324,Fiber,0.4,g
6324,Fat,5.2,g
6324,Cholesterol,2.7,mg
6324,Sodium,9,mg
6325,Energy,147,cal
6325,Protein,4,g
6325,Carbohydrates,20.2,g
6325,Fiber,0.4,g
6325,Fat,5.2,g
6325,Cholesterol,2.7,mg
6325,Sodium,9,mg
6326,Energy,253,cal
6326,Protein,6.7,g
6326,Carbohydrates,26.2,g
6326,Fiber,1.2,g
6326,Fat,13.5,g
6326,Cholesterol,0,mg
6326,Sodium,9,mg
6327,Energy,229,cal
6327,Protein,2.3,g
6327,Carbohydrates,30,g
6327,Fiber,0,g
6327,Fat,10.6,g
6327,Cholesterol,3.2,mg
6327,Sodium,6.7,mg
6328,Energy,229,cal
6328,Protein,2.3,g
6328,Carbohydrates,30,g
6328,Fiber,0,g
6328,Fat,10.6,g
6328,Cholesterol,3.2,mg
6328,Sodium,6.7,mg
6329,Energy,229,cal
6329,Protein,2.3,g
6329,Carbohydrates,30,g
6329,Fiber,0,g
6329,Fat,10.6,g
6329,Cholesterol,3.2,mg
6329,Sodium,6.7,mg
6330,Energy,100,cal
6330,Protein,1.6,g
6330,Carbohydrates,8.9,g
6330,Fiber,0.2,g
6330,Fat,6.2,g
6330,Cholesterol,1.6,mg
6330,Vitamin A,81.8,mcg
6330,Vitamin B1,0,mg
6330,Vitamin B2,0,mg
6330,Vitamin B3,0.2,mg
6330,Vitamin C,0.9,mg
6330,Folic Acid,0.9,mcg
6330,Calcium,24.9,mg
6330,Iron,0.2,mg
6330,Magnesium,0,mg
6330,Phosphorus,0,mg
6330,Sodium,4.4,mg
6330,Potassium,22.7,mg
6330,Zinc,0,mg
6331,Energy,100,cal
6331,Protein,1.6,g
6331,Carbohydrates,8.9,g
6331,Fiber,0.2,g
6331,Fat,6.2,g
6331,Cholesterol,1.6,mg
6331,Vitamin A,81.8,mcg
6331,Vitamin B1,0,mg
6331,Vitamin B2,0,mg
6331,Vitamin B3,0.2,mg
6331,Vitamin C,0.9,mg
6331,Folic Acid,0.9,mcg
6331,Calcium,24.9,mg
6331,Iron,0.2,mg
6331,Magnesium,0,mg
6331,Phosphorus,0,mg
6331,Sodium,4.4,mg
6331,Potassium,22.7,mg
6331,Zinc,0,mg
6332,Energy,100,cal
6332,Protein,1.6,g
6332,Carbohydrates,8.9,g
6332,Fiber,0.2,g
6332,Fat,6.2,g
6332,Cholesterol,1.6,mg
6332,Vitamin A,81.8,mcg
6332,Vitamin B1,0,mg
6332,Vitamin B2,0,mg
6332,Vitamin B3,0.2,mg
6332,Vitamin C,0.9,mg
6332,Folic Acid,0.9,mcg
6332,Calcium,24.9,mg
6332,Iron,0.2,mg
6332,Magnesium,0,mg
6332,Phosphorus,0,mg
6332,Sodium,4.4,mg
6332,Potassium,22.7,mg
6332,Zinc,0,mg
6333,Energy,100,cal
6333,Protein,1.6,g
6333,Carbohydrates,8.9,g
6333,Fiber,0.2,g
6333,Fat,6.2,g
6333,Cholesterol,1.6,mg
6333,Vitamin A,81.8,mcg
6333,Vitamin B1,0,mg
6333,Vitamin B2,0,mg
6333,Vitamin B3,0.2,mg
6333,Vitamin C,0.9,mg
6333,Folic Acid,0.9,mcg
6333,Calcium,24.9,mg
6333,Iron,0.2,mg
6333,Magnesium,0,mg
6333,Phosphorus,0,mg
6333,Sodium,4.4,mg
6333,Potassium,22.7,mg
6333,Zinc,0,mg
6334,Energy,180,cal
6334,Protein,3.7,g
6334,Carbohydrates,28.7,g
6334,Fiber,1.1,g
6334,Fat,5.6,g
6334,Cholesterol,0,mg
6334,Vitamin A,67.2,mcg
6334,Vitamin B1,0.1,mg
6334,Vitamin B2,0.1,mg
6334,Vitamin B3,1.3,mg
6334,Vitamin C,13.5,mg
6334,Folic Acid,26.7,mcg
6334,Calcium,20.9,mg
6334,Iron,4.6,mg
6334,Magnesium,0,mg
6334,Phosphorus,0,mg
6334,Sodium,10.7,mg
6334,Potassium,157.6,mg
6334,Zinc,0.3,mg
6335,Energy,53,cal
6335,Protein,1.7,g
6335,Carbohydrates,4.9,g
6335,Fiber,1.3,g
6335,Fat,3,g
6335,Cholesterol,0,mg
6335,Vitamin A,33.1,mcg
6335,Vitamin B1,0,mg
6335,Vitamin B2,0,mg
6335,Vitamin B3,0.2,mg
6335,Vitamin C,0.1,mg
6335,Folic Acid,12.1,mcg
6335,Calcium,4.6,mg
6335,Iron,0.4,mg
6335,Magnesium,0,mg
6335,Phosphorus,0,mg
6335,Sodium,6,mg
6335,Potassium,59,mg
6335,Zinc,0.1,mg
6336,Energy,114,cal
6336,Protein,1.8,g
6336,Carbohydrates,14.7,g
6336,Fiber,1.3,g
6336,Fat,5.3,g
6336,Cholesterol,0,mg
6336,Sodium,21.5,mg
6337,Energy,77,cal
6337,Protein,2,g
6337,Carbohydrates,5.1,g
6337,Fiber,0.9,g
6337,Fat,5.4,g
6337,Cholesterol,0,mg
6337,Vitamin A,31.1,mcg
6337,Vitamin B1,0.1,mg
6337,Vitamin B2,0,mg
6337,Vitamin B3,1.4,mg
6337,Vitamin C,6.9,mg
6337,Folic Acid,4.5,mcg
6337,Calcium,12.2,mg
6337,Iron,1.4,mg
6337,Magnesium,0,mg
6337,Phosphorus,0,mg
6337,Sodium,2.9,mg
6337,Potassium,53.3,mg
6337,Zinc,0.3,mg
6338,Energy,172,cal
6338,Protein,3,g
6338,Carbohydrates,22.7,g
6338,Fiber,1.8,g
6338,Fat,7.6,g
6338,Cholesterol,0,mg
6338,Vitamin A,89.3,mcg
6338,Vitamin B1,0,mg
6338,Vitamin B2,0.1,mg
6338,Vitamin B3,0.4,mg
6338,Vitamin C,34.6,mg
6338,Folic Acid,28.3,mcg
6338,Calcium,19.6,mg
6338,Iron,9.2,mg
6338,Magnesium,0,mg
6338,Phosphorus,0,mg
6338,Sodium,22.8,mg
6338,Potassium,301.9,mg
6338,Zinc,0.2,mg
6339,Energy,17,cal
6339,Protein,0.1,g
6339,Carbohydrates,4.1,g
6339,Fiber,0.1,g
6339,Fat,0,g
6339,Cholesterol,0,mg
6339,Sodium,0.4,mg
6340,Energy,18,cal
6340,Protein,0,g
6340,Carbohydrates,4.5,g
6340,Fiber,0.1,g
6340,Fat,0,g
6340,Cholesterol,0,mg
6340,Sodium,55.5,mg
6341,Energy,117,cal
6341,Protein,0.6,g
6341,Carbohydrates,12.9,g
6341,Fiber,1.2,g
6341,Fat,7.5,g
6341,Cholesterol,0,mg
6341,Vitamin A,207.4,mcg
6341,Vitamin B1,0.1,mg
6341,Vitamin B2,0.1,mg
6341,Vitamin B3,0.5,mg
6341,Vitamin C,19.5,mg
6341,Folic Acid,10,mcg
6341,Calcium,16.5,mg
6341,Iron,0.2,mg
6341,Magnesium,0,mg
6341,Phosphorus,0,mg
6341,Sodium,2.1,mg
6341,Potassium,124.1,mg
6341,Zinc,0.1,mg
6342,Energy,57,cal
6342,Protein,0.4,g
6342,Carbohydrates,14.4,g
6342,Fiber,1.3,g
6342,Fat,0.2,g
6342,Cholesterol,0,mg
6342,Vitamin A,175.9,mcg
6342,Vitamin B1,0.1,mg
6342,Vitamin B2,0.1,mg
6342,Vitamin B3,0.4,mg
6342,Vitamin C,20,mg
6342,Folic Acid,12,mcg
6342,Calcium,14.5,mg
6342,Iron,0.2,mg
6342,Magnesium,0,mg
6342,Phosphorus,0,mg
6342,Sodium,3.1,mg
6342,Potassium,116.1,mg
6342,Zinc,0,mg
6343,Energy,154,cal
6343,Protein,0.5,g
6343,Carbohydrates,18.2,g
6343,Fiber,1.3,g
6343,Fat,8.9,g
6343,Cholesterol,0,mg
6343,Sodium,2,mg
6344,Energy,48,cal
6344,Protein,1.2,g
6344,Carbohydrates,5.8,g
6344,Fiber,0.9,g
6344,Fat,2.6,g
6344,Cholesterol,0,mg
6344,Sodium,5.4,mg
6345,Energy,48,cal
6345,Protein,1.2,g
6345,Carbohydrates,5.8,g
6345,Fiber,0.9,g
6345,Fat,2.6,g
6345,Cholesterol,0,mg
6345,Sodium,5.4,mg
6346,Energy,4,cal
6346,Protein,0.1,g
6346,Carbohydrates,0.9,g
6346,Fiber,0,g
6346,Fat,0,g
6346,Cholesterol,0,mg
6346,Sodium,0.3,mg
6347,Energy,144,cal
6347,Protein,3.9,g
6347,Carbohydrates,10.7,g
6347,Fiber,3.3,g
6347,Fat,9.9,g
6347,Cholesterol,0,mg
6347,Vitamin A,869.7,mcg
6347,Vitamin B1,0.1,mg
6347,Vitamin B2,0,mg
6347,Vitamin B3,2,mg
6347,Vitamin C,54.6,mg
6347,Folic Acid,8.3,mcg
6347,Calcium,37.3,mg
6347,Iron,0.8,mg
6347,Magnesium,0,mg
6347,Phosphorus,0,mg
6347,Sodium,2.5,mg
6347,Potassium,132.1,mg
6347,Zinc,0.4,mg
6348,Energy,96,cal
6348,Protein,4,g
6348,Carbohydrates,7.2,g
6348,Fiber,3.5,g
6348,Fat,6.3,g
6348,Cholesterol,0,mg
6348,Sodium,15.9,mg
6349,Energy,260,cal
6349,Protein,0.5,g
6349,Carbohydrates,63.9,g
6349,Fiber,1.6,g
6349,Fat,0.1,g
6349,Cholesterol,0,mg
6349,Sodium,2606.3,mg
6350,Energy,260,cal
6350,Protein,0.5,g
6350,Carbohydrates,63.9,g
6350,Fiber,1.6,g
6350,Fat,0.1,g
6350,Cholesterol,0,mg
6350,Sodium,2606.3,mg
6351,Energy,48,cal
6351,Protein,0.9,g
6351,Carbohydrates,11,g
6351,Fiber,2.1,g
6351,Fat,0.2,g
6351,Cholesterol,0,mg
6351,Sodium,15.9,mg
6353,Energy,91,cal
6353,Protein,2,g
6353,Carbohydrates,3.9,g
6353,Fiber,0.7,g
6353,Fat,7.5,g
6353,Cholesterol,0,mg
6353,Sodium,0.6,mg
6354,Energy,91,cal
6354,Protein,2,g
6354,Carbohydrates,3.9,g
6354,Fiber,0.7,g
6354,Fat,7.5,g
6354,Cholesterol,0,mg
6354,Sodium,0.6,mg
6355,Energy,91,cal
6355,Protein,2,g
6355,Carbohydrates,3.9,g
6355,Fiber,0.7,g
6355,Fat,7.5,g
6355,Cholesterol,0,mg
6355,Sodium,0.6,mg
6356,Energy,1,cal
6356,Protein,0,g
6356,Carbohydrates,0.1,g
6356,Fiber,0.1,g
6356,Fat,0,g
6356,Cholesterol,0,mg
6356,Sodium,0.1,mg
6357,Energy,8,cal
6357,Protein,0,g
6357,Carbohydrates,0.1,g
6357,Fiber,0,g
6357,Fat,0.8,g
6357,Cholesterol,0,mg
6357,Sodium,0,mg
6358,Energy,8,cal
6358,Protein,0,g
6358,Carbohydrates,0.1,g
6358,Fiber,0,g
6358,Fat,0.8,g
6358,Cholesterol,0,mg
6358,Sodium,0,mg
6359,Energy,5,cal
6359,Protein,0.1,g
6359,Carbohydrates,1.1,g
6359,Fiber,0.1,g
6359,Fat,0,g
6359,Cholesterol,0,mg
6359,Vitamin A,14.8,mcg
6359,Vitamin B1,0,mg
6359,Vitamin B2,0,mg
6359,Vitamin B3,0,mg
6359,Vitamin C,1.1,mg
6359,Folic Acid,1.2,mcg
6359,Calcium,4.4,mg
6359,Iron,0.1,mg
6359,Magnesium,0,mg
6359,Phosphorus,0,mg
6359,Sodium,0.5,mg
6359,Potassium,17.3,mg
6359,Zinc,0.1,mg
6360,Energy,37,cal
6360,Protein,0.4,g
6360,Carbohydrates,1.3,g
6360,Fiber,1,g
6360,Fat,3.3,g
6360,Cholesterol,0,mg
6360,Sodium,1.6,mg
6361,Energy,43,cal
6361,Protein,0.4,g
6361,Carbohydrates,1.2,g
6361,Fiber,1,g
6361,Fat,4,g
6361,Cholesterol,0,mg
6361,Sodium,1.5,mg
6363,Energy,59,cal
6363,Protein,0,g
6363,Carbohydrates,0.3,g
6363,Fiber,0,g
6363,Fat,6.5,g
6363,Cholesterol,0,mg
6363,Sodium,0.1,mg
6364,Energy,15,cal
6364,Protein,0.3,g
6364,Carbohydrates,3.3,g
6364,Fiber,0,g
6364,Fat,0.1,g
6364,Cholesterol,0,mg
6364,Sodium,0.5,mg
6365,Energy,15,cal
6365,Protein,0.3,g
6365,Carbohydrates,3.3,g
6365,Fiber,0,g
6365,Fat,0.1,g
6365,Cholesterol,0,mg
6365,Sodium,0.5,mg
6366,Energy,29,cal
6366,Protein,0.4,g
6366,Carbohydrates,5.2,g
6366,Fiber,0.2,g
6366,Fat,0.8,g
6366,Cholesterol,0,mg
6366,Sodium,2,mg
6367,Energy,152,cal
6367,Protein,2.3,g
6367,Carbohydrates,7.5,g
6367,Fiber,0.4,g
6367,Fat,11.6,g
6367,Cholesterol,5.3,mg
6367,Sodium,9.5,mg
6368,Energy,152,cal
6368,Protein,2.3,g
6368,Carbohydrates,7.5,g
6368,Fiber,0.4,g
6368,Fat,11.6,g
6368,Cholesterol,5.3,mg
6368,Sodium,9.5,mg
6369,Energy,152,cal
6369,Protein,2.3,g
6369,Carbohydrates,7.5,g
6369,Fiber,0.4,g
6369,Fat,11.6,g
6369,Cholesterol,5.3,mg
6369,Sodium,9.5,mg
6370,Energy,152,cal
6370,Protein,2.3,g
6370,Carbohydrates,7.5,g
6370,Fiber,0.4,g
6370,Fat,11.6,g
6370,Cholesterol,5.3,mg
6370,Sodium,9.5,mg
6371,Energy,162,kcal
6371,Protein,5.6,gm
6371,Carbohydrates,22.2,gm
6371,Fat,5.6,gm
6371,Iron,2.2,mg
6371,Fibre,2.6,gm
6372,Energy,405,cal
6372,Protein,17.9,g
6372,Carbohydrates,53,g
6372,Fiber,4.5,g
6372,Fat,13.4,g
6372,Cholesterol,15,mg
6372,Sodium,57.4,mg
6373,Energy,405,cal
6373,Protein,17.9,g
6373,Carbohydrates,53,g
6373,Fiber,4.5,g
6373,Fat,13.4,g
6373,Cholesterol,15,mg
6373,Sodium,57.4,mg
6374,Energy,405,cal
6374,Protein,17.9,g
6374,Carbohydrates,53,g
6374,Fiber,4.5,g
6374,Fat,13.4,g
6374,Cholesterol,15,mg
6374,Sodium,57.4,mg
6375,Energy,306,cal
6375,Protein,4.2,g
6375,Carbohydrates,26.3,g
6375,Fiber,2.6,g
6375,Fat,20.2,g
6375,Cholesterol,7.5,mg
6375,Sodium,34.8,mg
6376,Energy,94,cal
6376,Protein,2.5,g
6376,Carbohydrates,12.8,g
6376,Fiber,1.7,g
6376,Fat,3.6,g
6376,Cholesterol,0,mg
6376,Sodium,7.2,mg
6377,Energy,56,cal
6377,Protein,2.6,gm
6378,Energy,142,cal
6378,Protein,3.3,g
6378,Carbohydrates,19.7,g
6378,Fiber,2.4,g
6378,Fat,5.5,g
6378,Cholesterol,0,mg
6378,Vitamin A,623.4,mcg
6378,Vitamin B1,0.1,mg
6378,Vitamin B2,0,mg
6378,Vitamin B3,0.8,mg
6378,Vitamin C,22.9,mg
6378,Folic Acid,19.8,mcg
6378,Calcium,94.3,mg
6378,Iron,1,mg
6378,Magnesium,0,mg
6378,Phosphorus,0,mg
6378,Sodium,40.5,mg
6378,Potassium,173.3,mg
6378,Zinc,0.5,mg
6379,Energy,58,cal
6379,Protein,1.7,g
6379,Carbohydrates,9.2,g
6379,Fiber,0.4,g
6379,Fat,1.6,g
6379,Cholesterol,0,mg
6379,Vitamin A,16,mcg
6379,Vitamin B1,0,mg
6379,Vitamin B2,0,mg
6379,Vitamin B3,0.2,mg
6379,Vitamin C,0,mg
6379,Folic Acid,0.8,mcg
6379,Calcium,27.8,mg
6379,Iron,0.2,mg
6379,Magnesium,0,mg
6379,Phosphorus,0,mg
6379,Sodium,0.2,mg
6379,Potassium,2.9,mg
6379,Zinc,0.1,mg
6380,Energy,122,cal
6380,Protein,2.8,g
6380,Carbohydrates,20.1,g
6380,Fiber,2,g
6380,Fat,3.2,g
6380,Cholesterol,0,mg
6380,Sodium,8.3,mg
6381,Energy,122,cal
6381,Protein,2.8,g
6381,Carbohydrates,20.1,g
6381,Fiber,2,g
6381,Fat,3.2,g
6381,Cholesterol,0,mg
6381,Sodium,8.3,mg
6382,Energy,122,cal
6382,Protein,2.8,g
6382,Carbohydrates,20.1,g
6382,Fiber,2,g
6382,Fat,3.2,g
6382,Cholesterol,0,mg
6382,Sodium,8.3,mg
6383,Energy,122,cal
6383,Protein,2.8,g
6383,Carbohydrates,20.1,g
6383,Fiber,2,g
6383,Fat,3.2,g
6383,Cholesterol,0,mg
6383,Sodium,8.3,mg
6384,Energy,64,cal
6384,Protein,1.2,g
6384,Carbohydrates,5.5,g
6384,Fiber,0.9,g
6384,Fat,4.1,g
6384,Cholesterol,0,mg
6384,Vitamin A,54.4,mcg
6384,Vitamin B1,0,mg
6384,Vitamin B2,0,mg
6384,Vitamin B3,0.7,mg
6384,Vitamin C,1,mg
6384,Folic Acid,1.3,mcg
6384,Calcium,4.8,mg
6384,Iron,0.2,mg
6384,Magnesium,0,mg
6384,Phosphorus,0,mg
6384,Sodium,0.3,mg
6384,Potassium,3.5,mg
6384,Zinc,0.2,mg
6385,Energy,64,cal
6385,Protein,1.2,g
6385,Carbohydrates,5.5,g
6385,Fiber,0.9,g
6385,Fat,4.1,g
6385,Cholesterol,0,mg
6385,Vitamin A,54.4,mcg
6385,Vitamin B1,0,mg
6385,Vitamin B2,0,mg
6385,Vitamin B3,0.7,mg
6385,Vitamin C,1,mg
6385,Folic Acid,1.3,mcg
6385,Calcium,4.8,mg
6385,Iron,0.2,mg
6385,Magnesium,0,mg
6385,Phosphorus,0,mg
6385,Sodium,0.3,mg
6385,Potassium,3.5,mg
6385,Zinc,0.2,mg
6386,Energy,134,cal
6386,Protein,8.3,g
6386,Carbohydrates,17.2,g
6386,Fiber,5.2,g
6386,Fat,3.6,g
6386,Cholesterol,1.3,mg
6386,Sodium,5.8,mg
6387,Energy,744,cal
6387,Protein,8.8,g
6387,Carbohydrates,34.5,g
6387,Fiber,3.3,g
6387,Fat,63.6,g
6387,Cholesterol,0,mg
6387,Sodium,2.8,mg
6388,Energy,744,cal
6388,Protein,8.8,g
6388,Carbohydrates,34.5,g
6388,Fiber,3.3,g
6388,Fat,63.6,g
6388,Cholesterol,0,mg
6388,Sodium,2.8,mg
6389,Energy,744,cal
6389,Protein,8.8,g
6389,Carbohydrates,34.5,g
6389,Fiber,3.3,g
6389,Fat,63.6,g
6389,Cholesterol,0,mg
6389,Sodium,2.8,mg
6390,Energy,59,cal
6390,Protein,0.8,g
6390,Carbohydrates,5.7,g
6390,Fiber,0.5,g
6390,Fat,3.6,g
6390,Cholesterol,0,mg
6390,Sodium,1.2,mg
6391,Energy,100,cal
6391,Protein,1.4,g
6391,Carbohydrates,7.6,g
6391,Fiber,0.7,g
6391,Fat,7.1,g
6391,Cholesterol,0,mg
6391,Vitamin A,59.1,mcg
6391,Vitamin B1,0,mg
6391,Vitamin B2,0,mg
6391,Vitamin B3,0.5,mg
6391,Vitamin C,0.1,mg
6391,Folic Acid,3.4,mcg
6391,Calcium,5.5,mg
6391,Iron,0.2,mg
6391,Magnesium,0,mg
6391,Phosphorus,0,mg
6391,Sodium,0.8,mg
6391,Potassium,15.9,mg
6391,Zinc,0.2,mg
6392,Energy,100,cal
6392,Protein,1.4,g
6392,Carbohydrates,7.6,g
6392,Fiber,0.7,g
6392,Fat,7.1,g
6392,Cholesterol,0,mg
6392,Vitamin A,59.1,mcg
6392,Vitamin B1,0,mg
6392,Vitamin B2,0,mg
6392,Vitamin B3,0.5,mg
6392,Vitamin C,0.1,mg
6392,Folic Acid,3.4,mcg
6392,Calcium,5.5,mg
6392,Iron,0.2,mg
6392,Magnesium,0,mg
6392,Phosphorus,0,mg
6392,Sodium,0.8,mg
6392,Potassium,15.9,mg
6392,Zinc,0.2,mg
6393,Energy,121,cal
6393,Protein,1.8,g
6393,Carbohydrates,23.7,g
6393,Fiber,1,g
6393,Fat,1.9,g
6393,Cholesterol,0,mg
6393,Sodium,246.8,mg
6394,Energy,45,cal
6394,Protein,0.4,g
6394,Carbohydrates,3.8,g
6394,Fiber,0.1,g
6394,Fat,3,g
6394,Cholesterol,0.5,mg
6394,Sodium,0.6,mg
6395,Energy,45,cal
6395,Protein,0.4,g
6395,Carbohydrates,3.8,g
6395,Fiber,0.1,g
6395,Fat,3,g
6395,Cholesterol,0.5,mg
6395,Sodium,0.6,mg
6396,Energy,228,cal
6396,Protein,5,g
6396,Carbohydrates,36,g
6396,Fiber,0.7,g
6396,Fat,5.6,g
6396,Cholesterol,0,mg
6396,Vitamin A,130.4,mcg
6396,Vitamin B1,0.2,mg
6396,Vitamin B2,0.1,mg
6396,Vitamin B3,0.5,mg
6396,Vitamin C,1,mg
6396,Folic Acid,9.5,mcg
6396,Calcium,181.2,mg
6396,Iron,0.4,mg
6396,Magnesium,0,mg
6396,Phosphorus,0,mg
6396,Sodium,29.7,mg
6396,Potassium,113.4,mg
6396,Zinc,0.3,mg
6397,Energy,169,cal
6397,Protein,2,g
6397,Carbohydrates,27.2,g
6397,Fiber,0.8,g
6397,Fat,5.5,g
6397,Cholesterol,0,mg
6397,Sodium,0,mg
6398,Energy,169,cal
6398,Protein,2,g
6398,Carbohydrates,27.2,g
6398,Fiber,0.8,g
6398,Fat,5.5,g
6398,Cholesterol,0,mg
6398,Sodium,0,mg
6399,Energy,169,cal
6399,Protein,2,g
6399,Carbohydrates,27.2,g
6399,Fiber,0.8,g
6399,Fat,5.5,g
6399,Cholesterol,0,mg
6399,Sodium,0,mg
6400,Energy,215,cal
6400,Protein,3.5,g
6400,Carbohydrates,40.7,g
6400,Fiber,2.1,g
6400,Fat,4.3,g
6400,Cholesterol,0,mg
6400,Sodium,3.6,mg
6401,Energy,215,cal
6401,Protein,3.5,g
6401,Carbohydrates,40.7,g
6401,Fiber,2.1,g
6401,Fat,4.3,g
6401,Cholesterol,0,mg
6401,Sodium,3.6,mg
6409,Energy,60,cal
6409,Protein,1,g
6409,Carbohydrates,11.1,g
6409,Fiber,0.3,g
6409,Fat,1,g
6409,Cholesterol,0.8,mg
6409,Sodium,0.9,mg
6410,Energy,60,cal
6410,Protein,1,g
6410,Carbohydrates,11.1,g
6410,Fiber,0.3,g
6410,Fat,1,g
6410,Cholesterol,0.8,mg
6410,Sodium,0.9,mg
6411,Energy,78,cal
6411,Protein,1.4,g
6411,Carbohydrates,15.6,g
6411,Fiber,0.8,g
6411,Fat,1.1,g
6411,Cholesterol,0,mg
6411,Sodium,1.4,mg
6412,Energy,183,cal
6412,Protein,3,g
6412,Carbohydrates,22.7,g
6412,Fiber,0.7,g
6412,Fat,8.5,g
6412,Cholesterol,1.6,mg
6412,Sodium,5.5,mg
6413,Energy,183,cal
6413,Protein,3,g
6413,Carbohydrates,22.7,g
6413,Fiber,0.7,g
6413,Fat,8.5,g
6413,Cholesterol,1.6,mg
6413,Sodium,5.5,mg
6414,Energy,261,cal
6414,Protein,6.7,g
6414,Carbohydrates,26.5,g
6414,Fiber,1.7,g
6414,Fat,13.8,g
6414,Cholesterol,33.5,mg
6414,Vitamin A,467.3,mcg
6414,Vitamin B1,0.1,mg
6414,Vitamin B2,0.1,mg
6414,Vitamin B3,0.7,mg
6414,Vitamin C,24.1,mg
6414,Folic Acid,7.3,mcg
6414,Calcium,166.3,mg
6414,Iron,0.7,mg
6414,Magnesium,0,mg
6414,Phosphorus,0,mg
6414,Sodium,205.2,mg
6414,Potassium,77.5,mg
6414,Zinc,0.8,mg
6415,Energy,261,cal
6415,Protein,6.7,g
6415,Carbohydrates,26.5,g
6415,Fiber,1.7,g
6415,Fat,13.8,g
6415,Cholesterol,33.5,mg
6415,Vitamin A,467.3,mcg
6415,Vitamin B1,0.1,mg
6415,Vitamin B2,0.1,mg
6415,Vitamin B3,0.7,mg
6415,Vitamin C,24.1,mg
6415,Folic Acid,7.3,mcg
6415,Calcium,166.3,mg
6415,Iron,0.7,mg
6415,Magnesium,0,mg
6415,Phosphorus,0,mg
6415,Sodium,205.2,mg
6415,Potassium,77.5,mg
6415,Zinc,0.8,mg
6416,Energy,387,cal
6416,Protein,6.6,g
6416,Carbohydrates,52.3,g
6416,Fiber,6.7,g
6416,Fat,16.8,g
6416,Cholesterol,0,mg
6416,Vitamin A,344.2,mcg
6416,Vitamin B1,0,mg
6416,Vitamin B2,0.1,mg
6416,Vitamin B3,1.4,mg
6416,Vitamin C,16,mg
6416,Folic Acid,12.9,mcg
6416,Calcium,33.2,mg
6416,Iron,1.3,mg
6416,Magnesium,0,mg
6416,Phosphorus,0,mg
6416,Sodium,14.2,mg
6416,Potassium,79.3,mg
6416,Zinc,0.9,mg
6417,Energy,387,cal
6417,Protein,6.6,g
6417,Carbohydrates,52.3,g
6417,Fiber,6.7,g
6417,Fat,16.8,g
6417,Cholesterol,0,mg
6417,Vitamin A,344.2,mcg
6417,Vitamin B1,0,mg
6417,Vitamin B2,0.1,mg
6417,Vitamin B3,1.4,mg
6417,Vitamin C,16,mg
6417,Folic Acid,12.9,mcg
6417,Calcium,33.2,mg
6417,Iron,1.3,mg
6417,Magnesium,0,mg
6417,Phosphorus,0,mg
6417,Sodium,14.2,mg
6417,Potassium,79.3,mg
6417,Zinc,0.9,mg
6418,Energy,73,cal
6418,Protein,1.3,g
6418,Carbohydrates,14.4,g
6418,Fiber,0.8,g
6418,Fat,1.2,g
6418,Cholesterol,0,mg
6418,Sodium,1.3,mg
6419,Energy,418,cal
6419,Protein,7.8,g
6419,Carbohydrates,47.8,g
6419,Fiber,1.5,g
6419,Fat,22.4,g
6419,Cholesterol,55.7,mg
6419,Sodium,288.4,mg
6420,Energy,116,cal
6420,Protein,1.7,g
6420,Carbohydrates,13.4,g
6420,Fiber,1,g
6420,Fat,6.4,g
6420,Cholesterol,0,mg
6420,Sodium,7.6,mg
6421,Energy,88,cal
6421,Protein,0.8,g
6421,Carbohydrates,8.6,g
6421,Fiber,0,g
6421,Fat,5.6,g
6421,Cholesterol,0,mg
6421,Vitamin A,219.5,mcg
6421,Vitamin B1,0,mg
6421,Vitamin B2,0,mg
6421,Vitamin B3,0.2,mg
6421,Vitamin C,0,mg
6421,Folic Acid,0,mcg
6421,Calcium,1.8,mg
6421,Iron,0.2,mg
6421,Magnesium,0,mg
6421,Phosphorus,0,mg
6421,Sodium,56.9,mg
6421,Potassium,11.8,mg
6421,Zinc,0,mg
6422,Energy,309,cal
6422,Protein,2.9,g
6422,Carbohydrates,21.9,g
6422,Fiber,0,g
6422,Fat,23,g
6422,Cholesterol,5.3,mg
6422,Sodium,29.4,mg
6423,Energy,2413,cal
6423,Protein,39.3,g
6423,Carbohydrates,270.8,g
6423,Fiber,0.5,g
6423,Fat,128,g
6423,Cholesterol,0,mg
6423,Vitamin A,5067.2,mcg
6423,Vitamin B1,0.4,mg
6423,Vitamin B2,0.7,mg
6423,Vitamin B3,4.2,mg
6423,Vitamin C,0.8,mg
6423,Folic Acid,109.9,mcg
6423,Calcium,276.5,mg
6423,Iron,7.4,mg
6423,Magnesium,0,mg
6423,Phosphorus,0,mg
6423,Sodium,1086.9,mg
6423,Potassium,315.3,mg
6423,Zinc,1,mg
6424,Energy,9,cal
6424,Protein,0,g
6424,Carbohydrates,0.9,g
6424,Fiber,0,g
6424,Fat,0.6,g
6424,Cholesterol,0,mg
6424,Vitamin A,5.6,mcg
6424,Vitamin B1,0,mg
6424,Vitamin B2,0,mg
6424,Vitamin B3,0,mg
6424,Vitamin C,0.5,mg
6424,Folic Acid,0,mcg
6424,Calcium,1.3,mg
6424,Iron,0,mg
6424,Magnesium,0,mg
6424,Phosphorus,0,mg
6424,Sodium,0,mg
6424,Potassium,7.8,mg
6424,Zinc,0.1,mg
6425,Energy,69,cal
6425,Protein,1.6,g
6425,Carbohydrates,10.4,g
6425,Fiber,0.1,g
6425,Fat,2.4,g
6425,Cholesterol,0,mg
6425,Vitamin A,61.8,mcg
6425,Vitamin B1,0,mg
6425,Vitamin B2,0,mg
6425,Vitamin B3,0.3,mg
6425,Vitamin C,1.5,mg
6425,Folic Acid,1.7,mcg
6425,Calcium,5.9,mg
6425,Iron,0.4,mg
6425,Magnesium,0,mg
6425,Phosphorus,0,mg
6425,Sodium,8.2,mg
6425,Potassium,26.3,mg
6425,Zinc,0.1,mg
6426,Energy,53,cal
6426,Protein,1.4,g
6426,Carbohydrates,8.6,g
6426,Fiber,0.3,g
6426,Fat,1.5,g
6426,Cholesterol,0,mg
6426,Vitamin A,488.3,mcg
6426,Vitamin B1,0,mg
6426,Vitamin B2,0,mg
6426,Vitamin B3,0.3,mg
6426,Vitamin C,2.4,mg
6426,Folic Acid,10.5,mcg
6426,Calcium,10.7,mg
6426,Iron,0.4,mg
6426,Magnesium,0,mg
6426,Phosphorus,0,mg
6426,Sodium,6,mg
6426,Potassium,33.8,mg
6426,Zinc,0.2,mg
6427,Energy,397,cal
6427,Protein,15.4,g
6427,Carbohydrates,34.1,g
6427,Fiber,0.7,g
6427,Fat,22,g
6427,Cholesterol,11.5,mg
6427,Vitamin A,1430.7,mcg
6427,Vitamin B1,0.1,mg
6427,Vitamin B2,0.1,mg
6427,Vitamin B3,1.1,mg
6427,Vitamin C,6.3,mg
6427,Folic Acid,27.7,mcg
6427,Calcium,306.9,mg
6427,Iron,1.8,mg
6427,Magnesium,0,mg
6427,Phosphorus,0,mg
6427,Sodium,334.1,mg
6427,Potassium,100,mg
6427,Zinc,0.3,mg
6428,Energy,52,cal
6428,Protein,1.8,g
6428,Carbohydrates,5,g
6428,Fiber,2,g
6428,Fat,2.7,g
6428,Cholesterol,0,mg
6428,Sodium,80.7,mg
6429,Energy,71,cal
6429,Protein,2.6,g
6429,Carbohydrates,4.9,g
6429,Fiber,1.3,g
6429,Fat,3.3,g
6429,Cholesterol,0,mg
6429,Vitamin A,460.2,mcg
6429,Vitamin B1,0,mg
6429,Vitamin B2,0.1,mg
6429,Vitamin B3,0.2,mg
6429,Vitamin C,3.7,mg
6429,Folic Acid,2.8,mcg
6429,Calcium,126,mg
6429,Iron,1.2,mg
6429,Magnesium,0,mg
6429,Phosphorus,0,mg
6429,Sodium,11.4,mg
6429,Potassium,77,mg
6429,Zinc,0.3,mg
6430,Energy,29,cal
6430,Protein,0.5,g
6430,Carbohydrates,1.5,g
6430,Fiber,0.7,g
6430,Fat,2.3,g
6430,Cholesterol,0,mg
6430,Sodium,2.8,mg
6431,Energy,103,cal
6431,Protein,0.9,g
6431,Carbohydrates,5.5,g
6431,Fiber,2.4,g
6431,Fat,8.5,g
6431,Cholesterol,0,mg
6431,Vitamin A,63.9,mcg
6431,Vitamin B1,0,mg
6431,Vitamin B2,0,mg
6431,Vitamin B3,0.3,mg
6431,Vitamin C,5.4,mg
6431,Folic Acid,2.4,mcg
6431,Calcium,21.5,mg
6431,Iron,0.5,mg
6431,Magnesium,0,mg
6431,Phosphorus,0,mg
6431,Sodium,2.5,mg
6431,Potassium,56.6,mg
6431,Zinc,0.3,mg
6432,Energy,52,cal
6432,Protein,0.8,g
6432,Carbohydrates,6.1,g
6432,Fiber,2.5,g
6432,Fat,2.6,g
6432,Cholesterol,0,mg
6432,Sodium,4.3,mg
6433,Energy,53,calories
6433,Protein,1.3,gm
6433,Carbohydrates,4.1,gm
6433,Fat,3.4,gm
6433,Calcium,83.4,mg
6433,Iron,0.9,mg
6433,Fibre,0.5,gm
6434,Energy,109,cal
6434,Protein,1.3,g
6434,Carbohydrates,8.8,g
6434,Fiber,2.5,g
6434,Fat,7.7,g
6434,Cholesterol,0,mg
6434,Sodium,5.3,mg
6435,Energy,112,cal
6435,Protein,5.8,g
6435,Carbohydrates,15.6,g
6435,Fiber,12.7,g
6435,Fat,3,g
6435,Cholesterol,0,mg
6435,Sodium,9.5,mg
6439,Energy,181,cal
6439,Protein,12.4,g
6439,Carbohydrates,31.2,g
6439,Fiber,2.5,g
6439,Fat,0.7,g
6439,Cholesterol,0,mg
6439,Sodium,16.9,mg
6440,Energy,437,cal
6440,Protein,8.6,g
6440,Carbohydrates,38.3,g
6440,Fiber,0.7,g
6440,Fat,28.6,g
6440,Cholesterol,13.4,mg
6440,Sodium,25.3,mg
6441,Energy,437,cal
6441,Protein,8.6,g
6441,Carbohydrates,38.3,g
6441,Fiber,0.7,g
6441,Fat,28.6,g
6441,Cholesterol,13.4,mg
6441,Sodium,25.3,mg
6442,Energy,437,cal
6442,Protein,8.6,g
6442,Carbohydrates,38.3,g
6442,Fiber,0.7,g
6442,Fat,28.6,g
6442,Cholesterol,13.4,mg
6442,Sodium,25.3,mg
6443,Energy,437,cal
6443,Protein,8.6,g
6443,Carbohydrates,38.3,g
6443,Fiber,0.7,g
6443,Fat,28.6,g
6443,Cholesterol,13.4,mg
6443,Sodium,25.3,mg
6444,Energy,34,cal
6444,Protein,0.2,g
6444,Carbohydrates,3,g
6444,Fiber,0.2,g
6444,Fat,2.8,g
6444,Cholesterol,0,mg
6444,Sodium,55.7,mg
6445,Energy,53,cal
6445,Protein,0.4,g
6445,Carbohydrates,1.4,g
6445,Fiber,0.7,g
6445,Fat,5.1,g
6445,Cholesterol,0,mg
6445,Sodium,1,mg
6446,Energy,109,cal
6446,Protein,3.4,g
6446,Carbohydrates,9,g
6446,Fiber,3.8,g
6446,Fat,7.8,g
6446,Cholesterol,0,mg
6446,Sodium,25.1,mg
6447,Energy,182,cal
6447,Protein,6.4,g
6447,Carbohydrates,8.2,g
6447,Fiber,3.8,g
6447,Fat,14.9,g
6447,Cholesterol,0,mg
6447,Sodium,6.9,mg
6448,Energy,61,cal
6448,Protein,3,g
6448,Carbohydrates,11.3,g
6448,Fiber,3.4,g
6448,Fat,0.6,g
6448,Cholesterol,0,mg
6448,Sodium,25.1,mg
6449,Energy,61,cal
6449,Protein,3,g
6449,Carbohydrates,11.3,g
6449,Fiber,3.4,g
6449,Fat,0.6,g
6449,Cholesterol,0,mg
6449,Sodium,25.1,mg
6450,Energy,61,cal
6450,Protein,2.5,g
6450,Carbohydrates,6.8,g
6450,Fiber,1.6,g
6450,Fat,2.5,g
6450,Cholesterol,1.1,mg
6450,Sodium,9.2,mg
6451,Energy,61,cal
6451,Protein,2.5,g
6451,Carbohydrates,6.8,g
6451,Fiber,1.6,g
6451,Fat,2.5,g
6451,Cholesterol,1.1,mg
6451,Sodium,9.2,mg
6452,Energy,171,cal
6452,Protein,4.6,g
6452,Carbohydrates,32.3,g
6452,Fiber,3.4,g
6452,Fat,4.7,g
6452,Cholesterol,13.8,mg
6452,Vitamin A,198.3,mcg
6452,Vitamin B1,0.1,mg
6452,Vitamin B2,0.1,mg
6452,Vitamin B3,0.2,mg
6452,Vitamin C,9.9,mg
6452,Folic Acid,30.4,mcg
6452,Calcium,14.1,mg
6452,Iron,0.5,mg
6452,Magnesium,0,mg
6452,Phosphorus,0,mg
6452,Sodium,52.7,mg
6452,Potassium,248.9,mg
6452,Zinc,0.5,mg
6453,Energy,72,cal
6453,Protein,0.6,g
6453,Carbohydrates,5.3,g
6453,Fiber,0.6,g
6453,Fat,5.3,g
6453,Cholesterol,0,mg
6453,Vitamin A,517.5,mcg
6453,Vitamin B1,0,mg
6453,Vitamin B2,0,mg
6453,Vitamin B3,0.2,mg
6453,Vitamin C,14.4,mg
6453,Folic Acid,1.6,mcg
6453,Calcium,28.4,mg
6453,Iron,0.3,mg
6453,Magnesium,0,mg
6453,Phosphorus,0,mg
6453,Sodium,17,mg
6453,Potassium,68.5,mg
6453,Zinc,0.1,mg
6454,Energy,72,cal
6454,Protein,0.6,g
6454,Carbohydrates,5.3,g
6454,Fiber,0.6,g
6454,Fat,5.3,g
6454,Cholesterol,0,mg
6454,Vitamin A,517.5,mcg
6454,Vitamin B1,0,mg
6454,Vitamin B2,0,mg
6454,Vitamin B3,0.2,mg
6454,Vitamin C,14.4,mg
6454,Folic Acid,1.6,mcg
6454,Calcium,28.4,mg
6454,Iron,0.3,mg
6454,Magnesium,0,mg
6454,Phosphorus,0,mg
6454,Sodium,17,mg
6454,Potassium,68.5,mg
6454,Zinc,0.1,mg
6455,Energy,97,cal
6455,Protein,0.9,g
6455,Carbohydrates,0.1,g
6455,Fiber,0,g
6455,Fat,10.4,g
6455,Cholesterol,2,mg
6455,Vitamin A,90,mcg
6455,Vitamin B1,0,mg
6455,Vitamin B2,0,mg
6455,Vitamin B3,0,mg
6455,Vitamin C,0,mg
6455,Folic Acid,0.2,mcg
6455,Calcium,25.3,mg
6455,Iron,0,mg
6455,Magnesium,0,mg
6455,Phosphorus,0,mg
6455,Sodium,34.9,mg
6455,Potassium,2.9,mg
6455,Zinc,0.1,mg
6456,Energy,97,cal
6456,Protein,0.9,g
6456,Carbohydrates,0.1,g
6456,Fiber,0,g
6456,Fat,10.4,g
6456,Cholesterol,2,mg
6456,Vitamin A,90,mcg
6456,Vitamin B1,0,mg
6456,Vitamin B2,0,mg
6456,Vitamin B3,0,mg
6456,Vitamin C,0,mg
6456,Folic Acid,0.2,mcg
6456,Calcium,25.3,mg
6456,Iron,0,mg
6456,Magnesium,0,mg
6456,Phosphorus,0,mg
6456,Sodium,34.9,mg
6456,Potassium,2.9,mg
6456,Zinc,0.1,mg
6457,Energy,24,cal
6457,Protein,0,g
6457,Carbohydrates,0.3,g
6457,Fiber,0,g
6457,Fat,2.5,g
6457,Cholesterol,0,mg
6457,Sodium,0.1,mg
6458,Energy,36,cal
6458,Protein,0.4,g
6458,Carbohydrates,6.1,g
6458,Fiber,0.2,g
6458,Fat,1.1,g
6458,Cholesterol,0,mg
6458,Sodium,0,mg
6459,Energy,151,cal
6459,Protein,0.7,g
6459,Carbohydrates,3.1,g
6459,Fiber,0,g
6459,Fat,15.1,g
6459,Cholesterol,0,mg
6459,Sodium,0.2,mg
6460,Energy,29,cal
6460,Protein,1.7,g
6460,Carbohydrates,5.2,g
6460,Fiber,2.2,g
6460,Fat,0.4,g
6460,Cholesterol,0,mg
6460,Sodium,3.7,mg
6461,Energy,29,cal
6461,Protein,1.7,g
6461,Carbohydrates,5.2,g
6461,Fiber,2.2,g
6461,Fat,0.4,g
6461,Cholesterol,0,mg
6461,Sodium,3.7,mg
6462,Energy,88,cal
6462,Protein,2.4,g
6462,Carbohydrates,7.8,g
6462,Fiber,1.2,g
6462,Fat,5.2,g
6462,Cholesterol,0,mg
6462,Sodium,9.5,mg
6463,Energy,139,cal
6463,Protein,3.7,g
6463,Carbohydrates,22.6,g
6463,Fiber,0.5,g
6463,Fat,3.9,g
6463,Cholesterol,8.8,mg
6463,Sodium,58.3,mg
6464,Energy,97,cal
6464,Protein,0,g
6464,Carbohydrates,0.5,g
6464,Fiber,0.1,g
6464,Fat,10.5,g
6464,Cholesterol,0,mg
6464,Vitamin A,94.9,mcg
6464,Vitamin B1,0,mg
6464,Vitamin B2,0,mg
6464,Vitamin B3,0,mg
6464,Vitamin C,1.3,mg
6464,Folic Acid,0,mcg
6464,Calcium,2.1,mg
6464,Iron,0,mg
6464,Magnesium,0,mg
6464,Phosphorus,0,mg
6464,Sodium,0,mg
6464,Potassium,8.1,mg
6464,Zinc,0,mg
6466,Energy,24,cal
6466,Protein,1,g
6466,Carbohydrates,0.9,g
6466,Fiber,0.2,g
6466,Fat,1.7,g
6466,Cholesterol,4.3,mg
6466,Sodium,40,mg
6467,Energy,24,cal
6467,Protein,1,g
6467,Carbohydrates,0.9,g
6467,Fiber,0.2,g
6467,Fat,1.7,g
6467,Cholesterol,4.3,mg
6467,Sodium,40,mg
6468,Energy,24,cal
6468,Protein,1,g
6468,Carbohydrates,0.9,g
6468,Fiber,0.2,g
6468,Fat,1.7,g
6468,Cholesterol,4.3,mg
6468,Sodium,40,mg
6469,Energy,163,cal
6469,Protein,4,g
6469,Carbohydrates,13.8,g
6469,Fiber,6.3,g
6469,Fat,10.8,g
6469,Cholesterol,0,mg
6469,Sodium,21.5,mg
6470,Energy,221,cal
6470,Protein,5.2,g
6470,Carbohydrates,15.3,g
6470,Fiber,4.2,g
6470,Fat,14.9,g
6470,Cholesterol,0,mg
6470,Sodium,23.9,mg
6471,Energy,672,cal
6471,Protein,11.3,g
6471,Carbohydrates,55,g
6471,Fiber,0.3,g
6471,Fat,48.2,g
6471,Cholesterol,0,mg
6471,Sodium,91.3,mg
6472,Energy,122,cal
6472,Protein,2.2,g
6472,Carbohydrates,14.1,g
6472,Fiber,1,g
6472,Fat,7.3,g
6472,Cholesterol,0,mg
6472,Vitamin A,127.9,mcg
6472,Vitamin B1,0.1,mg
6472,Vitamin B2,0,mg
6472,Vitamin B3,0.8,mg
6472,Vitamin C,0,mg
6472,Folic Acid,2.3,mcg
6472,Calcium,7.9,mg
6472,Iron,0.6,mg
6472,Magnesium,0,mg
6472,Phosphorus,0,mg
6472,Sodium,40.1,mg
6472,Potassium,60.4,mg
6472,Zinc,0.3,mg
6473,Energy,158,cal
6473,Protein,3.6,g
6473,Carbohydrates,9.4,g
6473,Fiber,1,g
6473,Fat,10.6,g
6473,Cholesterol,0,mg
6473,Vitamin A,433.5,mcg
6473,Vitamin B1,0.1,mg
6473,Vitamin B2,0.1,mg
6473,Vitamin B3,0.6,mg
6473,Vitamin C,7.2,mg
6473,Folic Acid,16.7,mcg
6473,Calcium,118.7,mg
6473,Iron,0.7,mg
6473,Magnesium,0,mg
6473,Phosphorus,0,mg
6473,Sodium,90.1,mg
6473,Potassium,211.2,mg
6473,Zinc,0.3,mg
6474,Energy,64,cal
6474,Protein,3.3,g
6474,Carbohydrates,10.8,g
6474,Fiber,0.9,g
6474,Fat,0.8,g
6474,Cholesterol,1.9,mg
6474,Sodium,37.9,mg
6476,Energy,244,cal
6476,Protein,5.3,g
6476,Carbohydrates,20.4,g
6476,Fiber,0.3,g
6476,Fat,13.9,g
6476,Cholesterol,13.3,mg
6476,Sodium,21.7,mg
6477,Energy,289,cal
6477,Protein,4.7,g
6477,Carbohydrates,32.8,g
6477,Fiber,1.8,g
6477,Fat,13.6,g
6477,Cholesterol,13.3,mg
6477,Sodium,24.7,mg
6478,Energy,252,cal
6478,Protein,4.5,g
6478,Carbohydrates,32.5,g
6478,Fiber,1.8,g
6478,Fat,9.7,g
6478,Cholesterol,13.3,mg
6478,Sodium,20.4,mg
6479,Energy,120,cal
6479,Protein,4.5,g
6479,Carbohydrates,9.6,g
6479,Fiber,0,g
6479,Fat,7.1,g
6479,Cholesterol,0,mg
6479,Sodium,0,mg
6480,Energy,48,cal
6480,Protein,0.6,g
6480,Carbohydrates,5.8,g
6480,Fiber,0.1,g
6480,Fat,2.5,g
6480,Cholesterol,0,mg
6480,Sodium,0.4,mg
6481,Energy,48,cal
6481,Protein,0.6,g
6481,Carbohydrates,5.8,g
6481,Fiber,0.1,g
6481,Fat,2.5,g
6481,Cholesterol,0,mg
6481,Sodium,0.4,mg
6483,Energy,339,cal
6483,Protein,6.5,g
6483,Carbohydrates,49.5,g
6483,Fiber,0,g
6483,Fat,9.8,g
6483,Cholesterol,24,mg
6483,Sodium,28.5,mg
6484,Energy,315,cal
6484,Protein,8.6,g
6484,Carbohydrates,30.9,g
6484,Fiber,0,g
6484,Fat,13,g
6484,Cholesterol,32,mg
6484,Sodium,38,mg
6485,Energy,64,cal
6485,Protein,1.8,g
6485,Carbohydrates,5.9,g
6485,Fiber,0.1,g
6485,Fat,2.7,g
6485,Cholesterol,6.6,mg
6485,Sodium,7.9,mg
6486,Energy,113,cal
6486,Protein,3.8,g
6486,Carbohydrates,17.5,g
6486,Fiber,0.6,g
6486,Fat,3.2,g
6486,Cholesterol,4.6,mg
6486,Vitamin A,52.1,mcg
6486,Vitamin B1,0.1,mg
6486,Vitamin B2,0,mg
6486,Vitamin B3,0.9,mg
6486,Vitamin C,2.5,mg
6486,Folic Acid,9.2,mcg
6486,Calcium,49.3,mg
6486,Iron,1.1,mg
6486,Magnesium,0,mg
6486,Phosphorus,0,mg
6486,Sodium,50.7,mg
6486,Potassium,93.9,mg
6486,Zinc,0.5,mg
6487,Energy,113,cal
6487,Protein,3.8,g
6487,Carbohydrates,17.5,g
6487,Fiber,0.6,g
6487,Fat,3.2,g
6487,Cholesterol,4.6,mg
6487,Vitamin A,52.1,mcg
6487,Vitamin B1,0.1,mg
6487,Vitamin B2,0,mg
6487,Vitamin B3,0.9,mg
6487,Vitamin C,2.5,mg
6487,Folic Acid,9.2,mcg
6487,Calcium,49.3,mg
6487,Iron,1.1,mg
6487,Magnesium,0,mg
6487,Phosphorus,0,mg
6487,Sodium,50.7,mg
6487,Potassium,93.9,mg
6487,Zinc,0.5,mg
6488,Energy,921,cal
6488,Protein,23.5,g
6488,Carbohydrates,96.6,g
6488,Fiber,19,g
6488,Fat,51.7,g
6488,Cholesterol,18,mg
6488,Vitamin A,3898,mcg
6488,Vitamin B1,1.4,mg
6488,Vitamin B2,0.6,mg
6488,Vitamin B3,5.5,mg
6488,Vitamin C,306.5,mg
6488,Folic Acid,312.2,mcg
6488,Calcium,675.7,mg
6488,Iron,7.8,mg
6488,Magnesium,0,mg
6488,Phosphorus,0,mg
6488,Sodium,755.3,mg
6488,Potassium,1817.2,mg
6488,Zinc,1.1,mg
6489,Energy,921,cal
6489,Protein,23.5,g
6489,Carbohydrates,96.6,g
6489,Fiber,19,g
6489,Fat,51.7,g
6489,Cholesterol,18,mg
6489,Vitamin A,3898,mcg
6489,Vitamin B1,1.4,mg
6489,Vitamin B2,0.6,mg
6489,Vitamin B3,5.5,mg
6489,Vitamin C,306.5,mg
6489,Folic Acid,312.2,mcg
6489,Calcium,675.7,mg
6489,Iron,7.8,mg
6489,Magnesium,0,mg
6489,Phosphorus,0,mg
6489,Sodium,755.3,mg
6489,Potassium,1817.2,mg
6489,Zinc,1.1,mg
6490,Energy,921,cal
6490,Protein,23.5,g
6490,Carbohydrates,96.6,g
6490,Fiber,19,g
6490,Fat,51.7,g
6490,Cholesterol,18,mg
6490,Vitamin A,3898,mcg
6490,Vitamin B1,1.4,mg
6490,Vitamin B2,0.6,mg
6490,Vitamin B3,5.5,mg
6490,Vitamin C,306.5,mg
6490,Folic Acid,312.2,mcg
6490,Calcium,675.7,mg
6490,Iron,7.8,mg
6490,Magnesium,0,mg
6490,Phosphorus,0,mg
6490,Sodium,755.3,mg
6490,Potassium,1817.2,mg
6490,Zinc,1.1,mg
6491,Energy,71,kcal
6491,Protein,0.9,gm
6491,Carbohydrates,10.9,gm
6491,Fat,2.6,gm
6491,Iron,0.5,mg
6492,Energy,170,cal
6492,Protein,4.1,g
6492,Carbohydrates,20.2,g
6492,Fiber,0.8,g
6492,Fat,7.7,g
6492,Cholesterol,0,mg
6492,Vitamin A,156.5,mcg
6492,Vitamin B1,0.2,mg
6492,Vitamin B2,0.1,mg
6492,Vitamin B3,1.3,mg
6492,Vitamin C,5.4,mg
6492,Folic Acid,16.4,mcg
6492,Calcium,53.8,mg
6492,Iron,1.5,mg
6492,Magnesium,0,mg
6492,Phosphorus,0,mg
6492,Sodium,10.8,mg
6492,Potassium,127,mg
6492,Zinc,0.6,mg
6493,Energy,138,cal
6493,Protein,3.7,g
6493,Carbohydrates,21.6,g
6493,Fiber,3.6,g
6493,Fat,4.1,g
6493,Cholesterol,0,mg
6493,Sodium,3.5,mg
6494,Energy,83,cal
6494,Protein,2.1,g
6494,Carbohydrates,12.6,g
6494,Fiber,2.1,g
6494,Fat,3,g
6494,Cholesterol,0,mg
6494,Sodium,3.5,mg
6495,Energy,30,cal
6495,Protein,0.3,g
6495,Carbohydrates,6.6,g
6495,Fiber,0,g
6495,Fat,0.3,g
6495,Cholesterol,0,mg
6495,Sodium,0,mg
6497,Energy,798,cal
6497,Protein,0,g
6497,Carbohydrates,119.3,g
6497,Fiber,0,g
6497,Fat,34,g
6497,Cholesterol,105,mg
6497,Sodium,346.9,mg
6498,Energy,65,cal
6498,Protein,1.1,g
6498,Carbohydrates,5.9,g
6498,Fiber,0,g
6498,Fat,5.4,g
6498,Cholesterol,0,mg
6498,Sodium,0.4,mg
6499,Energy,69,cal
6499,Protein,2.2,g
6499,Carbohydrates,14.7,g
6499,Fiber,0.1,g
6499,Fat,0.2,g
6499,Cholesterol,0,mg
6499,Sodium,63.9,mg
6500,Energy,79,cal
6500,Protein,2.6,g
6500,Carbohydrates,14.2,g
6500,Fiber,0.1,g
6500,Fat,1,g
6500,Cholesterol,2.1,mg
6500,Sodium,4.2,mg
6501,Energy,46,cal
6501,Protein,1,g
6501,Carbohydrates,7.5,g
6501,Fiber,0,g
6501,Fat,1.3,g
6501,Cholesterol,0,mg
6501,Sodium,0.7,mg
6502,Energy,206,cal
6502,Protein,2.5,g
6502,Carbohydrates,18.8,g
6502,Fiber,3,g
6502,Fat,15.5,g
6502,Cholesterol,0,mg
6502,Sodium,295.1,mg
6503,Energy,206,cal
6503,Protein,2.5,g
6503,Carbohydrates,18.8,g
6503,Fiber,3,g
6503,Fat,15.5,g
6503,Cholesterol,0,mg
6503,Sodium,295.1,mg
6504,Energy,206,cal
6504,Protein,2.5,g
6504,Carbohydrates,18.8,g
6504,Fiber,3,g
6504,Fat,15.5,g
6504,Cholesterol,0,mg
6504,Sodium,295.1,mg
6505,Energy,206,cal
6505,Protein,2.5,g
6505,Carbohydrates,18.8,g
6505,Fiber,3,g
6505,Fat,15.5,g
6505,Cholesterol,0,mg
6505,Sodium,295.1,mg
6506,Energy,80,cal
6506,Protein,2.1,g
6506,Carbohydrates,14,g
6506,Fiber,2.3,g
6506,Fat,1.8,g
6506,Cholesterol,0,mg
6506,Sodium,5.8,mg
6507,Energy,66,cal
6507,Protein,2.1,g
6507,Carbohydrates,12.1,g
6507,Fiber,2,g
6507,Fat,1,g
6507,Cholesterol,0,mg
6507,Sodium,8.3,mg
6508,Energy,66,cal
6508,Protein,2.1,g
6508,Carbohydrates,12.1,g
6508,Fiber,2,g
6508,Fat,1,g
6508,Cholesterol,0,mg
6508,Sodium,8.3,mg
6509,Energy,75,cal
6509,Protein,0.7,g
6509,Carbohydrates,6.8,g
6509,Fiber,0.4,g
6509,Fat,5.1,g
6509,Cholesterol,0,mg
6509,Sodium,1,mg
6510,Energy,316,cal
6510,Protein,6.8,g
6510,Carbohydrates,35.3,g
6510,Fiber,0.1,g
6510,Fat,13.2,g
6510,Cholesterol,21.3,mg
6510,Sodium,26.1,mg
6511,Energy,655,cal
6511,Protein,9.7,g
6511,Carbohydrates,86,g
6511,Fiber,3.8,g
6511,Fat,32,g
6511,Cholesterol,0,mg
6511,Sodium,11.9,mg
6512,Energy,326,cal
6512,Protein,4.8,g
6512,Carbohydrates,42.5,g
6512,Fiber,1.9,g
6512,Fat,16,g
6512,Cholesterol,0,mg
6512,Sodium,5.9,mg
6513,Energy,122,cal
6513,Protein,1.1,g
6513,Carbohydrates,17.5,g
6513,Fiber,0.5,g
6513,Fat,5.4,g
6513,Cholesterol,0,mg
6513,Sodium,2,mg
6514,Energy,122,cal
6514,Protein,1.1,g
6514,Carbohydrates,17.5,g
6514,Fiber,0.5,g
6514,Fat,5.4,g
6514,Cholesterol,0,mg
6514,Sodium,2,mg
6515,Energy,122,cal
6515,Protein,1.7,g
6515,Carbohydrates,11.9,g
6515,Fiber,0.7,g
6515,Fat,7.8,g
6515,Cholesterol,0,mg
6515,Sodium,2.7,mg
6516,Energy,122,cal
6516,Protein,1.7,g
6516,Carbohydrates,11.9,g
6516,Fiber,0.7,g
6516,Fat,7.8,g
6516,Cholesterol,0,mg
6516,Sodium,2.7,mg
6517,Energy,137,cal
6517,Protein,1.9,g
6517,Carbohydrates,11.2,g
6517,Fiber,1.3,g
6517,Fat,9.7,g
6517,Cholesterol,0,mg
6517,Sodium,3.8,mg
6518,Energy,104,cal
6518,Protein,2.5,g
6518,Carbohydrates,17.5,g
6518,Fiber,1,g
6518,Fat,2.7,g
6518,Cholesterol,0,mg
6518,Sodium,3,mg
6519,Energy,104,cal
6519,Protein,2.5,g
6519,Carbohydrates,17.5,g
6519,Fiber,1,g
6519,Fat,2.7,g
6519,Cholesterol,0,mg
6519,Sodium,3,mg
6521,Energy,138,cal
6521,Protein,4.2,g
6521,Carbohydrates,3.8,g
6521,Fiber,0.7,g
6521,Fat,11.8,g
6521,Cholesterol,0,mg
6521,Sodium,0,mg
6522,Energy,54,cal
6522,Protein,3.9,g
6522,Carbohydrates,9.4,g
6522,Fiber,0,g
6522,Fat,0.1,g
6522,Cholesterol,0,mg
6522,Sodium,56.2,mg
6523,Energy,54,cal
6523,Protein,3.9,g
6523,Carbohydrates,9.4,g
6523,Fiber,0,g
6523,Fat,0.1,g
6523,Cholesterol,0,mg
6523,Sodium,56.2,mg
6524,Energy,190,cal
6524,Protein,5.2,g
6524,Carbohydrates,22.3,g
6524,Fiber,0.4,g
6524,Fat,8.3,g
6524,Cholesterol,4,mg
6524,Sodium,4.9,mg
6525,Energy,190,cal
6525,Protein,5.2,g
6525,Carbohydrates,22.3,g
6525,Fiber,0.4,g
6525,Fat,8.3,g
6525,Cholesterol,4,mg
6525,Sodium,4.9,mg
6526,Energy,94,cal
6526,Protein,0.2,g
6526,Carbohydrates,22.7,g
6526,Fiber,0.4,g
6526,Fat,0.2,g
6526,Cholesterol,0,mg
6526,Vitamin A,0,mcg
6526,Vitamin B1,0,mg
6526,Vitamin B2,0,mg
6526,Vitamin B3,0,mg
6526,Vitamin C,9.8,mg
6526,Folic Acid,0,mcg
6526,Calcium,17.5,mg
6526,Iron,0.1,mg
6526,Magnesium,0,mg
6526,Phosphorus,0,mg
6526,Sodium,0,mg
6526,Potassium,67.5,mg
6526,Zinc,0,mg
6527,Energy,412,cal
6527,Protein,4.9,g
6527,Carbohydrates,95.2,g
6527,Fiber,7.7,g
6527,Fat,1.4,g
6527,Cholesterol,0,mg
6527,Sodium,31.7,mg
6531,Energy,165,cal
6531,Protein,4.5,g
6531,Carbohydrates,17.3,g
6531,Fiber,4.9,g
6531,Fat,8.6,g
6531,Cholesterol,0,mg
6531,Vitamin A,3239,mcg
6531,Vitamin B1,0.2,mg
6531,Vitamin B2,0.2,mg
6531,Vitamin B3,1.2,mg
6531,Vitamin C,33.6,mg
6531,Folic Acid,98.5,mcg
6531,Calcium,89.1,mg
6531,Iron,1.9,mg
6531,Magnesium,0,mg
6531,Phosphorus,0,mg
6531,Sodium,48.9,mg
6531,Potassium,346.2,mg
6531,Zinc,0.6,mg
6532,Energy,104,cal
6532,Protein,3.8,g
6532,Carbohydrates,12.5,g
6532,Fiber,4.1,g
6532,Fat,4.3,g
6532,Cholesterol,0,mg
6532,Vitamin A,3034.6,mcg
6532,Vitamin B1,0.1,mg
6532,Vitamin B2,0.2,mg
6532,Vitamin B3,0.9,mg
6532,Vitamin C,23.8,mg
6532,Folic Acid,84.7,mcg
6532,Calcium,64.2,mg
6532,Iron,2.2,mg
6532,Magnesium,0,mg
6532,Phosphorus,0,mg
6532,Sodium,39.5,mg
6532,Potassium,264.2,mg
6532,Zinc,0.4,mg
6533,Energy,163,cal
6533,Protein,5.4,g
6533,Carbohydrates,21.1,g
6533,Fiber,5.8,g
6533,Fat,6.4,g
6533,Cholesterol,0,mg
6533,Sodium,51.3,mg
6534,Energy,163,cal
6534,Protein,5.4,g
6534,Carbohydrates,21.1,g
6534,Fiber,5.8,g
6534,Fat,6.4,g
6534,Cholesterol,0,mg
6534,Sodium,51.3,mg
6535,Energy,163,cal
6535,Protein,5.4,g
6535,Carbohydrates,21.1,g
6535,Fiber,5.8,g
6535,Fat,6.4,g
6535,Cholesterol,0,mg
6535,Sodium,51.3,mg
6536,Energy,163,cal
6536,Protein,5.4,g
6536,Carbohydrates,21.1,g
6536,Fiber,5.8,g
6536,Fat,6.4,g
6536,Cholesterol,0,mg
6536,Sodium,51.3,mg
6537,Energy,163,cal
6537,Protein,5.4,g
6537,Carbohydrates,21.1,g
6537,Fiber,5.8,g
6537,Fat,6.4,g
6537,Cholesterol,0,mg
6537,Sodium,51.3,mg
6538,Energy,66,cal
6538,Protein,0.3,g
6538,Carbohydrates,1.5,g
6538,Fiber,0,g
6538,Fat,6.6,g
6538,Cholesterol,0,mg
6538,Sodium,5,mg
6539,Energy,22,cal
6539,Protein,0.4,g
6539,Carbohydrates,1.9,g
6539,Fiber,0.6,g
6539,Fat,1.4,g
6539,Cholesterol,0,mg
6539,Sodium,4,mg
6540,Energy,20,cal
6540,Protein,0,g
6540,Carbohydrates,5,g
6540,Fiber,0,g
6540,Fat,0,g
6540,Cholesterol,0,mg
6540,Sodium,2713.1,mg
6541,Energy,20,cal
6541,Protein,0,g
6541,Carbohydrates,5,g
6541,Fiber,0,g
6541,Fat,0,g
6541,Cholesterol,0,mg
6541,Sodium,2713.1,mg
6542,Energy,197,cal
6542,Protein,4.6,g
6542,Carbohydrates,27,g
6542,Fiber,4.4,g
6542,Fat,8.2,g
6542,Cholesterol,0,mg
6542,Sodium,3.7,mg
6545,Energy,30,cal
6545,Protein,1.7,g
6545,Carbohydrates,4.8,g
6545,Fiber,1.2,g
6545,Fat,0.4,g
6545,Cholesterol,0,mg
6545,Vitamin A,10.3,mcg
6545,Vitamin B1,0,mg
6545,Vitamin B2,0,mg
6545,Vitamin B3,0.2,mg
6545,Vitamin C,0.1,mg
6545,Folic Acid,11.8,mcg
6545,Calcium,4.5,mg
6545,Iron,0.4,mg
6545,Magnesium,0,mg
6545,Phosphorus,0,mg
6545,Sodium,5.9,mg
6545,Potassium,57.6,mg
6545,Zinc,0.1,mg
6546,Energy,135,cal
6546,Protein,5.1,g
6546,Carbohydrates,16.6,g
6546,Fiber,2.7,g
6546,Fat,5.4,g
6546,Cholesterol,0,mg
6546,Sodium,9.9,mg
6547,Energy,10,cal
6547,Protein,0,g
6547,Carbohydrates,0,g
6547,Fiber,0,g
6547,Fat,1.1,g
6547,Cholesterol,0,mg
6547,Sodium,387.6,mg
6548,Energy,10,cal
6548,Protein,0,g
6548,Carbohydrates,0,g
6548,Fiber,0,g
6548,Fat,1.1,g
6548,Cholesterol,0,mg
6548,Sodium,387.6,mg
6549,Energy,10,cal
6549,Protein,0,g
6549,Carbohydrates,0,g
6549,Fiber,0,g
6549,Fat,1.1,g
6549,Cholesterol,0,mg
6549,Sodium,387.6,mg
6550,Energy,28,cal
6550,Protein,1.3,g
6550,Carbohydrates,3.5,g
6550,Fiber,0.7,g
6550,Fat,0.9,g
6550,Cholesterol,0,mg
6550,Sodium,2.9,mg
6551,Energy,28,cal
6551,Protein,1.3,g
6551,Carbohydrates,3.5,g
6551,Fiber,0.7,g
6551,Fat,0.9,g
6551,Cholesterol,0,mg
6551,Sodium,2.9,mg
6553,Energy,417,cal
6553,Protein,4.7,g
6553,Carbohydrates,36.4,g
6553,Fiber,10,g
6553,Fat,28.2,g
6553,Cholesterol,0,mg
6553,Sodium,28.7,mg
6554,Energy,185,cal
6554,Protein,4.4,g
6554,Carbohydrates,24.3,g
6554,Fiber,4.2,g
6554,Fat,8.2,g
6554,Cholesterol,0,mg
6554,Sodium,1.5,mg
6555,Energy,185,cal
6555,Protein,4.4,g
6555,Carbohydrates,24.3,g
6555,Fiber,4.2,g
6555,Fat,8.2,g
6555,Cholesterol,0,mg
6555,Sodium,1.5,mg
6556,Energy,185,cal
6556,Protein,4.4,g
6556,Carbohydrates,24.3,g
6556,Fiber,4.2,g
6556,Fat,8.2,g
6556,Cholesterol,0,mg
6556,Sodium,1.5,mg
6557,Energy,185,cal
6557,Protein,4.4,g
6557,Carbohydrates,24.3,g
6557,Fiber,4.2,g
6557,Fat,8.2,g
6557,Cholesterol,0,mg
6557,Sodium,1.5,mg
6558,Energy,185,cal
6558,Protein,4.4,g
6558,Carbohydrates,24.3,g
6558,Fiber,4.2,g
6558,Fat,8.2,g
6558,Cholesterol,0,mg
6558,Sodium,1.5,mg
6559,Energy,185,cal
6559,Protein,4.4,g
6559,Carbohydrates,24.3,g
6559,Fiber,4.2,g
6559,Fat,8.2,g
6559,Cholesterol,0,mg
6559,Sodium,1.5,mg
6560,Energy,185,cal
6560,Protein,4.4,g
6560,Carbohydrates,24.3,g
6560,Fiber,4.2,g
6560,Fat,8.2,g
6560,Cholesterol,0,mg
6560,Sodium,1.5,mg
6561,Energy,185,cal
6561,Protein,4.4,g
6561,Carbohydrates,24.3,g
6561,Fiber,4.2,g
6561,Fat,8.2,g
6561,Cholesterol,0,mg
6561,Sodium,1.5,mg
6562,Energy,185,cal
6562,Protein,4.4,g
6562,Carbohydrates,24.3,g
6562,Fiber,4.2,g
6562,Fat,8.2,g
6562,Cholesterol,0,mg
6562,Sodium,1.5,mg
6563,Energy,188,cal
6563,Protein,5.2,g
6563,Carbohydrates,17.6,g
6563,Fiber,0.1,g
6563,Fat,7.9,g
6563,Cholesterol,19.2,mg
6563,Sodium,22.9,mg
6564,Energy,531,cal
6564,Protein,17.1,g
6564,Carbohydrates,78.1,g
6564,Fiber,6.1,g
6564,Fat,18.4,g
6564,Cholesterol,14.7,mg
6564,Vitamin A,3434,mcg
6564,Vitamin B1,0.2,mg
6564,Vitamin B2,0.3,mg
6564,Vitamin B3,1.9,mg
6564,Vitamin C,57.6,mg
6564,Folic Acid,59.2,mcg
6564,Calcium,213.8,mg
6564,Iron,10.8,mg
6564,Magnesium,0,mg
6564,Phosphorus,0,mg
6564,Sodium,594.8,mg
6564,Potassium,172.8,mg
6564,Zinc,0.6,mg
6565,Energy,531,cal
6565,Protein,17.1,g
6565,Carbohydrates,78.1,g
6565,Fiber,6.1,g
6565,Fat,18.4,g
6565,Cholesterol,14.7,mg
6565,Vitamin A,3434,mcg
6565,Vitamin B1,0.2,mg
6565,Vitamin B2,0.3,mg
6565,Vitamin B3,1.9,mg
6565,Vitamin C,57.6,mg
6565,Folic Acid,59.2,mcg
6565,Calcium,213.8,mg
6565,Iron,10.8,mg
6565,Magnesium,0,mg
6565,Phosphorus,0,mg
6565,Sodium,594.8,mg
6565,Potassium,172.8,mg
6565,Zinc,0.6,mg
6567,Energy,114,cal
6567,Protein,1.1,g
6567,Carbohydrates,26.8,g
6567,Fiber,1.9,g
6567,Fat,0.4,g
6567,Cholesterol,0,mg
6567,Sodium,5.9,mg
6568,Energy,504,cal
6568,Protein,3.6,g
6568,Carbohydrates,108.4,g
6568,Fiber,9.1,g
6568,Fat,2,g
6568,Cholesterol,0.6,mg
6568,Sodium,51.7,mg
6569,Energy,156,cal
6569,Protein,2.5,g
6569,Carbohydrates,29.2,g
6569,Fiber,2.3,g
6569,Fat,3.3,g
6569,Cholesterol,0,mg
6569,Sodium,3.7,mg
6570,Energy,85,cal
6570,Protein,0.8,g
6570,Carbohydrates,8.6,g
6570,Fiber,1.2,g
6570,Fat,5.3,g
6570,Cholesterol,0,mg
6570,Sodium,0.7,mg
6571,Energy,153,cal
6571,Protein,2,g
6571,Carbohydrates,18.1,g
6571,Fiber,2.5,g
6571,Fat,7.8,g
6571,Cholesterol,1.6,mg
6571,Sodium,2.5,mg
6573,Energy,64,cal
6573,Protein,1.9,g
6573,Carbohydrates,4.3,g
6573,Fiber,2.2,g
6573,Fat,4.4,g
6573,Cholesterol,0,mg
6573,Sodium,50.7,mg
6574,Energy,64,cal
6574,Protein,1.9,g
6574,Carbohydrates,4.3,g
6574,Fiber,2.2,g
6574,Fat,4.4,g
6574,Cholesterol,0,mg
6574,Sodium,50.7,mg
6575,Energy,64,cal
6575,Protein,1.9,g
6575,Carbohydrates,4.3,g
6575,Fiber,2.2,g
6575,Fat,4.4,g
6575,Cholesterol,0,mg
6575,Sodium,50.7,mg
6578,Energy,109,cal
6578,Protein,1.5,g
6578,Carbohydrates,8.4,g
6578,Fiber,4.2,g
6578,Fat,7.7,g
6578,Cholesterol,0,mg
6578,Vitamin A,631.4,mcg
6578,Vitamin B1,0.1,mg
6578,Vitamin B2,0.1,mg
6578,Vitamin B3,0.8,mg
6578,Vitamin C,21.4,mg
6578,Folic Acid,22.7,mcg
6578,Calcium,32.5,mg
6578,Iron,0.5,mg
6578,Magnesium,0,mg
6578,Phosphorus,0,mg
6578,Sodium,8.6,mg
6578,Potassium,192.7,mg
6578,Zinc,0.3,mg
6579,Energy,112,cal
6579,Protein,1.4,g
6579,Carbohydrates,9.4,g
6579,Fiber,4.5,g
6579,Fat,7.7,g
6579,Cholesterol,0,mg
6579,Sodium,5,mg
6580,Energy,112,cal
6580,Protein,1.4,g
6580,Carbohydrates,9.4,g
6580,Fiber,4.5,g
6580,Fat,7.7,g
6580,Cholesterol,0,mg
6580,Sodium,5,mg
6581,Energy,93,cal
6581,Protein,2.3,g
6581,Carbohydrates,5.3,g
6581,Fiber,1.8,g
6581,Fat,7.1,g
6581,Cholesterol,12.6,mg
6581,Vitamin A,357.5,mcg
6581,Vitamin B1,0.1,mg
6581,Vitamin B2,0.1,mg
6581,Vitamin B3,0.3,mg
6581,Vitamin C,20.6,mg
6581,Folic Acid,29.9,mcg
6581,Calcium,36.1,mg
6581,Iron,1.1,mg
6581,Magnesium,0,mg
6581,Phosphorus,0,mg
6581,Sodium,214.8,mg
6581,Potassium,104.7,mg
6581,Zinc,0.3,mg
6584,Energy,159,cal
6584,Protein,4.1,g
6584,Carbohydrates,18.2,g
6584,Fiber,2.6,g
6584,Fat,7.7,g
6584,Cholesterol,0,mg
6584,Vitamin A,130.9,mcg
6584,Vitamin B1,0,mg
6584,Vitamin B2,0,mg
6584,Vitamin B3,0.4,mg
6584,Vitamin C,3.3,mg
6584,Folic Acid,2.6,mcg
6584,Calcium,11,mg
6584,Iron,0.9,mg
6584,Magnesium,0,mg
6584,Phosphorus,0,mg
6584,Sodium,4.3,mg
6584,Potassium,48.2,mg
6584,Zinc,0.1,mg
6585,Energy,208,cal
6585,Protein,4.3,g
6585,Carbohydrates,27,g
6585,Fiber,5.2,g
6585,Fat,9.2,g
6585,Cholesterol,0,mg
6585,Vitamin A,219.1,mcg
6585,Vitamin B1,0.1,mg
6585,Vitamin B2,0.1,mg
6585,Vitamin B3,1.2,mg
6585,Vitamin C,36.6,mg
6585,Folic Acid,7.9,mcg
6585,Calcium,40.8,mg
6585,Iron,1.3,mg
6585,Magnesium,0,mg
6585,Phosphorus,0,mg
6585,Sodium,32.2,mg
6585,Potassium,163.8,mg
6585,Zinc,0.6,mg
6586,Energy,208,cal
6586,Protein,4.3,g
6586,Carbohydrates,27,g
6586,Fiber,5.2,g
6586,Fat,9.2,g
6586,Cholesterol,0,mg
6586,Vitamin A,219.1,mcg
6586,Vitamin B1,0.1,mg
6586,Vitamin B2,0.1,mg
6586,Vitamin B3,1.2,mg
6586,Vitamin C,36.6,mg
6586,Folic Acid,7.9,mcg
6586,Calcium,40.8,mg
6586,Iron,1.3,mg
6586,Magnesium,0,mg
6586,Phosphorus,0,mg
6586,Sodium,32.2,mg
6586,Potassium,163.8,mg
6586,Zinc,0.6,mg
6587,Energy,208,cal
6587,Protein,4.3,g
6587,Carbohydrates,27,g
6587,Fiber,5.2,g
6587,Fat,9.2,g
6587,Cholesterol,0,mg
6587,Vitamin A,219.1,mcg
6587,Vitamin B1,0.1,mg
6587,Vitamin B2,0.1,mg
6587,Vitamin B3,1.2,mg
6587,Vitamin C,36.6,mg
6587,Folic Acid,7.9,mcg
6587,Calcium,40.8,mg
6587,Iron,1.3,mg
6587,Magnesium,0,mg
6587,Phosphorus,0,mg
6587,Sodium,32.2,mg
6587,Potassium,163.8,mg
6587,Zinc,0.6,mg
6588,Energy,208,cal
6588,Protein,4.3,g
6588,Carbohydrates,27,g
6588,Fiber,5.2,g
6588,Fat,9.2,g
6588,Cholesterol,0,mg
6588,Vitamin A,219.1,mcg
6588,Vitamin B1,0.1,mg
6588,Vitamin B2,0.1,mg
6588,Vitamin B3,1.2,mg
6588,Vitamin C,36.6,mg
6588,Folic Acid,7.9,mcg
6588,Calcium,40.8,mg
6588,Iron,1.3,mg
6588,Magnesium,0,mg
6588,Phosphorus,0,mg
6588,Sodium,32.2,mg
6588,Potassium,163.8,mg
6588,Zinc,0.6,mg
6589,Energy,208,cal
6589,Protein,4.3,g
6589,Carbohydrates,27,g
6589,Fiber,5.2,g
6589,Fat,9.2,g
6589,Cholesterol,0,mg
6589,Vitamin A,219.1,mcg
6589,Vitamin B1,0.1,mg
6589,Vitamin B2,0.1,mg
6589,Vitamin B3,1.2,mg
6589,Vitamin C,36.6,mg
6589,Folic Acid,7.9,mcg
6589,Calcium,40.8,mg
6589,Iron,1.3,mg
6589,Magnesium,0,mg
6589,Phosphorus,0,mg
6589,Sodium,32.2,mg
6589,Potassium,163.8,mg
6589,Zinc,0.6,mg
6592,Energy,70,cal
6592,Protein,0.2,g
6592,Carbohydrates,1.2,g
6592,Fiber,0.1,g
6592,Fat,7.2,g
6592,Cholesterol,0,mg
6592,Sodium,48.6,mg
6593,Energy,44,cal
6593,Protein,0,g
6593,Carbohydrates,1.4,g
6593,Fiber,0,g
6593,Fat,4.3,g
6593,Cholesterol,0,mg
6593,Vitamin A,38.6,mcg
6593,Vitamin B1,0,mg
6593,Vitamin B2,0,mg
6593,Vitamin B3,0,mg
6593,Vitamin C,0,mg
6593,Folic Acid,0,mcg
6593,Calcium,0,mg
6593,Iron,0,mg
6593,Magnesium,0,mg
6593,Phosphorus,0,mg
6593,Sodium,0,mg
6593,Potassium,0,mg
6593,Zinc,0,mg
6594,Energy,225,cal
6594,Protein,8,g
6594,Carbohydrates,11.6,g
6594,Fiber,3.5,g
6594,Fat,16.4,g
6594,Cholesterol,0.1,mg
6594,Vitamin A,973.1,mcg
6594,Vitamin B1,-0.2,mg
6594,Vitamin B2,-0.4,mg
6594,Vitamin B3,-0.1,mg
6594,Vitamin C,62.6,mg
6594,Folic Acid,13.6,mcg
6594,Calcium,280.6,mg
6594,Iron,1.1,mg
6594,Magnesium,0,mg
6594,Phosphorus,0,mg
6594,Sodium,8.5,mg
6594,Potassium,132.6,mg
6594,Zinc,0.4,mg
6595,Energy,79,cal
6595,Protein,2,g
6595,Carbohydrates,10.1,g
6595,Fiber,1.9,g
6595,Fat,4,g
6595,Cholesterol,0,mg
6595,Vitamin A,393.1,mcg
6595,Vitamin B1,0.2,mg
6595,Vitamin B2,0.1,mg
6595,Vitamin B3,0.5,mg
6595,Vitamin C,47.9,mg
6595,Folic Acid,24.7,mcg
6595,Calcium,24.5,mg
6595,Iron,0.7,mg
6595,Magnesium,0,mg
6595,Phosphorus,0,mg
6595,Sodium,4.4,mg
6595,Potassium,134.7,mg
6595,Zinc,0.3,mg
6596,Energy,54,cal
6596,Protein,1.8,g
6596,Carbohydrates,6.1,g
6596,Fiber,1.9,g
6596,Fat,2.8,g
6596,Cholesterol,0,mg
6596,Vitamin A,468.1,mcg
6596,Vitamin B1,0.2,mg
6596,Vitamin B2,0.1,mg
6596,Vitamin B3,0.6,mg
6596,Vitamin C,63.1,mg
6596,Folic Acid,30,mcg
6596,Calcium,32,mg
6596,Iron,1,mg
6596,Magnesium,0,mg
6596,Phosphorus,0,mg
6596,Sodium,3.8,mg
6596,Potassium,131.4,mg
6596,Zinc,0.2,mg
6597,Energy,54,cal
6597,Protein,1.8,g
6597,Carbohydrates,6.1,g
6597,Fiber,1.9,g
6597,Fat,2.8,g
6597,Cholesterol,0,mg
6597,Vitamin A,468.1,mcg
6597,Vitamin B1,0.2,mg
6597,Vitamin B2,0.1,mg
6597,Vitamin B3,0.6,mg
6597,Vitamin C,63.1,mg
6597,Folic Acid,30,mcg
6597,Calcium,32,mg
6597,Iron,1,mg
6597,Magnesium,0,mg
6597,Phosphorus,0,mg
6597,Sodium,3.8,mg
6597,Potassium,131.4,mg
6597,Zinc,0.2,mg
6598,Energy,96,cal
6598,Protein,0.1,g
6598,Carbohydrates,0.4,g
6598,Fiber,0.1,g
6598,Fat,10.5,g
6598,Cholesterol,30.4,mg
6598,Sodium,100.4,mg
6599,Energy,15,cal
6599,Protein,0.8,g
6599,Carbohydrates,1,g
6599,Fiber,0,g
6599,Fat,0.8,g
6599,Cholesterol,2.9,mg
6599,Sodium,35.7,mg
6600,Energy,189,cal
6600,Protein,30.8,g
6600,Carbohydrates,17.2,g
6600,Fiber,1.4,g
6600,Fat,10,g
6600,Cholesterol,0,mg
6600,Vitamin A,249,mcg
6600,Vitamin B1,0.1,mg
6600,Vitamin B2,0.1,mg
6600,Vitamin B3,0.4,mg
6600,Vitamin C,0,mg
6600,Folic Acid,9.6,mcg
6600,Calcium,169.4,mg
6600,Iron,1,mg
6600,Magnesium,0,mg
6600,Phosphorus,0,mg
6600,Sodium,52.2,mg
6600,Potassium,53.8,mg
6600,Zinc,0.4,mg
6601,Energy,71,cal
6601,Protein,0.2,g
6601,Carbohydrates,6,g
6601,Fiber,0.1,g
6601,Fat,6.1,g
6601,Cholesterol,0,mg
6601,Sodium,123.3,mg
6602,Energy,71,cal
6602,Protein,0.2,g
6602,Carbohydrates,6,g
6602,Fiber,0.1,g
6602,Fat,6.1,g
6602,Cholesterol,0,mg
6602,Sodium,123.3,mg
6606,Energy,108,cal
6606,Protein,1.9,g
6606,Carbohydrates,13.2,g
6606,Fiber,0,g
6606,Fat,5,g
6606,Cholesterol,14.6,mg
6606,Sodium,45.3,mg
6607,Energy,90,cal
6607,Protein,5.8,g
6607,Carbohydrates,0.5,g
6607,Fiber,0,g
6607,Fat,6.9,g
6607,Cholesterol,4.6,mg
6607,Sodium,11.8,mg
6610,Energy,278,cal
6610,Protein,7.3,g
6610,Carbohydrates,28.7,g
6610,Fiber,0.7,g
6610,Fat,11,g
6610,Cholesterol,26.7,mg
6610,Sodium,38.1,mg
6611,Energy,91,cal
6611,Protein,3.9,g
6611,Carbohydrates,14.7,g
6611,Fiber,1.9,g
6611,Fat,1.8,g
6611,Cholesterol,2.5,mg
6611,Vitamin A,47.7,mcg
6611,Vitamin B1,0.1,mg
6611,Vitamin B2,0,mg
6611,Vitamin B3,0.7,mg
6611,Vitamin C,0.1,mg
6611,Folic Acid,19.4,mcg
6611,Calcium,19.9,mg
6611,Iron,1.1,mg
6611,Magnesium,0,mg
6611,Phosphorus,0,mg
6611,Sodium,16.4,mg
6611,Potassium,118.3,mg
6611,Zinc,0.5,mg
6612,Energy,702,cal
6612,Protein,10.5,g
6612,Carbohydrates,70.6,g
6612,Fiber,6.2,g
6612,Fat,41.2,g
6612,Cholesterol,30,mg
6612,Vitamin A,619,mcg
6612,Vitamin B1,0.2,mg
6612,Vitamin B2,0.1,mg
6612,Vitamin B3,2.4,mg
6612,Vitamin C,0.1,mg
6612,Folic Acid,35.8,mcg
6612,Calcium,66.6,mg
6612,Iron,1.5,mg
6612,Magnesium,0,mg
6612,Phosphorus,0,mg
6612,Sodium,108.7,mg
6612,Potassium,246.8,mg
6612,Zinc,1.4,mg
6613,Energy,27,cal
6613,Protein,0.9,g
6613,Carbohydrates,5.8,g
6613,Fiber,0,g
6613,Fat,0.1,g
6613,Cholesterol,0,mg
6613,Sodium,56.1,mg
6614,Energy,373,cal
6614,Protein,7.7,g
6614,Carbohydrates,36.5,g
6614,Fiber,0.1,g
6614,Fat,18.1,g
6614,Cholesterol,24,mg
6614,Sodium,30.1,mg
6615,Energy,124,cal
6615,Protein,2.5,g
6615,Carbohydrates,17.3,g
6615,Fiber,1.2,g
6615,Fat,4.9,g
6615,Cholesterol,0,mg
6615,Sodium,7,mg
6616,Energy,180,cal
6616,Protein,2.6,g
6616,Carbohydrates,17.4,g
6616,Fiber,1.5,g
6616,Fat,11.1,g
6616,Cholesterol,0,mg
6616,Sodium,7.4,mg
6617,Energy,88,cal
6617,Protein,1.5,g
6617,Carbohydrates,8.5,g
6617,Fiber,0.1,g
6617,Fat,5.2,g
6617,Cholesterol,1,mg
6617,Sodium,3.1,mg
6618,Energy,38,cal
6618,Protein,1,g
6618,Carbohydrates,6.1,g
6618,Fiber,0.1,g
6618,Fat,0.9,g
6618,Cholesterol,0.8,mg
6618,Sodium,2.7,mg
6619,Energy,47,cal
6619,Protein,1.2,g
6619,Carbohydrates,7.2,g
6619,Fiber,0.2,g
6619,Fat,1.3,g
6619,Cholesterol,1,mg
6619,Sodium,4.2,mg
6620,Energy,172,cal
6620,Protein,5.6,g
6620,Carbohydrates,18.8,g
6620,Fiber,1.9,g
6620,Fat,7.7,g
6620,Cholesterol,0,mg
6620,Vitamin A,268.4,mcg
6620,Vitamin B1,0.2,mg
6620,Vitamin B2,0.1,mg
6620,Vitamin B3,2.1,mg
6620,Vitamin C,20,mg
6620,Folic Acid,6.1,mcg
6620,Calcium,76.5,mg
6620,Iron,0.8,mg
6620,Magnesium,0,mg
6620,Phosphorus,0,mg
6620,Sodium,11.5,mg
6620,Potassium,63.9,mg
6620,Zinc,0.4,mg
6621,Energy,94,cal
6621,Protein,3,g
6621,Carbohydrates,18.2,g
6621,Fiber,0.2,g
6621,Fat,0.8,g
6621,Cholesterol,1.5,mg
6621,Sodium,6.9,mg
6623,Energy,65,cal
6623,Protein,2.4,g
6623,Carbohydrates,4.9,g
6623,Fiber,2.1,g
6623,Fat,4.5,g
6623,Cholesterol,0,mg
6623,Sodium,259.1,mg
6624,Energy,227,cal
6624,Protein,4.6,g
6624,Carbohydrates,35.5,g
6624,Fiber,1.7,g
6624,Fat,7.2,g
6624,Cholesterol,0,mg
6624,Sodium,46.2,mg
6625,Energy,227,cal
6625,Protein,4.6,g
6625,Carbohydrates,35.5,g
6625,Fiber,1.7,g
6625,Fat,7.2,g
6625,Cholesterol,0,mg
6625,Sodium,46.2,mg
6626,Energy,106,cal
6626,Protein,1.9,g
6626,Carbohydrates,9,g
6626,Fiber,2.2,g
6626,Fat,7.4,g
6626,Cholesterol,0,mg
6626,Vitamin A,48,mcg
6626,Vitamin B1,0.1,mg
6626,Vitamin B2,0,mg
6626,Vitamin B3,0.2,mg
6626,Vitamin C,4,mg
6626,Folic Acid,0.5,mcg
6626,Calcium,177,mg
6626,Iron,1.4,mg
6626,Magnesium,0,mg
6626,Phosphorus,0,mg
6626,Sodium,891.5,mg
6626,Potassium,155.8,mg
6626,Zinc,0.6,mg
6627,Energy,217,cal
6627,Protein,8.1,g
6627,Carbohydrates,14.1,g
6627,Fiber,0.7,g
6627,Fat,14.3,g
6627,Cholesterol,0,mg
6627,Sodium,0.9,mg
6628,Energy,73,cal
6628,Protein,1.9,g
6628,Carbohydrates,3.6,g
6628,Fiber,0.5,g
6628,Fat,5.7,g
6628,Cholesterol,0,mg
6628,Vitamin A,106.4,mcg
6628,Vitamin B1,-0.1,mg
6628,Vitamin B2,-0.1,mg
6628,Vitamin B3,0.1,mg
6628,Vitamin C,5.5,mg
6628,Folic Acid,1.8,mcg
6628,Calcium,70.1,mg
6628,Iron,0.4,mg
6628,Magnesium,0,mg
6628,Phosphorus,0,mg
6628,Sodium,46.7,mg
6628,Potassium,19.6,mg
6628,Zinc,0.2,mg
6629,Energy,73,cal
6629,Protein,1.9,g
6629,Carbohydrates,3.6,g
6629,Fiber,0.5,g
6629,Fat,5.7,g
6629,Cholesterol,0,mg
6629,Vitamin A,106.4,mcg
6629,Vitamin B1,-0.1,mg
6629,Vitamin B2,-0.1,mg
6629,Vitamin B3,0.1,mg
6629,Vitamin C,5.5,mg
6629,Folic Acid,1.8,mcg
6629,Calcium,70.1,mg
6629,Iron,0.4,mg
6629,Magnesium,0,mg
6629,Phosphorus,0,mg
6629,Sodium,46.7,mg
6629,Potassium,19.6,mg
6629,Zinc,0.2,mg
6630,Energy,63,cal
6630,Protein,1.4,g
6630,Carbohydrates,5.9,g
6630,Fiber,1.1,g
6630,Fat,3.7,g
6630,Cholesterol,0,mg
6630,Vitamin A,119.1,mcg
6630,Vitamin B1,0,mg
6630,Vitamin B2,0,mg
6630,Vitamin B3,0.8,mg
6630,Vitamin C,4.9,mg
6630,Folic Acid,4.6,mcg
6630,Calcium,10.4,mg
6630,Iron,0.2,mg
6630,Magnesium,0,mg
6630,Phosphorus,0,mg
6630,Sodium,2.8,mg
6630,Potassium,44.5,mg
6630,Zinc,0.2,mg
6632,Energy,117,cal
6632,Protein,2,g
6632,Carbohydrates,15.6,g
6632,Fiber,0.8,g
6632,Fat,5.1,g
6632,Cholesterol,0,mg
6632,Vitamin A,46.4,mcg
6632,Vitamin B1,0,mg
6632,Vitamin B2,0,mg
6632,Vitamin B3,0.6,mg
6632,Vitamin C,0,mg
6632,Folic Acid,6.6,mcg
6632,Calcium,7.5,mg
6632,Iron,0.3,mg
6632,Magnesium,0,mg
6632,Phosphorus,0,mg
6632,Sodium,1.5,mg
6632,Potassium,30.4,mg
6632,Zinc,0.3,mg
6633,Energy,117,cal
6633,Protein,2,g
6633,Carbohydrates,15.6,g
6633,Fiber,0.8,g
6633,Fat,5.1,g
6633,Cholesterol,0,mg
6633,Vitamin A,46.4,mcg
6633,Vitamin B1,0,mg
6633,Vitamin B2,0,mg
6633,Vitamin B3,0.6,mg
6633,Vitamin C,0,mg
6633,Folic Acid,6.6,mcg
6633,Calcium,7.5,mg
6633,Iron,0.3,mg
6633,Magnesium,0,mg
6633,Phosphorus,0,mg
6633,Sodium,1.5,mg
6633,Potassium,30.4,mg
6633,Zinc,0.3,mg
6634,Energy,228,cal
6634,Protein,1.4,g
6634,Carbohydrates,30.6,g
6634,Fiber,0,g
6634,Fat,10.7,g
6634,Cholesterol,2.2,mg
6634,Sodium,4.4,mg
6635,Energy,181,cal
6635,Protein,5.1,g
6635,Carbohydrates,20.5,g
6635,Fiber,3.2,g
6635,Fat,8.8,g
6635,Cholesterol,0,mg
6635,Sodium,15.6,mg
6636,Energy,171,cal
6636,Protein,2.5,g
6636,Carbohydrates,18.3,g
6636,Fiber,0.7,g
6636,Fat,9.5,g
6636,Cholesterol,0,mg
6636,Sodium,4.9,mg
6638,Energy,261,cal
6638,Protein,5.5,g
6638,Carbohydrates,29.6,g
6638,Fiber,3,g
6638,Fat,13.2,g
6638,Cholesterol,0,mg
6638,Sodium,16.3,mg
6639,Energy,261,cal
6639,Protein,5.5,g
6639,Carbohydrates,29.6,g
6639,Fiber,3,g
6639,Fat,13.2,g
6639,Cholesterol,0,mg
6639,Sodium,16.3,mg
6640,Energy,158,cal
6640,Protein,4.6,g
6640,Carbohydrates,18.3,g
6640,Fiber,4.1,g
6640,Fat,7.3,g
6640,Cholesterol,0,mg
6640,Sodium,22.8,mg
6641,Energy,158,cal
6641,Protein,4.6,g
6641,Carbohydrates,18.3,g
6641,Fiber,4.1,g
6641,Fat,7.3,g
6641,Cholesterol,0,mg
6641,Sodium,22.8,mg
6642,Energy,103,cal
6642,Protein,5.7,g
6642,Carbohydrates,19.5,g
6642,Fiber,0.1,g
6642,Fat,0.2,g
6642,Cholesterol,0,mg
6642,Sodium,76.6,mg
6643,Energy,285,cal
6643,Protein,3.4,g
6643,Carbohydrates,33.1,g
6643,Fiber,0,g
6643,Fat,13.8,g
6643,Cholesterol,10,mg
6643,Sodium,13.7,mg
6644,Energy,721,cal
6644,Protein,9.4,g
6644,Carbohydrates,86.6,g
6644,Fiber,0,g
6644,Fat,32.5,g
6644,Cholesterol,32,mg
6644,Sodium,39.9,mg
6645,Energy,721,cal
6645,Protein,9.4,g
6645,Carbohydrates,86.6,g
6645,Fiber,0,g
6645,Fat,32.5,g
6645,Cholesterol,32,mg
6645,Sodium,39.9,mg
6646,Energy,107,cal
6646,Protein,2.3,g
6646,Carbohydrates,17.2,g
6646,Fiber,0.5,g
6646,Fat,3.2,g
6646,Cholesterol,0,mg
6646,Sodium,6.1,mg
6647,Energy,176,cal
6647,Protein,2.5,g
6647,Carbohydrates,18.7,g
6647,Fiber,0.6,g
6647,Fat,10.1,g
6647,Cholesterol,0,mg
6647,Sodium,7.5,mg
6648,Energy,164,cal
6648,Protein,5.8,g
6648,Carbohydrates,31.7,g
6648,Fiber,2.5,g
6648,Fat,1.6,g
6648,Cholesterol,0,mg
6648,Sodium,91.1,mg
6649,Energy,264,cal
6649,Protein,1.1,g
6649,Carbohydrates,62.3,g
6649,Fiber,2,g
6649,Fat,0.9,g
6649,Cholesterol,0,mg
6649,Sodium,2.2,mg
6650,Energy,143,cal
6650,Protein,1.3,g
6650,Carbohydrates,5.2,g
6650,Fiber,0.8,g
6650,Fat,12.8,g
6650,Cholesterol,0,mg
6650,Vitamin A,361.7,mcg
6650,Vitamin B1,0.1,mg
6650,Vitamin B2,0,mg
6650,Vitamin B3,0.3,mg
6650,Vitamin C,13.3,mg
6650,Folic Acid,12.9,mcg
6650,Calcium,47.9,mg
6650,Iron,0.6,mg
6650,Magnesium,0,mg
6650,Phosphorus,0,mg
6650,Sodium,8.4,mg
6650,Potassium,79.5,mg
6650,Zinc,0.1,mg
6651,Energy,121,cal
6651,Protein,2.5,g
6651,Carbohydrates,13.8,g
6651,Fiber,2.1,g
6651,Fat,6.2,g
6651,Cholesterol,7.5,mg
6651,Sodium,33.7,mg
6652,Energy,205,cal
6652,Protein,9.3,g
6652,Carbohydrates,21,g
6652,Fiber,3.6,g
6652,Fat,8.1,g
6652,Cholesterol,8,mg
6652,Sodium,24,mg
6653,Energy,192,cal
6653,Protein,12.8,g
6653,Carbohydrates,33.5,g
6653,Fiber,6.3,g
6653,Fat,0.8,g
6653,Cholesterol,0,mg
6653,Sodium,21.6,mg
6654,Energy,196,cal
6654,Protein,6.1,g
6654,Carbohydrates,13.6,g
6654,Fiber,4.7,g
6654,Fat,12.2,g
6654,Cholesterol,0,mg
6654,Vitamin A,363.9,mcg
6654,Vitamin B1,0.1,mg
6654,Vitamin B2,0.1,mg
6654,Vitamin B3,0.8,mg
6654,Vitamin C,40.5,mg
6654,Folic Acid,22,mcg
6654,Calcium,137.6,mg
6654,Iron,1.6,mg
6654,Magnesium,0,mg
6654,Phosphorus,0,mg
6654,Sodium,37.9,mg
6654,Potassium,217.6,mg
6654,Zinc,0.5,mg
6655,Energy,196,cal
6655,Protein,6.1,g
6655,Carbohydrates,13.6,g
6655,Fiber,4.7,g
6655,Fat,12.2,g
6655,Cholesterol,0,mg
6655,Vitamin A,363.9,mcg
6655,Vitamin B1,0.1,mg
6655,Vitamin B2,0.1,mg
6655,Vitamin B3,0.8,mg
6655,Vitamin C,40.5,mg
6655,Folic Acid,22,mcg
6655,Calcium,137.6,mg
6655,Iron,1.6,mg
6655,Magnesium,0,mg
6655,Phosphorus,0,mg
6655,Sodium,37.9,mg
6655,Potassium,217.6,mg
6655,Zinc,0.5,mg
6656,Energy,196,cal
6656,Protein,6.1,g
6656,Carbohydrates,13.6,g
6656,Fiber,4.7,g
6656,Fat,12.2,g
6656,Cholesterol,0,mg
6656,Vitamin A,363.9,mcg
6656,Vitamin B1,0.1,mg
6656,Vitamin B2,0.1,mg
6656,Vitamin B3,0.8,mg
6656,Vitamin C,40.5,mg
6656,Folic Acid,22,mcg
6656,Calcium,137.6,mg
6656,Iron,1.6,mg
6656,Magnesium,0,mg
6656,Phosphorus,0,mg
6656,Sodium,37.9,mg
6656,Potassium,217.6,mg
6656,Zinc,0.5,mg
6657,Energy,196,cal
6657,Protein,6.1,g
6657,Carbohydrates,13.6,g
6657,Fiber,4.7,g
6657,Fat,12.2,g
6657,Cholesterol,0,mg
6657,Vitamin A,363.9,mcg
6657,Vitamin B1,0.1,mg
6657,Vitamin B2,0.1,mg
6657,Vitamin B3,0.8,mg
6657,Vitamin C,40.5,mg
6657,Folic Acid,22,mcg
6657,Calcium,137.6,mg
6657,Iron,1.6,mg
6657,Magnesium,0,mg
6657,Phosphorus,0,mg
6657,Sodium,37.9,mg
6657,Potassium,217.6,mg
6657,Zinc,0.5,mg
6658,Energy,196,cal
6658,Protein,6.1,g
6658,Carbohydrates,13.6,g
6658,Fiber,4.7,g
6658,Fat,12.2,g
6658,Cholesterol,0,mg
6658,Vitamin A,363.9,mcg
6658,Vitamin B1,0.1,mg
6658,Vitamin B2,0.1,mg
6658,Vitamin B3,0.8,mg
6658,Vitamin C,40.5,mg
6658,Folic Acid,22,mcg
6658,Calcium,137.6,mg
6658,Iron,1.6,mg
6658,Magnesium,0,mg
6658,Phosphorus,0,mg
6658,Sodium,37.9,mg
6658,Potassium,217.6,mg
6658,Zinc,0.5,mg
6659,Energy,249,cal
6659,Protein,5.6,g
6659,Carbohydrates,38.8,g
6659,Fiber,4.1,g
6659,Fat,7.9,g
6659,Cholesterol,0,mg
6659,Vitamin A,98.6,mcg
6659,Vitamin B1,0,mg
6659,Vitamin B2,0,mg
6659,Vitamin B3,0.8,mg
6659,Vitamin C,3.3,mg
6659,Folic Acid,6.2,mcg
6659,Calcium,37,mg
6659,Iron,0.7,mg
6659,Magnesium,0,mg
6659,Phosphorus,0,mg
6659,Sodium,2.3,mg
6659,Potassium,30.3,mg
6659,Zinc,0.6,mg
6660,Energy,249,cal
6660,Protein,5.6,g
6660,Carbohydrates,38.8,g
6660,Fiber,4.1,g
6660,Fat,7.9,g
6660,Cholesterol,0,mg
6660,Vitamin A,98.6,mcg
6660,Vitamin B1,0,mg
6660,Vitamin B2,0,mg
6660,Vitamin B3,0.8,mg
6660,Vitamin C,3.3,mg
6660,Folic Acid,6.2,mcg
6660,Calcium,37,mg
6660,Iron,0.7,mg
6660,Magnesium,0,mg
6660,Phosphorus,0,mg
6660,Sodium,2.3,mg
6660,Potassium,30.3,mg
6660,Zinc,0.6,mg
6661,Energy,249,cal
6661,Protein,5.6,g
6661,Carbohydrates,38.8,g
6661,Fiber,4.1,g
6661,Fat,7.9,g
6661,Cholesterol,0,mg
6661,Vitamin A,98.6,mcg
6661,Vitamin B1,0,mg
6661,Vitamin B2,0,mg
6661,Vitamin B3,0.8,mg
6661,Vitamin C,3.3,mg
6661,Folic Acid,6.2,mcg
6661,Calcium,37,mg
6661,Iron,0.7,mg
6661,Magnesium,0,mg
6661,Phosphorus,0,mg
6661,Sodium,2.3,mg
6661,Potassium,30.3,mg
6661,Zinc,0.6,mg
6662,Energy,249,cal
6662,Protein,5.6,g
6662,Carbohydrates,38.8,g
6662,Fiber,4.1,g
6662,Fat,7.9,g
6662,Cholesterol,0,mg
6662,Vitamin A,98.6,mcg
6662,Vitamin B1,0,mg
6662,Vitamin B2,0,mg
6662,Vitamin B3,0.8,mg
6662,Vitamin C,3.3,mg
6662,Folic Acid,6.2,mcg
6662,Calcium,37,mg
6662,Iron,0.7,mg
6662,Magnesium,0,mg
6662,Phosphorus,0,mg
6662,Sodium,2.3,mg
6662,Potassium,30.3,mg
6662,Zinc,0.6,mg
6663,Energy,309,cal
6663,Protein,10.4,g
6663,Carbohydrates,27.2,g
6663,Fiber,0,g
6663,Fat,16.7,g
6663,Cholesterol,8,mg
6663,Sodium,60.3,mg
6664,Energy,126,cal
6664,Protein,10.5,g
6664,Carbohydrates,7.4,g
6664,Fiber,5.2,g
6664,Fat,5.8,g
6664,Cholesterol,2,mg
6664,Sodium,4.5,mg
6665,Energy,126,cal
6665,Protein,10.5,g
6665,Carbohydrates,7.4,g
6665,Fiber,5.2,g
6665,Fat,5.8,g
6665,Cholesterol,2,mg
6665,Sodium,4.5,mg
6668,Energy,339,cal
6668,Protein,13.6,g
6668,Carbohydrates,51.5,g
6668,Fiber,9,g
6668,Fat,8.7,g
6668,Cholesterol,0,mg
6668,Sodium,15.6,mg
6669,Energy,342,cal
6669,Protein,3.2,g
6669,Carbohydrates,11,g
6669,Fiber,5.3,g
6669,Fat,32,g
6669,Cholesterol,0,mg
6669,Vitamin A,296.1,mcg
6669,Vitamin B1,0.1,mg
6669,Vitamin B2,0,mg
6669,Vitamin B3,0.5,mg
6669,Vitamin C,5,mg
6669,Folic Acid,11.1,mcg
6669,Calcium,53.2,mg
6669,Iron,0.9,mg
6669,Magnesium,0,mg
6669,Phosphorus,0,mg
6669,Sodium,15.4,mg
6669,Potassium,89.3,mg
6669,Zinc,0.3,mg
6670,Energy,254,cal
6670,Protein,3.2,g
6670,Carbohydrates,47.1,g
6670,Fiber,3.7,g
6670,Fat,5.1,g
6670,Cholesterol,5.3,mg
6670,Sodium,14.7,mg
6671,Energy,637,cal
6671,Protein,10.3,g
6671,Carbohydrates,75.9,g
6671,Fiber,9.5,g
6671,Fat,33.2,g
6671,Cholesterol,3.2,mg
6671,Sodium,19.4,mg
6672,Energy,72,cal
6672,Protein,0.2,g
6672,Carbohydrates,0.8,g
6672,Fiber,0.4,g
6672,Fat,7.5,g
6672,Cholesterol,0,mg
6672,Sodium,3.4,mg
6674,Energy,114,cal
6674,Protein,0.2,g
6674,Carbohydrates,3.1,g
6674,Fiber,0,g
6674,Fat,11.3,g
6674,Cholesterol,0,mg
6674,Sodium,0.8,mg
6675,Energy,1,cal
6675,Protein,0,g
6675,Carbohydrates,0.2,g
6675,Fiber,0,g
6675,Fat,0,g
6675,Cholesterol,0,mg
6675,Sodium,0,mg
6677,Energy,389,cal
6677,Protein,8.3,g
6677,Carbohydrates,38.6,g
6677,Fiber,0.7,g
6677,Fat,18.7,g
6677,Cholesterol,39,mg
6677,Sodium,79.1,mg
6678,Energy,149,cal
6678,Protein,2.2,g
6678,Carbohydrates,13.2,g
6678,Fiber,0,g
6678,Fat,9.4,g
6678,Cholesterol,1.6,mg
6678,Sodium,3.4,mg
6680,Energy,408,cal
6680,Protein,15.7,g
6680,Carbohydrates,19.7,g
6680,Fiber,9.5,g
6680,Fat,29.6,g
6680,Cholesterol,0,mg
6680,Vitamin A,106.4,mcg
6680,Vitamin B1,0.5,mg
6680,Vitamin B2,0.1,mg
6680,Vitamin B3,10.2,mg
6680,Vitamin C,3.2,mg
6680,Folic Acid,14.1,mcg
6680,Calcium,53.5,mg
6680,Iron,1.9,mg
6680,Magnesium,0,mg
6680,Phosphorus,0,mg
6680,Sodium,2.7,mg
6680,Potassium,27.6,mg
6680,Zinc,2,mg
6681,Energy,235,cal
6681,Protein,5.3,g
6681,Carbohydrates,17,g
6681,Fiber,3.6,g
6681,Fat,16.3,g
6681,Cholesterol,0,mg
6681,Vitamin A,1597.8,mcg
6681,Vitamin B1,0.1,mg
6681,Vitamin B2,0.1,mg
6681,Vitamin B3,0.7,mg
6681,Vitamin C,3.8,mg
6681,Folic Acid,32.2,mcg
6681,Calcium,65,mg
6681,Iron,4.8,mg
6681,Magnesium,0,mg
6681,Phosphorus,0,mg
6681,Sodium,16.3,mg
6681,Potassium,189.5,mg
6681,Zinc,0.5,mg
6682,Energy,107,cal
6682,Protein,1.7,g
6682,Carbohydrates,23.2,g
6682,Fiber,1.1,g
6682,Fat,0.8,g
6682,Cholesterol,0,mg
6682,Sodium,2,mg
6683,Energy,110,cal
6683,Protein,1.7,g
6683,Carbohydrates,23.2,g
6683,Fiber,1.1,g
6683,Fat,1.2,g
6683,Cholesterol,0,mg
6683,Sodium,2,mg
6684,Energy,213,cal
6684,Protein,6.4,g
6684,Carbohydrates,20.9,g
6684,Fiber,5.9,g
6684,Fat,11.7,g
6684,Cholesterol,0,mg
6684,Vitamin A,509.4,mcg
6684,Vitamin B1,0.6,mg
6684,Vitamin B2,0.1,mg
6684,Vitamin B3,0.7,mg
6684,Vitamin C,125.8,mg
6684,Folic Acid,36.9,mcg
6684,Calcium,25.4,mg
6684,Iron,1.8,mg
6684,Magnesium,0,mg
6684,Phosphorus,0,mg
6684,Sodium,18.3,mg
6684,Potassium,189,mg
6684,Zinc,0.5,mg
6685,Energy,43,cal
6685,Protein,0.2,g
6685,Carbohydrates,3.8,g
6685,Fiber,0.3,g
6685,Fat,3,g
6685,Cholesterol,0,mg
6685,Sodium,0.4,mg
6688,Energy,6,cal
6688,Protein,0.1,g
6688,Carbohydrates,1.1,g
6688,Fiber,0.2,g
6688,Fat,0.1,g
6688,Cholesterol,0,mg
6688,Sodium,0.2,mg
6689,Energy,6,cal
6689,Protein,0.1,g
6689,Carbohydrates,1.1,g
6689,Fiber,0.2,g
6689,Fat,0.1,g
6689,Cholesterol,0,mg
6689,Sodium,0.2,mg
6691,Energy,1604,cal
6691,Protein,25.7,g
6691,Carbohydrates,166.9,g
6691,Fiber,0.7,g
6691,Fat,94.8,g
6691,Cholesterol,0,mg
6691,Sodium,144,mg
6692,Energy,1604,cal
6692,Protein,25.7,g
6692,Carbohydrates,166.9,g
6692,Fiber,0.7,g
6692,Fat,94.8,g
6692,Cholesterol,0,mg
6692,Sodium,144,mg
6693,Energy,1604,cal
6693,Protein,25.7,g
6693,Carbohydrates,166.9,g
6693,Fiber,0.7,g
6693,Fat,94.8,g
6693,Cholesterol,0,mg
6693,Sodium,144,mg
6696,Energy,204,cal
6696,Protein,3.4,g
6696,Carbohydrates,25.6,g
6696,Fiber,0,g
6696,Fat,8.1,g
6696,Cholesterol,10.7,mg
6696,Sodium,13,mg
6697,Energy,204,cal
6697,Protein,3.4,g
6697,Carbohydrates,25.6,g
6697,Fiber,0,g
6697,Fat,8.1,g
6697,Cholesterol,10.7,mg
6697,Sodium,13,mg
6698,Energy,204,cal
6698,Protein,3.4,g
6698,Carbohydrates,25.6,g
6698,Fiber,0,g
6698,Fat,8.1,g
6698,Cholesterol,10.7,mg
6698,Sodium,13,mg
6699,Energy,545,cal
6699,Protein,8.8,g
6699,Carbohydrates,73.1,g
6699,Fiber,1.1,g
6699,Fat,23.7,g
6699,Cholesterol,37,mg
6699,Sodium,122.5,mg
6701,Energy,177,cal
6701,Protein,3.7,g
6701,Carbohydrates,14.1,g
6701,Fiber,3.2,g
6701,Fat,12.2,g
6701,Cholesterol,0,mg
6701,Vitamin A,204.6,mcg
6701,Vitamin B1,0.1,mg
6701,Vitamin B2,0,mg
6701,Vitamin B3,0.6,mg
6701,Vitamin C,6,mg
6701,Folic Acid,38.2,mcg
6701,Calcium,24.9,mg
6701,Iron,1,mg
6701,Magnesium,0,mg
6701,Phosphorus,0,mg
6701,Sodium,14.3,mg
6701,Potassium,156.9,mg
6701,Zinc,0.4,mg
6702,Energy,168,cal
6702,Protein,3.6,g
6702,Carbohydrates,11.8,g
6702,Fiber,3.4,g
6702,Fat,12.2,g
6702,Cholesterol,0,mg
6702,Vitamin A,142.1,mcg
6702,Vitamin B1,0.1,mg
6702,Vitamin B2,0,mg
6702,Vitamin B3,0.5,mg
6702,Vitamin C,10.8,mg
6702,Folic Acid,35.8,mcg
6702,Calcium,25.4,mg
6702,Iron,1,mg
6702,Magnesium,0,mg
6702,Phosphorus,0,mg
6702,Sodium,12.1,mg
6702,Potassium,151.6,mg
6702,Zinc,0.3,mg
6705,Energy,235,cal
6705,Protein,5.4,g
6705,Carbohydrates,32.7,g
6705,Fiber,5.4,g
6705,Fat,9.8,g
6705,Cholesterol,0,mg
6705,Sodium,9.7,mg
6706,Energy,257,cal
6706,Protein,5.4,g
6706,Carbohydrates,32.7,g
6706,Fiber,5.4,g
6706,Fat,12.3,g
6706,Cholesterol,0,mg
6706,Sodium,9.7,mg
6707,Energy,257,cal
6707,Protein,5.4,g
6707,Carbohydrates,32.7,g
6707,Fiber,5.4,g
6707,Fat,12.3,g
6707,Cholesterol,0,mg
6707,Sodium,9.7,mg
6708,Energy,686,cal
6708,Protein,9.6,g
6708,Carbohydrates,93.3,g
6708,Fiber,6.6,g
6708,Fat,30.5,g
6708,Cholesterol,0,mg
6708,Sodium,1316.1,mg
6715,Energy,343,cal
6715,Protein,3.1,g
6715,Carbohydrates,44.4,g
6715,Fiber,0.4,g
6715,Fat,16.9,g
6715,Cholesterol,0,mg
6715,Sodium,0,mg
6716,Energy,300,cal
6716,Protein,1.8,g
6716,Carbohydrates,43.5,g
6716,Fiber,0.2,g
6716,Fat,13.1,g
6716,Cholesterol,0,mg
6716,Sodium,0,mg
6717,Energy,268,cal
6717,Protein,0.5,g
6717,Carbohydrates,66.1,g
6717,Fiber,0.2,g
6717,Fat,0,g
6717,Cholesterol,0,mg
6717,Sodium,1810.3,mg
6718,Energy,453,cal
6718,Protein,9.4,g
6718,Carbohydrates,72.5,g
6718,Fiber,7.9,g
6718,Fat,10.4,g
6718,Cholesterol,0,mg
6718,Vitamin A,240,mcg
6718,Vitamin B1,0.2,mg
6718,Vitamin B2,0.4,mg
6718,Vitamin B3,2.1,mg
6718,Vitamin C,51.5,mg
6718,Folic Acid,9.4,mcg
6718,Calcium,339.2,mg
6718,Iron,6.2,mg
6718,Magnesium,0,mg
6718,Phosphorus,0,mg
6718,Sodium,28.5,mg
6718,Potassium,135,mg
6718,Zinc,1.2,mg
6719,Energy,318,cal
6719,Protein,7.6,g
6719,Carbohydrates,44.4,g
6719,Fiber,3.8,g
6719,Fat,9,g
6719,Cholesterol,21.4,mg
6719,Sodium,26.3,mg
6720,Energy,530,cal
6720,Protein,13.4,g
6720,Carbohydrates,67.3,g
6720,Fiber,7.6,g
6720,Fat,16.9,g
6720,Cholesterol,40,mg
6720,Sodium,47.5,mg
6721,Energy,260,cal
6721,Protein,5.6,g
6721,Carbohydrates,37.5,g
6721,Fiber,3.7,g
6721,Fat,7.9,g
6721,Cholesterol,12,mg
6721,Sodium,14.2,mg
6722,Energy,260,cal
6722,Protein,5.6,g
6722,Carbohydrates,37.5,g
6722,Fiber,3.7,g
6722,Fat,7.9,g
6722,Cholesterol,12,mg
6722,Sodium,14.2,mg
6723,Energy,260,cal
6723,Protein,5.6,g
6723,Carbohydrates,37.5,g
6723,Fiber,3.7,g
6723,Fat,7.9,g
6723,Cholesterol,12,mg
6723,Sodium,14.2,mg
6724,Energy,260,cal
6724,Protein,5.6,g
6724,Carbohydrates,37.5,g
6724,Fiber,3.7,g
6724,Fat,7.9,g
6724,Cholesterol,12,mg
6724,Sodium,14.2,mg
6725,Energy,260,cal
6725,Protein,5.6,g
6725,Carbohydrates,37.5,g
6725,Fiber,3.7,g
6725,Fat,7.9,g
6725,Cholesterol,12,mg
6725,Sodium,14.2,mg
6726,Energy,22,cal
6726,Protein,0.3,g
6726,Carbohydrates,1,g
6726,Fiber,0.3,g
6726,Fat,1.9,g
6726,Cholesterol,0,mg
6726,Vitamin A,42.3,mcg
6726,Vitamin B1,0,mg
6726,Vitamin B2,0,mg
6726,Vitamin B3,0.4,mg
6726,Vitamin C,2.4,mg
6726,Folic Acid,4.6,mcg
6726,Calcium,5.1,mg
6726,Iron,0.2,mg
6726,Magnesium,0,mg
6726,Phosphorus,0,mg
6726,Sodium,1.3,mg
6726,Potassium,43.3,mg
6726,Zinc,0.1,mg
6727,Energy,22,cal
6727,Protein,0.3,g
6727,Carbohydrates,1,g
6727,Fiber,0.3,g
6727,Fat,1.9,g
6727,Cholesterol,0,mg
6727,Vitamin A,42.3,mcg
6727,Vitamin B1,0,mg
6727,Vitamin B2,0,mg
6727,Vitamin B3,0.4,mg
6727,Vitamin C,2.4,mg
6727,Folic Acid,4.6,mcg
6727,Calcium,5.1,mg
6727,Iron,0.2,mg
6727,Magnesium,0,mg
6727,Phosphorus,0,mg
6727,Sodium,1.3,mg
6727,Potassium,43.3,mg
6727,Zinc,0.1,mg
6728,Energy,156,cal
6728,Protein,0.7,g
6728,Carbohydrates,19.9,g
6728,Fiber,4.6,g
6728,Fat,8.2,g
6728,Cholesterol,0,mg
6728,Sodium,58.1,mg
6729,Energy,156,cal
6729,Protein,0.7,g
6729,Carbohydrates,19.9,g
6729,Fiber,4.6,g
6729,Fat,8.2,g
6729,Cholesterol,0,mg
6729,Sodium,58.1,mg
6730,Energy,156,cal
6730,Protein,0.7,g
6730,Carbohydrates,19.9,g
6730,Fiber,4.6,g
6730,Fat,8.2,g
6730,Cholesterol,0,mg
6730,Sodium,58.1,mg
6731,Energy,156,cal
6731,Protein,0.7,g
6731,Carbohydrates,19.9,g
6731,Fiber,4.6,g
6731,Fat,8.2,g
6731,Cholesterol,0,mg
6731,Sodium,58.1,mg
6733,Energy,154,cal
6733,Protein,5.6,g
6733,Carbohydrates,7.8,g
6733,Fiber,1.6,g
6733,Fat,8.2,g
6733,Cholesterol,20,mg
6733,Sodium,30,mg
6734,Energy,21,cal
6734,Protein,0.5,g
6734,Carbohydrates,4.5,g
6734,Fiber,0.4,g
6734,Fat,0.1,g
6734,Cholesterol,0,mg
6734,Sodium,2.3,mg
6735,Energy,122,cal
6735,Protein,2.6,g
6735,Carbohydrates,17.2,g
6735,Fiber,0.3,g
6735,Fat,5,g
6735,Cholesterol,10.4,mg
6735,Sodium,56.7,mg
6736,Energy,390,cal
6736,Protein,12.9,g
6736,Carbohydrates,63.5,g
6736,Fiber,0.1,g
6736,Fat,9.2,g
6736,Cholesterol,0,mg
6736,Sodium,3.4,mg
6737,Energy,218,cal
6737,Protein,8.2,g
6737,Carbohydrates,23.7,g
6737,Fiber,0.2,g
6737,Fat,10.2,g
6737,Cholesterol,16.5,mg
6737,Sodium,162.5,mg
6738,Energy,33,cal
6738,Protein,0.8,g
6738,Carbohydrates,4.2,g
6738,Fiber,0,g
6738,Fat,1.7,g
6738,Cholesterol,5.4,mg
6738,Sodium,219,mg
6739,Energy,33,cal
6739,Protein,1.9,g
6739,Carbohydrates,5.6,g
6739,Fiber,6.9,g
6739,Fat,0.4,g
6739,Cholesterol,0,mg
6739,Sodium,4.6,mg
6740,Energy,33,cal
6740,Protein,1.9,g
6740,Carbohydrates,5.6,g
6740,Fiber,6.9,g
6740,Fat,0.4,g
6740,Cholesterol,0,mg
6740,Sodium,4.6,mg
6741,Energy,33,cal
6741,Protein,1.9,g
6741,Carbohydrates,5.6,g
6741,Fiber,6.9,g
6741,Fat,0.4,g
6741,Cholesterol,0,mg
6741,Sodium,4.6,mg
6742,Energy,156,cal
6742,Protein,15.6,g
6742,Carbohydrates,7.5,g
6742,Fiber,8.3,g
6742,Fat,7,g
6742,Cholesterol,0,mg
6742,Sodium,0.7,mg
6743,Energy,186,cal
6743,Protein,18.6,g
6743,Carbohydrates,9,g
6743,Fiber,9.9,g
6743,Fat,8.4,g
6743,Cholesterol,0,mg
6743,Sodium,0.9,mg
6744,Energy,186,cal
6744,Protein,18.6,g
6744,Carbohydrates,9,g
6744,Fiber,9.9,g
6744,Fat,8.4,g
6744,Cholesterol,0,mg
6744,Sodium,0.9,mg
6745,Energy,112,cal
6745,Protein,2,g
6745,Carbohydrates,14.3,g
6745,Fiber,0.7,g
6745,Fat,5.1,g
6745,Cholesterol,0,mg
6745,Vitamin A,300.3,mcg
6745,Vitamin B1,0.1,mg
6745,Vitamin B2,0,mg
6745,Vitamin B3,0.1,mg
6745,Vitamin C,9.8,mg
6745,Folic Acid,2.6,mcg
6745,Calcium,28.6,mg
6745,Iron,0.6,mg
6745,Magnesium,0,mg
6745,Phosphorus,0,mg
6745,Sodium,175.7,mg
6745,Potassium,44.1,mg
6745,Zinc,0.4,mg
6747,Energy,86,cal
6747,Protein,6.7,g
6747,Carbohydrates,0,g
6747,Fiber,0,g
6747,Fat,6.7,g
6747,Cholesterol,0,mg
6747,Sodium,0,mg
6748,Energy,43,cal
6748,Protein,1.6,g
6748,Carbohydrates,3.4,g
6748,Fiber,3.4,g
6748,Fat,2.6,g
6748,Cholesterol,0,mg
6748,Sodium,0.4,mg
6751,Energy,285,cal
6751,Protein,2.7,g
6751,Carbohydrates,42.5,g
6751,Fiber,0.5,g
6751,Fat,11.2,g
6751,Cholesterol,3,mg
6751,Sodium,15.4,mg
6752,Energy,285,cal
6752,Protein,2.7,g
6752,Carbohydrates,42.5,g
6752,Fiber,0.5,g
6752,Fat,11.2,g
6752,Cholesterol,3,mg
6752,Sodium,15.4,mg
6753,Energy,114,cal
6753,Protein,5.2,g
6753,Carbohydrates,18.7,g
6753,Fiber,5.4,g
6753,Fat,2.5,g
6753,Cholesterol,0,mg
6753,Vitamin A,145.7,mcg
6753,Vitamin B1,0,mg
6753,Vitamin B2,0,mg
6753,Vitamin B3,0.1,mg
6753,Vitamin C,6.7,mg
6753,Folic Acid,12.9,mcg
6753,Calcium,16.1,mg
6753,Iron,1,mg
6753,Magnesium,0,mg
6753,Phosphorus,0,mg
6753,Sodium,31.3,mg
6753,Potassium,108.4,mg
6753,Zinc,0.2,mg
6754,Energy,145,cal
6754,Protein,4.8,g
6754,Carbohydrates,16,g
6754,Fiber,1.3,g
6754,Fat,6,g
6754,Cholesterol,0,mg
6754,Vitamin A,205.8,mcg
6754,Vitamin B1,0.1,mg
6754,Vitamin B2,0.1,mg
6754,Vitamin B3,0.2,mg
6754,Vitamin C,6.1,mg
6754,Folic Acid,15.1,mcg
6754,Calcium,147.2,mg
6754,Iron,0.5,mg
6754,Magnesium,0,mg
6754,Phosphorus,0,mg
6754,Sodium,32.2,mg
6754,Potassium,156,mg
6754,Zinc,0.2,mg
6755,Energy,67,cal
6755,Protein,0.5,g
6755,Carbohydrates,1.4,g
6755,Fiber,0.1,g
6755,Fat,6.8,g
6755,Cholesterol,0,mg
6755,Sodium,7.6,mg
6756,Energy,12,cal
6756,Protein,0.4,g
6756,Carbohydrates,0.6,g
6756,Fiber,0,g
6756,Fat,0.6,g
6756,Cholesterol,1.5,mg
6756,Sodium,1.8,mg
6757,Energy,107,cal
6757,Protein,2.7,g
6757,Carbohydrates,18,g
6757,Fiber,0.3,g
6757,Fat,2.7,g
6757,Cholesterol,0,mg
6757,Sodium,648.4,mg
6758,Energy,156,cal
6758,Protein,3.5,g
6758,Carbohydrates,24.3,g
6758,Fiber,1.9,g
6758,Fat,6.1,g
6758,Cholesterol,0,mg
6758,Vitamin A,83.4,mcg
6758,Vitamin B1,0.1,mg
6758,Vitamin B2,0.1,mg
6758,Vitamin B3,0.1,mg
6758,Vitamin C,2.8,mg
6758,Folic Acid,19.8,mcg
6758,Calcium,37.8,mg
6758,Iron,0.5,mg
6758,Magnesium,0,mg
6758,Phosphorus,0,mg
6758,Sodium,9,mg
6758,Potassium,177.5,mg
6758,Zinc,0.3,mg
6759,Energy,78,cal
6759,Protein,2.2,g
6759,Carbohydrates,7.5,g
6759,Fiber,0,g
6759,Fat,3.2,g
6759,Cholesterol,8,mg
6759,Sodium,9.5,mg
6760,Energy,186,cal
6760,Protein,7.4,g
6760,Carbohydrates,33.7,g
6760,Fiber,5.7,g
6760,Fat,2.3,g
6760,Cholesterol,0,mg
6760,Sodium,107.8,mg
6761,Energy,311,cal
6761,Protein,5.3,g
6761,Carbohydrates,39.2,g
6761,Fiber,4.2,g
6761,Fat,14.8,g
6761,Cholesterol,0,mg
6761,Sodium,5.3,mg
6762,Energy,137,cal
6762,Protein,2.6,g
6762,Carbohydrates,11.6,g
6762,Fiber,2.3,g
6762,Fat,8.9,g
6762,Cholesterol,0,mg
6762,Vitamin A,44.1,mcg
6762,Vitamin B1,0.1,mg
6762,Vitamin B2,0,mg
6762,Vitamin B3,0.5,mg
6762,Vitamin C,0,mg
6762,Folic Acid,4.6,mcg
6762,Calcium,92.2,mg
6762,Iron,0.8,mg
6762,Magnesium,0,mg
6762,Phosphorus,0,mg
6762,Sodium,1,mg
6762,Potassium,19.2,mg
6762,Zinc,0.9,mg
6766,Energy,71,cal
6766,Protein,1.5,g
6766,Carbohydrates,2.7,g
6766,Fiber,1.2,g
6766,Fat,6,g
6766,Cholesterol,0,mg
6766,Sodium,4.8,mg
6767,Energy,150,cal
6767,Protein,4.9,g
6767,Carbohydrates,19.9,g
6767,Fiber,3.8,g
6767,Fat,6.2,g
6767,Cholesterol,0,mg
6767,Sodium,5.7,mg
6768,Energy,161,cal
6768,Protein,7.4,g
6768,Carbohydrates,22.4,g
6768,Fiber,4.8,g
6768,Fat,4.7,g
6768,Cholesterol,0,mg
6768,Sodium,3.6,mg
6769,Energy,161,cal
6769,Protein,7.4,g
6769,Carbohydrates,22.4,g
6769,Fiber,4.8,g
6769,Fat,4.7,g
6769,Cholesterol,0,mg
6769,Sodium,3.6,mg
6770,Energy,110,cal
6770,Protein,2,g
6770,Carbohydrates,4.9,g
6770,Fiber,1.3,g
6770,Fat,8.8,g
6770,Cholesterol,0,mg
6770,Vitamin A,154.5,mcg
6770,Vitamin B1,0.1,mg
6770,Vitamin B2,0,mg
6770,Vitamin B3,0.4,mg
6770,Vitamin C,16.7,mg
6770,Folic Acid,7.9,mcg
6770,Calcium,58.2,mg
6770,Iron,0.6,mg
6770,Magnesium,0,mg
6770,Phosphorus,0,mg
6770,Sodium,15.1,mg
6770,Potassium,90.4,mg
6770,Zinc,0.2,mg
6771,Energy,338,cal
6771,Protein,14.4,g
6771,Carbohydrates,63.2,g
6771,Fiber,6.9,g
6771,Fat,4.1,g
6771,Cholesterol,0,mg
6771,Sodium,13.6,mg
6772,Energy,338,cal
6772,Protein,14.4,g
6772,Carbohydrates,63.2,g
6772,Fiber,6.9,g
6772,Fat,4.1,g
6772,Cholesterol,0,mg
6772,Sodium,13.6,mg
6773,Energy,124,cal
6773,Protein,8.1,g
6773,Carbohydrates,7.3,g
6773,Fiber,5.1,g
6773,Fat,7,g
6773,Cholesterol,0,mg
6773,Sodium,4.2,mg
6774,Energy,124,cal
6774,Protein,8.1,g
6774,Carbohydrates,7.3,g
6774,Fiber,5.1,g
6774,Fat,7,g
6774,Cholesterol,0,mg
6774,Sodium,4.2,mg
6775,Energy,15,cal
6775,Protein,1.4,g
6775,Carbohydrates,0.9,g
6775,Fiber,0.4,g
6775,Fat,0.6,g
6775,Cholesterol,0,mg
6775,Sodium,1.5,mg
6776,Energy,15,cal
6776,Protein,1.4,g
6776,Carbohydrates,0.9,g
6776,Fiber,0.4,g
6776,Fat,0.6,g
6776,Cholesterol,0,mg
6776,Sodium,1.5,mg
6777,Energy,114,cal
6777,Protein,3,g
6777,Carbohydrates,14.8,g
6777,Fiber,1.3,g
6777,Fat,4.7,g
6777,Cholesterol,0,mg
6777,Sodium,2.9,mg
6778,Energy,175,cal
6778,Protein,4,g
6778,Carbohydrates,37.3,g
6778,Fiber,3.1,g
6778,Fat,1.1,g
6778,Cholesterol,0,mg
6778,Vitamin A,174.6,mcg
6778,Vitamin B1,0,mg
6778,Vitamin B2,0,mg
6778,Vitamin B3,0.9,mg
6778,Vitamin C,3.8,mg
6778,Folic Acid,5.8,mcg
6778,Calcium,17.4,mg
6778,Iron,0.6,mg
6778,Magnesium,0,mg
6778,Phosphorus,0,mg
6778,Sodium,3.6,mg
6778,Potassium,30.8,mg
6778,Zinc,0.6,mg
6779,Energy,175,cal
6779,Protein,4,g
6779,Carbohydrates,37.3,g
6779,Fiber,3.1,g
6779,Fat,1.1,g
6779,Cholesterol,0,mg
6779,Vitamin A,174.6,mcg
6779,Vitamin B1,0,mg
6779,Vitamin B2,0,mg
6779,Vitamin B3,0.9,mg
6779,Vitamin C,3.8,mg
6779,Folic Acid,5.8,mcg
6779,Calcium,17.4,mg
6779,Iron,0.6,mg
6779,Magnesium,0,mg
6779,Phosphorus,0,mg
6779,Sodium,3.6,mg
6779,Potassium,30.8,mg
6779,Zinc,0.6,mg
6780,Energy,175,cal
6780,Protein,4,g
6780,Carbohydrates,37.3,g
6780,Fiber,3.1,g
6780,Fat,1.1,g
6780,Cholesterol,0,mg
6780,Vitamin A,174.6,mcg
6780,Vitamin B1,0,mg
6780,Vitamin B2,0,mg
6780,Vitamin B3,0.9,mg
6780,Vitamin C,3.8,mg
6780,Folic Acid,5.8,mcg
6780,Calcium,17.4,mg
6780,Iron,0.6,mg
6780,Magnesium,0,mg
6780,Phosphorus,0,mg
6780,Sodium,3.6,mg
6780,Potassium,30.8,mg
6780,Zinc,0.6,mg
6781,Energy,300,cal
6781,Protein,12.4,g
6781,Carbohydrates,30.4,g
6781,Fiber,3.8,g
6781,Fat,11.3,g
6781,Cholesterol,20,mg
6781,Sodium,24.1,mg
6782,Amt,242,gm
6782,Energy,298,kcal
6782,Protein,20.2,gm
6782,Cho,19.1,gm
6782,Fat,14.9,gm
6782,Vit-A,1025.7,mcg
6782,Vit-C,59.3,mg
6782,Calcium,233.8,mg
6782,Iron,5.3,mg
6782,F.Acid,67.9,mcg
6782,Fibre,2.9,gm
6783,Amt,242,gm
6783,Energy,298,kcal
6783,Protein,20.2,gm
6783,Cho,19.1,gm
6783,Fat,14.9,gm
6783,Vit-A,1025.7,mcg
6783,Vit-C,59.3,mg
6783,Calcium,233.8,mg
6783,Iron,5.3,mg
6783,F.Acid,67.9,mcg
6783,Fibre,2.9,gm
6784,Energy,134,cal
6784,Protein,8.6,g
6784,Carbohydrates,7.4,g
6784,Fiber,4.7,g
6784,Fat,7.6,g
6784,Cholesterol,2,mg
6784,Sodium,11.9,mg
6785,Energy,134,cal
6785,Protein,8.6,g
6785,Carbohydrates,7.4,g
6785,Fiber,4.7,g
6785,Fat,7.6,g
6785,Cholesterol,2,mg
6785,Sodium,11.9,mg
6786,Energy,73,cal
6786,Protein,2.7,g
6786,Carbohydrates,13.2,g
6786,Fiber,2.3,g
6786,Fat,1.3,g
6786,Cholesterol,0.9,mg
6786,Sodium,7.3,mg
6787,Energy,102,cal
6787,Protein,6.8,g
6787,Carbohydrates,8.1,g
6787,Fiber,5,g
6787,Fat,4.7,g
6787,Cholesterol,0,mg
6787,Sodium,14,mg
6788,Energy,97,cal
6788,Protein,8.5,g
6788,Carbohydrates,9,g
6788,Fiber,6,g
6788,Fat,3,g
6788,Cholesterol,0,mg
6788,Sodium,15.3,mg
6789,Energy,25,cal
6789,Protein,1.3,g
6789,Carbohydrates,3.8,g
6789,Fiber,0.8,g
6789,Fat,0.6,g
6789,Cholesterol,0.3,mg
6789,Sodium,1.8,mg
6790,Energy,372,cal
6790,Protein,37.2,g
6790,Carbohydrates,18,g
6790,Fiber,19.8,g
6790,Fat,16.8,g
6790,Cholesterol,0,mg
6790,Vitamin A,366.4,mcg
6790,Vitamin B1,0.6,mg
6790,Vitamin B2,0.3,mg
6790,Vitamin B3,2.8,mg
6790,Vitamin C,0,mg
6790,Folic Acid,86,mcg
6790,Calcium,206.4,mg
6790,Iron,8.9,mg
6790,Magnesium,0,mg
6790,Phosphorus,0,mg
6790,Sodium,0,mg
6790,Potassium,0,mg
6790,Zinc,2.9,mg
6792,Energy,247,cal
6792,Protein,8.9,g
6792,Carbohydrates,15.6,g
6792,Fiber,4.2,g
6792,Fat,14.5,g
6792,Cholesterol,13.8,mg
6792,Sodium,27.4,mg
6793,Energy,366,cal
6793,Protein,14.6,g
6793,Carbohydrates,26.1,g
6793,Fiber,9.7,g
6793,Fat,21.7,g
6793,Cholesterol,6.4,mg
6793,Sodium,27.3,mg
6794,Energy,133,cal
6794,Protein,7.5,g
6794,Carbohydrates,11.6,g
6794,Fiber,5.1,g
6794,Fat,5.8,g
6794,Cholesterol,3.2,mg
6794,Sodium,11,mg
6795,Energy,133,cal
6795,Protein,7.5,g
6795,Carbohydrates,11.6,g
6795,Fiber,5.1,g
6795,Fat,5.8,g
6795,Cholesterol,3.2,mg
6795,Sodium,11,mg
6796,Energy,74,cal
6796,Protein,5.2,g
6796,Carbohydrates,7.1,g
6796,Fiber,3.6,g
6796,Fat,2.8,g
6796,Cholesterol,0,mg
6796,Sodium,4.6,mg
6797,Energy,285,cal
6797,Protein,7.3,g
6797,Carbohydrates,55.3,g
6797,Fiber,4.9,g
6797,Fat,3.8,g
6797,Cholesterol,0,mg
6797,Vitamin A,117.4,mcg
6797,Vitamin B1,0.1,mg
6797,Vitamin B2,0.1,mg
6797,Vitamin B3,1.5,mg
6797,Vitamin C,7.9,mg
6797,Folic Acid,17.3,mcg
6797,Calcium,36.1,mg
6797,Iron,1.3,mg
6797,Magnesium,0,mg
6797,Phosphorus,0,mg
6797,Sodium,3.9,mg
6797,Potassium,56.3,mg
6797,Zinc,1.1,mg
6798,Energy,167,cal
6798,Protein,5,g
6798,Carbohydrates,30.6,g
6798,Fiber,3,g
6798,Fat,2.7,g
6798,Cholesterol,0,mg
6798,Sodium,4.6,mg
6800,Energy,110,cal
6800,Protein,4.9,g
6800,Carbohydrates,18.9,g
6800,Fiber,3.3,g
6800,Fat,2.2,g
6800,Cholesterol,1.7,mg
6800,Sodium,13.1,mg
6801,Energy,31,cal
6801,Protein,0.8,g
6801,Carbohydrates,3.1,g
6801,Fiber,0.2,g
6801,Fat,1.7,g
6801,Cholesterol,0,mg
6801,Vitamin A,15,mcg
6801,Vitamin B1,0,mg
6801,Vitamin B2,0,mg
6801,Vitamin B3,0.2,mg
6801,Vitamin C,0,mg
6801,Folic Acid,4.4,mcg
6801,Calcium,3.7,mg
6801,Iron,0.3,mg
6801,Magnesium,0,mg
6801,Phosphorus,0,mg
6801,Sodium,0.9,mg
6801,Potassium,34.2,mg
6801,Zinc,0.1,mg
6802,Energy,31,cal
6802,Protein,0.8,g
6802,Carbohydrates,3.1,g
6802,Fiber,0.2,g
6802,Fat,1.7,g
6802,Cholesterol,0,mg
6802,Vitamin A,15,mcg
6802,Vitamin B1,0,mg
6802,Vitamin B2,0,mg
6802,Vitamin B3,0.2,mg
6802,Vitamin C,0,mg
6802,Folic Acid,4.4,mcg
6802,Calcium,3.7,mg
6802,Iron,0.3,mg
6802,Magnesium,0,mg
6802,Phosphorus,0,mg
6802,Sodium,0.9,mg
6802,Potassium,34.2,mg
6802,Zinc,0.1,mg
6803,Energy,153,cal
6803,Protein,12.4,g
6803,Carbohydrates,8.4,g
6803,Fiber,7.1,g
6803,Fat,7.8,g
6803,Cholesterol,0,mg
6803,Sodium,2.1,mg
6804,Energy,143,cal
6804,Protein,10.4,g
6804,Carbohydrates,7.2,g
6804,Fiber,5.7,g
6804,Fat,8.2,g
6804,Cholesterol,0,mg
6804,Sodium,1.7,mg
6805,Energy,143,cal
6805,Protein,10.4,g
6805,Carbohydrates,7.2,g
6805,Fiber,5.7,g
6805,Fat,8.2,g
6805,Cholesterol,0,mg
6805,Sodium,1.7,mg
6807,Energy,193,cal
6807,Protein,6.5,g
6807,Carbohydrates,26.2,g
6807,Fiber,4.7,g
6807,Fat,7.7,g
6807,Cholesterol,0,mg
6807,Sodium,7.5,mg
6808,Energy,45,cal
6808,Protein,2.7,g
6808,Carbohydrates,5.9,g
6808,Fiber,1.3,g
6808,Fat,1.4,g
6808,Cholesterol,0,mg
6808,Sodium,1.8,mg
6809,Energy,47,cal
6809,Protein,2.7,g
6809,Carbohydrates,6,g
6809,Fiber,1.3,g
6809,Fat,1.6,g
6809,Cholesterol,0,mg
6809,Sodium,1.9,mg
6810,Energy,64,cal
6810,Protein,2.8,g
6810,Carbohydrates,6.2,g
6810,Fiber,1.4,g
6810,Fat,3.3,g
6810,Cholesterol,0,mg
6810,Sodium,2,mg
6811,Energy,199,cal
6811,Protein,16.1,g
6811,Carbohydrates,12.6,g
6811,Fiber,9.8,g
6811,Fat,9.4,g
6811,Cholesterol,0,mg
6811,Sodium,65.7,mg
6812,Energy,199,cal
6812,Protein,16.1,g
6812,Carbohydrates,12.6,g
6812,Fiber,9.8,g
6812,Fat,9.4,g
6812,Cholesterol,0,mg
6812,Sodium,65.7,mg
6813,Energy,199,cal
6813,Protein,16.1,g
6813,Carbohydrates,12.6,g
6813,Fiber,9.8,g
6813,Fat,9.4,g
6813,Cholesterol,0,mg
6813,Sodium,65.7,mg
6814,Energy,105,cal
6814,Protein,5.4,g
6814,Carbohydrates,16.7,g
6814,Fiber,2.8,g
6814,Fat,2,g
6814,Cholesterol,0,mg
6814,Sodium,5.8,mg
6815,Energy,56,cal
6815,Protein,2.8,g
6815,Carbohydrates,9.7,g
6815,Fiber,1.6,g
6815,Fat,0.8,g
6815,Cholesterol,0,mg
6815,Sodium,2.9,mg
6816,Energy,175,cal
6816,Protein,10.7,g
6816,Carbohydrates,11.9,g
6816,Fiber,6.3,g
6816,Fat,9.4,g
6816,Cholesterol,0,mg
6816,Sodium,8.3,mg
6817,Energy,175,cal
6817,Protein,10.7,g
6817,Carbohydrates,11.9,g
6817,Fiber,6.3,g
6817,Fat,9.4,g
6817,Cholesterol,0,mg
6817,Sodium,8.3,mg
6818,Energy,130,cal
6818,Protein,8,g
6818,Carbohydrates,8.7,g
6818,Fiber,4.7,g
6818,Fat,7,g
6818,Cholesterol,0,mg
6818,Sodium,6.2,mg
6819,Energy,130,cal
6819,Protein,8,g
6819,Carbohydrates,8.7,g
6819,Fiber,4.7,g
6819,Fat,7,g
6819,Cholesterol,0,mg
6819,Sodium,6.2,mg
6820,Energy,208,cal
6820,Protein,12.4,g
6820,Carbohydrates,16.5,g
6820,Fiber,7.7,g
6820,Fat,10.4,g
6820,Cholesterol,0,mg
6820,Sodium,5.7,mg
6821,Energy,208,cal
6821,Protein,12.4,g
6821,Carbohydrates,16.5,g
6821,Fiber,7.7,g
6821,Fat,10.4,g
6821,Cholesterol,0,mg
6821,Sodium,5.7,mg
6822,Energy,190,cal
6822,Protein,4,g
6822,Carbohydrates,14.5,g
6822,Fiber,0.9,g
6822,Fat,12.3,g
6822,Cholesterol,0,mg
6822,Vitamin A,209.8,mcg
6822,Vitamin B1,0.1,mg
6822,Vitamin B2,0,mg
6822,Vitamin B3,0.5,mg
6822,Vitamin C,1.2,mg
6822,Folic Acid,2.6,mcg
6822,Calcium,69.5,mg
6822,Iron,0.7,mg
6822,Magnesium,0,mg
6822,Phosphorus,0,mg
6822,Sodium,28.1,mg
6822,Potassium,45,mg
6822,Zinc,0.1,mg
6823,Energy,190,cal
6823,Protein,4,g
6823,Carbohydrates,14.5,g
6823,Fiber,0.9,g
6823,Fat,12.3,g
6823,Cholesterol,0,mg
6823,Vitamin A,209.8,mcg
6823,Vitamin B1,0.1,mg
6823,Vitamin B2,0,mg
6823,Vitamin B3,0.5,mg
6823,Vitamin C,1.2,mg
6823,Folic Acid,2.6,mcg
6823,Calcium,69.5,mg
6823,Iron,0.7,mg
6823,Magnesium,0,mg
6823,Phosphorus,0,mg
6823,Sodium,28.1,mg
6823,Potassium,45,mg
6823,Zinc,0.1,mg
6824,Energy,173,cal
6824,Protein,4.6,g
6824,Carbohydrates,19.3,g
6824,Fiber,1.8,g
6824,Fat,8.5,g
6824,Cholesterol,0,mg
6824,Vitamin A,570.9,mcg
6824,Vitamin B1,0.4,mg
6824,Vitamin B2,0.1,mg
6824,Vitamin B3,1.8,mg
6824,Vitamin C,40.7,mg
6824,Folic Acid,29.4,mcg
6824,Calcium,89.4,mg
6824,Iron,1.5,mg
6824,Magnesium,0,mg
6824,Phosphorus,0,mg
6824,Sodium,55.8,mg
6824,Potassium,179.3,mg
6824,Zinc,0.3,mg
6825,Energy,223,cal
6825,Protein,3.9,g
6825,Carbohydrates,20.7,g
6825,Fiber,1.9,g
6825,Fat,13,g
6825,Cholesterol,0,mg
6825,Vitamin A,438.3,mcg
6825,Vitamin B1,0.4,mg
6825,Vitamin B2,0.2,mg
6825,Vitamin B3,2.1,mg
6825,Vitamin C,31.7,mg
6825,Folic Acid,27.4,mcg
6825,Calcium,56.1,mg
6825,Iron,1.7,mg
6825,Magnesium,0,mg
6825,Phosphorus,0,mg
6825,Sodium,11.8,mg
6825,Potassium,151.1,mg
6825,Zinc,0.3,mg
6826,Energy,216,cal
6826,Protein,8.7,g
6826,Carbohydrates,15,g
6826,Fiber,0.1,g
6826,Fat,11.8,g
6826,Cholesterol,0,mg
6826,Vitamin A,434,mcg
6826,Vitamin B1,0.2,mg
6826,Vitamin B2,0.2,mg
6826,Vitamin B3,1,mg
6826,Vitamin C,2.7,mg
6826,Folic Acid,14.6,mcg
6826,Calcium,231.3,mg
6826,Iron,1.1,mg
6826,Magnesium,0,mg
6826,Phosphorus,0,mg
6826,Sodium,47.7,mg
6826,Potassium,87.8,mg
6826,Zinc,0.2,mg
6827,Energy,216,cal
6827,Protein,8.7,g
6827,Carbohydrates,15,g
6827,Fiber,0.1,g
6827,Fat,11.8,g
6827,Cholesterol,0,mg
6827,Vitamin A,434,mcg
6827,Vitamin B1,0.2,mg
6827,Vitamin B2,0.2,mg
6827,Vitamin B3,1,mg
6827,Vitamin C,2.7,mg
6827,Folic Acid,14.6,mcg
6827,Calcium,231.3,mg
6827,Iron,1.1,mg
6827,Magnesium,0,mg
6827,Phosphorus,0,mg
6827,Sodium,47.7,mg
6827,Potassium,87.8,mg
6827,Zinc,0.2,mg
6830,Energy,295,cal
6830,Protein,8.9,g
6830,Carbohydrates,27.1,g
6830,Fiber,1.5,g
6830,Fat,16.3,g
6830,Cholesterol,13,mg
6830,Sodium,153.8,mg
6831,Energy,398,cal
6831,Protein,14.6,g
6831,Carbohydrates,17.3,g
6831,Fiber,1.3,g
6831,Fat,30.1,g
6831,Cholesterol,0,mg
6831,Sodium,8.1,mg
6832,Energy,69,cal
6832,Protein,1.1,g
6832,Carbohydrates,4.6,g
6832,Fiber,1.3,g
6832,Fat,5.3,g
6832,Cholesterol,0,mg
6832,Vitamin A,169.2,mcg
6832,Vitamin B1,0.1,mg
6832,Vitamin B2,0.1,mg
6832,Vitamin B3,0.8,mg
6832,Vitamin C,21.4,mg
6832,Folic Acid,18.8,mcg
6832,Calcium,33.8,mg
6832,Iron,0.5,mg
6832,Magnesium,0,mg
6832,Phosphorus,0,mg
6832,Sodium,4.8,mg
6832,Potassium,161.5,mg
6832,Zinc,0.2,mg
6833,Amt,7,gm
6833,Energy,34,kcal
6833,Protein,0.6,gm
6833,Cho,4.5,gm
6833,Fat,1.5,gm
6833,Vit-A,5.3,mcg
6833,Vit-C,0,mg
6833,Calcium,39.1,mg
6833,Iron,0.4,mg
6833,F.Acid,0,mcg
6833,Fibre,0.1,gm
6834,Energy,163,cal
6834,Protein,6,g
6834,Carbohydrates,24.3,g
6834,Fiber,2.4,g
6834,Fat,4.7,g
6834,Cholesterol,0,mg
6834,Vitamin A,858.7,mcg
6834,Vitamin B1,0.1,mg
6834,Vitamin B2,0.2,mg
6834,Vitamin B3,0.5,mg
6834,Vitamin C,32.5,mg
6834,Folic Acid,39.1,mcg
6834,Calcium,145.7,mg
6834,Iron,0.9,mg
6834,Magnesium,0,mg
6834,Phosphorus,0,mg
6834,Sodium,31.6,mg
6834,Potassium,267.9,mg
6834,Zinc,0.4,mg
6835,Energy,430,cal
6835,Protein,7.1,g
6835,Carbohydrates,73.9,g
6835,Fiber,0.2,g
6835,Fat,10.4,g
6835,Cholesterol,25.6,mg
6835,Sodium,33.6,mg
6836,Energy,430,cal
6836,Protein,7.1,g
6836,Carbohydrates,73.9,g
6836,Fiber,0.2,g
6836,Fat,10.4,g
6836,Cholesterol,25.6,mg
6836,Sodium,33.6,mg
6837,Energy,430,cal
6837,Protein,7.1,g
6837,Carbohydrates,73.9,g
6837,Fiber,0.2,g
6837,Fat,10.4,g
6837,Cholesterol,25.6,mg
6837,Sodium,33.6,mg
6838,Energy,194,cal
6838,Protein,7.4,g
6838,Carbohydrates,10.7,g
6838,Fiber,1.6,g
6838,Fat,9.9,g
6838,Cholesterol,24,mg
6838,Sodium,42.1,mg
6839,Energy,1684,cal
6839,Protein,26.6,g
6839,Carbohydrates,166.2,g
6839,Fiber,1,g
6839,Fat,99.3,g
6839,Cholesterol,0,mg
6839,Vitamin A,3051.1,mcg
6839,Vitamin B1,1,mg
6839,Vitamin B2,0.6,mg
6839,Vitamin B3,2.9,mg
6839,Vitamin C,3.1,mg
6839,Folic Acid,14.5,mcg
6839,Calcium,487.5,mg
6839,Iron,4,mg
6839,Magnesium,0,mg
6839,Phosphorus,0,mg
6839,Sodium,832.9,mg
6839,Potassium,551.9,mg
6839,Zinc,2,mg
6840,Energy,224,cal
6840,Protein,3.9,g
6840,Carbohydrates,22.5,g
6840,Fiber,2.1,g
6840,Fat,13.2,g
6840,Cholesterol,28.6,mg
6840,Sodium,106.1,mg
6841,Energy,55,cal
6841,Protein,1.6,g
6841,Carbohydrates,9.2,g
6841,Fiber,1.3,g
6841,Fat,1.4,g
6841,Cholesterol,0,mg
6841,Sodium,5.4,mg
6842,Energy,23,cal
6842,Protein,0.1,g
6842,Carbohydrates,1.7,g
6842,Fiber,0.4,g
6842,Fat,1.8,g
6842,Cholesterol,0,mg
6842,Sodium,194.4,mg
6844,Energy,104,cal
6844,Protein,3.1,g
6844,Carbohydrates,19.4,g
6844,Fiber,2.1,g
6844,Fat,2.7,g
6844,Cholesterol,0,mg
6844,Sodium,10,mg
6845,Energy,102,cal
6845,Protein,3.2,g
6845,Carbohydrates,14.8,g
6845,Fiber,2.7,g
6845,Fat,3.4,g
6845,Cholesterol,0,mg
6845,Sodium,16.1,mg
6846,Energy,59,cal
6846,Protein,2,g
6846,Carbohydrates,12.3,g
6846,Fiber,2.7,g
6846,Fat,0.3,g
6846,Cholesterol,0,mg
6846,Sodium,21.2,mg
6848,Energy,45,cal
6848,Protein,3.3,g
6848,Carbohydrates,8,g
6848,Fiber,1.6,g
6848,Fat,0.3,g
6848,Cholesterol,0,mg
6848,Sodium,11.6,mg
6849,Energy,136,cal
6849,Protein,1.2,g
6849,Carbohydrates,18,g
6849,Fiber,1.8,g
6849,Fat,6.6,g
6849,Cholesterol,0,mg
6849,Vitamin A,304.5,mcg
6849,Vitamin B1,0.1,mg
6849,Vitamin B2,0,mg
6849,Vitamin B3,0.8,mg
6849,Vitamin C,24.8,mg
6849,Folic Acid,9.4,mcg
6849,Calcium,14.8,mg
6849,Iron,0.3,mg
6849,Magnesium,0,mg
6849,Phosphorus,0,mg
6849,Sodium,73.8,mg
6849,Potassium,210.8,mg
6849,Zinc,0.3,mg
6850,Energy,136,cal
6850,Protein,1.2,g
6850,Carbohydrates,18,g
6850,Fiber,1.8,g
6850,Fat,6.6,g
6850,Cholesterol,0,mg
6850,Vitamin A,304.5,mcg
6850,Vitamin B1,0.1,mg
6850,Vitamin B2,0,mg
6850,Vitamin B3,0.8,mg
6850,Vitamin C,24.8,mg
6850,Folic Acid,9.4,mcg
6850,Calcium,14.8,mg
6850,Iron,0.3,mg
6850,Magnesium,0,mg
6850,Phosphorus,0,mg
6850,Sodium,73.8,mg
6850,Potassium,210.8,mg
6850,Zinc,0.3,mg
6851,Energy,136,cal
6851,Protein,1.2,g
6851,Carbohydrates,18,g
6851,Fiber,1.8,g
6851,Fat,6.6,g
6851,Cholesterol,0,mg
6851,Vitamin A,304.5,mcg
6851,Vitamin B1,0.1,mg
6851,Vitamin B2,0,mg
6851,Vitamin B3,0.8,mg
6851,Vitamin C,24.8,mg
6851,Folic Acid,9.4,mcg
6851,Calcium,14.8,mg
6851,Iron,0.3,mg
6851,Magnesium,0,mg
6851,Phosphorus,0,mg
6851,Sodium,73.8,mg
6851,Potassium,210.8,mg
6851,Zinc,0.3,mg
6852,Energy,136,cal
6852,Protein,1.2,g
6852,Carbohydrates,18,g
6852,Fiber,1.8,g
6852,Fat,6.6,g
6852,Cholesterol,0,mg
6852,Vitamin A,304.5,mcg
6852,Vitamin B1,0.1,mg
6852,Vitamin B2,0,mg
6852,Vitamin B3,0.8,mg
6852,Vitamin C,24.8,mg
6852,Folic Acid,9.4,mcg
6852,Calcium,14.8,mg
6852,Iron,0.3,mg
6852,Magnesium,0,mg
6852,Phosphorus,0,mg
6852,Sodium,73.8,mg
6852,Potassium,210.8,mg
6852,Zinc,0.3,mg
6853,Energy,136,cal
6853,Protein,1.2,g
6853,Carbohydrates,18,g
6853,Fiber,1.8,g
6853,Fat,6.6,g
6853,Cholesterol,0,mg
6853,Vitamin A,304.5,mcg
6853,Vitamin B1,0.1,mg
6853,Vitamin B2,0,mg
6853,Vitamin B3,0.8,mg
6853,Vitamin C,24.8,mg
6853,Folic Acid,9.4,mcg
6853,Calcium,14.8,mg
6853,Iron,0.3,mg
6853,Magnesium,0,mg
6853,Phosphorus,0,mg
6853,Sodium,73.8,mg
6853,Potassium,210.8,mg
6853,Zinc,0.3,mg
6854,Energy,212,cal
6854,Protein,3.9,g
6854,Carbohydrates,25.4,g
6854,Fiber,1.9,g
6854,Fat,10.6,g
6854,Cholesterol,0,mg
6854,Vitamin A,260.7,mcg
6854,Vitamin B1,0.1,mg
6854,Vitamin B2,0,mg
6854,Vitamin B3,1.3,mg
6854,Vitamin C,18.7,mg
6854,Folic Acid,18.7,mcg
6854,Calcium,82.1,mg
6854,Iron,0.7,mg
6854,Magnesium,0,mg
6854,Phosphorus,0,mg
6854,Sodium,57.5,mg
6854,Potassium,273.1,mg
6854,Zinc,0.6,mg
6855,Energy,212,cal
6855,Protein,3.9,g
6855,Carbohydrates,25.4,g
6855,Fiber,1.9,g
6855,Fat,10.6,g
6855,Cholesterol,0,mg
6855,Vitamin A,260.7,mcg
6855,Vitamin B1,0.1,mg
6855,Vitamin B2,0,mg
6855,Vitamin B3,1.3,mg
6855,Vitamin C,18.7,mg
6855,Folic Acid,18.7,mcg
6855,Calcium,82.1,mg
6855,Iron,0.7,mg
6855,Magnesium,0,mg
6855,Phosphorus,0,mg
6855,Sodium,57.5,mg
6855,Potassium,273.1,mg
6855,Zinc,0.6,mg
6856,Energy,212,cal
6856,Protein,3.9,g
6856,Carbohydrates,25.4,g
6856,Fiber,1.9,g
6856,Fat,10.6,g
6856,Cholesterol,0,mg
6856,Vitamin A,260.7,mcg
6856,Vitamin B1,0.1,mg
6856,Vitamin B2,0,mg
6856,Vitamin B3,1.3,mg
6856,Vitamin C,18.7,mg
6856,Folic Acid,18.7,mcg
6856,Calcium,82.1,mg
6856,Iron,0.7,mg
6856,Magnesium,0,mg
6856,Phosphorus,0,mg
6856,Sodium,57.5,mg
6856,Potassium,273.1,mg
6856,Zinc,0.6,mg
6857,Energy,20,cal
6857,Protein,1.7,g
6857,Carbohydrates,4.7,g
6857,Fiber,0,g
6857,Fat,0,g
6857,Cholesterol,0,mg
6857,Sodium,199.7,mg
6858,Energy,20,cal
6858,Protein,1.7,g
6858,Carbohydrates,4.7,g
6858,Fiber,0,g
6858,Fat,0,g
6858,Cholesterol,0,mg
6858,Sodium,199.7,mg
6859,Energy,241,cal
6859,Protein,8,g
6859,Carbohydrates,27.8,g
6859,Fiber,12.9,g
6859,Fat,10.6,g
6859,Cholesterol,2,mg
6859,Sodium,18.6,mg
6860,Energy,241,cal
6860,Protein,8,g
6860,Carbohydrates,27.8,g
6860,Fiber,12.9,g
6860,Fat,10.6,g
6860,Cholesterol,2,mg
6860,Sodium,18.6,mg
6861,Energy,179,cal
6861,Protein,5.2,g
6861,Carbohydrates,16.7,g
6861,Fiber,4.5,g
6861,Fat,10,g
6861,Cholesterol,0,mg
6861,Vitamin A,7271,mcg
6861,Vitamin B1,0.2,mg
6861,Vitamin B2,0.4,mg
6861,Vitamin B3,1.5,mg
6861,Vitamin C,40.3,mg
6861,Folic Acid,182.9,mcg
6861,Calcium,167.9,mg
6861,Iron,2.2,mg
6861,Magnesium,0,mg
6861,Phosphorus,0,mg
6861,Sodium,84.9,mg
6861,Potassium,370.3,mg
6861,Zinc,0.7,mg
6862,Energy,171,cal
6862,Protein,4,g
6862,Carbohydrates,18.1,g
6862,Fiber,2.8,g
6862,Fat,10.1,g
6862,Cholesterol,0,mg
6862,Vitamin A,320,mcg
6862,Vitamin B1,0.2,mg
6862,Vitamin B2,0.1,mg
6862,Vitamin B3,1.5,mg
6862,Vitamin C,16.1,mg
6862,Folic Acid,27,mcg
6862,Calcium,36.2,mg
6862,Iron,0.7,mg
6862,Magnesium,0,mg
6862,Phosphorus,0,mg
6862,Sodium,9.7,mg
6862,Potassium,171,mg
6862,Zinc,0.5,mg
6863,Energy,177,cal
6863,Protein,5.1,g
6863,Carbohydrates,20.6,g
6863,Fiber,4.1,g
6863,Fat,8.3,g
6863,Cholesterol,0,mg
6863,Vitamin A,264.1,mcg
6863,Vitamin B1,0.1,mg
6863,Vitamin B2,0.1,mg
6863,Vitamin B3,0.4,mg
6863,Vitamin C,18,mg
6863,Folic Acid,26.9,mcg
6863,Calcium,93.1,mg
6863,Iron,1,mg
6863,Magnesium,0,mg
6863,Phosphorus,0,mg
6863,Sodium,15.4,mg
6863,Potassium,206.8,mg
6863,Zinc,0.3,mg
6864,Energy,177,cal
6864,Protein,5.1,g
6864,Carbohydrates,20.6,g
6864,Fiber,4.1,g
6864,Fat,8.3,g
6864,Cholesterol,0,mg
6864,Vitamin A,264.1,mcg
6864,Vitamin B1,0.1,mg
6864,Vitamin B2,0.1,mg
6864,Vitamin B3,0.4,mg
6864,Vitamin C,18,mg
6864,Folic Acid,26.9,mcg
6864,Calcium,93.1,mg
6864,Iron,1,mg
6864,Magnesium,0,mg
6864,Phosphorus,0,mg
6864,Sodium,15.4,mg
6864,Potassium,206.8,mg
6864,Zinc,0.3,mg
6865,Energy,42,cal
6865,Protein,1.2,g
6865,Carbohydrates,4.2,g
6865,Fiber,2,g
6865,Fat,2.2,g
6865,Cholesterol,0.6,mg
6865,Sodium,2.4,mg
6866,Energy,209,cal
6866,Protein,8.4,g
6866,Carbohydrates,34.3,g
6866,Fiber,3.3,g
6866,Fat,4.2,g
6866,Cholesterol,0,mg
6866,Sodium,10.2,mg
6867,Energy,118,cal
6867,Protein,0.9,g
6867,Carbohydrates,27.6,g
6867,Fiber,8.4,g
6867,Fat,0.4,g
6867,Cholesterol,0,mg
6867,Sodium,5.5,mg
6868,Energy,16,cal
6868,Protein,0.5,g
6868,Carbohydrates,3.3,g
6868,Fiber,1.2,g
6868,Fat,0.1,g
6868,Cholesterol,0,mg
6868,Sodium,5.4,mg
6869,Energy,16,cal
6869,Protein,0.5,g
6869,Carbohydrates,3.3,g
6869,Fiber,1.2,g
6869,Fat,0.1,g
6869,Cholesterol,0,mg
6869,Sodium,5.4,mg
6870,Energy,16,cal
6870,Protein,0.5,g
6870,Carbohydrates,3.3,g
6870,Fiber,1.2,g
6870,Fat,0.1,g
6870,Cholesterol,0,mg
6870,Sodium,5.4,mg
6871,Energy,16,cal
6871,Protein,0.5,g
6871,Carbohydrates,3.3,g
6871,Fiber,1.2,g
6871,Fat,0.1,g
6871,Cholesterol,0,mg
6871,Sodium,5.4,mg
6872,Energy,1,cal
6872,Protein,0,g
6872,Carbohydrates,0.1,g
6872,Fiber,0.1,g
6872,Fat,0,g
6872,Cholesterol,0,mg
6872,Sodium,0.9,mg
6873,Energy,1,cal
6873,Protein,0,g
6873,Carbohydrates,0.1,g
6873,Fiber,0.1,g
6873,Fat,0,g
6873,Cholesterol,0,mg
6873,Sodium,0.9,mg
6874,Energy,1,cal
6874,Protein,0,g
6874,Carbohydrates,0.1,g
6874,Fiber,0.1,g
6874,Fat,0,g
6874,Cholesterol,0,mg
6874,Sodium,0.9,mg
6875,Energy,1,cal
6875,Protein,0,g
6875,Carbohydrates,0.1,g
6875,Fiber,0.1,g
6875,Fat,0,g
6875,Cholesterol,0,mg
6875,Sodium,0.9,mg
6876,Energy,22,cal
6876,Protein,0.1,g
6876,Carbohydrates,2.1,g
6876,Fiber,0.2,g
6876,Fat,1.6,g
6876,Cholesterol,0,mg
6876,Sodium,387.8,mg
6877,Energy,113,cal
6877,Protein,3,g
6877,Carbohydrates,21,g
6877,Fiber,2.2,g
6877,Fat,3.4,g
6877,Cholesterol,10,mg
6877,Sodium,130.3,mg
6878,Energy,113,cal
6878,Protein,3,g
6878,Carbohydrates,21,g
6878,Fiber,2.2,g
6878,Fat,3.4,g
6878,Cholesterol,10,mg
6878,Sodium,130.3,mg
6879,Energy,113,cal
6879,Protein,3,g
6879,Carbohydrates,21,g
6879,Fiber,2.2,g
6879,Fat,3.4,g
6879,Cholesterol,10,mg
6879,Sodium,130.3,mg
6880,Energy,160,cal
6880,Protein,5.5,g
6880,Carbohydrates,14,g
6880,Fiber,2.4,g
6880,Fat,8.6,g
6880,Cholesterol,4,mg
6880,Sodium,14.5,mg
6881,Energy,160,cal
6881,Protein,5.5,g
6881,Carbohydrates,14,g
6881,Fiber,2.4,g
6881,Fat,8.6,g
6881,Cholesterol,4,mg
6881,Sodium,14.5,mg
6882,Energy,222,cal
6882,Protein,13.8,g
6882,Carbohydrates,34.4,g
6882,Fiber,4.9,g
6882,Fat,3.3,g
6882,Cholesterol,0,mg
6882,Sodium,17.7,mg
6883,Energy,222,cal
6883,Protein,13.8,g
6883,Carbohydrates,34.4,g
6883,Fiber,4.9,g
6883,Fat,3.3,g
6883,Cholesterol,0,mg
6883,Sodium,17.7,mg
6884,Energy,86,cal
6884,Protein,2.6,g
6884,Carbohydrates,14.5,g
6884,Fiber,2.3,g
6884,Fat,2.1,g
6884,Cholesterol,0,mg
6884,Sodium,4.5,mg
6885,Energy,43,cal
6885,Protein,0.1,g
6885,Carbohydrates,1,g
6885,Fiber,0.1,g
6885,Fat,4.3,g
6885,Cholesterol,0,mg
6885,Sodium,0.3,mg
6886,Energy,43,cal
6886,Protein,0.1,g
6886,Carbohydrates,1,g
6886,Fiber,0.1,g
6886,Fat,4.3,g
6886,Cholesterol,0,mg
6886,Sodium,0.3,mg
6887,Energy,43,cal
6887,Protein,0.1,g
6887,Carbohydrates,1,g
6887,Fiber,0.1,g
6887,Fat,4.3,g
6887,Cholesterol,0,mg
6887,Sodium,0.3,mg
6888,Energy,96,cal
6888,Protein,2,g
6888,Carbohydrates,5.5,g
6888,Fiber,0,g
6888,Fat,7.4,g
6888,Cholesterol,0,mg
6888,Vitamin A,80.5,mcg
6888,Vitamin B1,-0.1,mg
6888,Vitamin B2,-0.1,mg
6888,Vitamin B3,0,mg
6888,Vitamin C,0.3,mg
6888,Folic Acid,0.7,mcg
6888,Calcium,46.7,mg
6888,Iron,0.1,mg
6888,Magnesium,0,mg
6888,Phosphorus,0,mg
6888,Sodium,6.7,mg
6888,Potassium,4.7,mg
6888,Zinc,0,mg
6889,Energy,96,cal
6889,Protein,2,g
6889,Carbohydrates,5.5,g
6889,Fiber,0,g
6889,Fat,7.4,g
6889,Cholesterol,0,mg
6889,Vitamin A,80.5,mcg
6889,Vitamin B1,-0.1,mg
6889,Vitamin B2,-0.1,mg
6889,Vitamin B3,0,mg
6889,Vitamin C,0.3,mg
6889,Folic Acid,0.7,mcg
6889,Calcium,46.7,mg
6889,Iron,0.1,mg
6889,Magnesium,0,mg
6889,Phosphorus,0,mg
6889,Sodium,6.7,mg
6889,Potassium,4.7,mg
6889,Zinc,0,mg
6890,Energy,96,cal
6890,Protein,2,g
6890,Carbohydrates,5.5,g
6890,Fiber,0,g
6890,Fat,7.4,g
6890,Cholesterol,0,mg
6890,Vitamin A,80.5,mcg
6890,Vitamin B1,-0.1,mg
6890,Vitamin B2,-0.1,mg
6890,Vitamin B3,0,mg
6890,Vitamin C,0.3,mg
6890,Folic Acid,0.7,mcg
6890,Calcium,46.7,mg
6890,Iron,0.1,mg
6890,Magnesium,0,mg
6890,Phosphorus,0,mg
6890,Sodium,6.7,mg
6890,Potassium,4.7,mg
6890,Zinc,0,mg
6891,Energy,198,cal
6891,Protein,5.9,g
6891,Carbohydrates,22.5,g
6891,Fiber,0.1,g
6891,Fat,7.8,g
6891,Cholesterol,12,mg
6891,Sodium,56.7,mg
6892,Energy,47,cal
6892,Protein,1.9,g
6892,Carbohydrates,2.7,g
6892,Fiber,0.6,g
6892,Fat,3.6,g
6892,Cholesterol,0,mg
6892,Sodium,1.4,mg
6893,Energy,7,cal
6893,Protein,0.4,g
6893,Carbohydrates,1.6,g
6893,Fiber,0.1,g
6893,Fat,0,g
6893,Cholesterol,0,mg
6893,Sodium,28,mg
6894,Energy,7,cal
6894,Protein,0.4,g
6894,Carbohydrates,1.6,g
6894,Fiber,0.1,g
6894,Fat,0,g
6894,Cholesterol,0,mg
6894,Sodium,28,mg
6895,Energy,385,cal
6895,Protein,3.5,g
6895,Carbohydrates,20.2,g
6895,Fiber,11,g
6895,Fat,32.2,g
6895,Cholesterol,0,mg
6895,Vitamin A,59.6,mcg
6895,Vitamin B1,0.2,mg
6895,Vitamin B2,0.2,mg
6895,Vitamin B3,0.6,mg
6895,Vitamin C,27.7,mg
6895,Folic Acid,10.6,mcg
6895,Calcium,21.3,mg
6895,Iron,2.9,mg
6895,Magnesium,0,mg
6895,Phosphorus,0,mg
6895,Sodium,25.5,mg
6895,Potassium,37.7,mg
6895,Zinc,0.1,mg
6896,Energy,385,cal
6896,Protein,3.5,g
6896,Carbohydrates,20.2,g
6896,Fiber,11,g
6896,Fat,32.2,g
6896,Cholesterol,0,mg
6896,Vitamin A,59.6,mcg
6896,Vitamin B1,0.2,mg
6896,Vitamin B2,0.2,mg
6896,Vitamin B3,0.6,mg
6896,Vitamin C,27.7,mg
6896,Folic Acid,10.6,mcg
6896,Calcium,21.3,mg
6896,Iron,2.9,mg
6896,Magnesium,0,mg
6896,Phosphorus,0,mg
6896,Sodium,25.5,mg
6896,Potassium,37.7,mg
6896,Zinc,0.1,mg
6897,Energy,385,cal
6897,Protein,3.5,g
6897,Carbohydrates,20.2,g
6897,Fiber,11,g
6897,Fat,32.2,g
6897,Cholesterol,0,mg
6897,Vitamin A,59.6,mcg
6897,Vitamin B1,0.2,mg
6897,Vitamin B2,0.2,mg
6897,Vitamin B3,0.6,mg
6897,Vitamin C,27.7,mg
6897,Folic Acid,10.6,mcg
6897,Calcium,21.3,mg
6897,Iron,2.9,mg
6897,Magnesium,0,mg
6897,Phosphorus,0,mg
6897,Sodium,25.5,mg
6897,Potassium,37.7,mg
6897,Zinc,0.1,mg
6898,Energy,169,cal
6898,Protein,4,g
6898,Carbohydrates,20.3,g
6898,Fiber,1.7,g
6898,Fat,6.8,g
6898,Cholesterol,0,mg
6898,Vitamin A,130.6,mcg
6898,Vitamin B1,0.1,mg
6898,Vitamin B2,0.1,mg
6898,Vitamin B3,1,mg
6898,Vitamin C,12.3,mg
6898,Folic Acid,20.1,mcg
6898,Calcium,114,mg
6898,Iron,0.6,mg
6898,Magnesium,0,mg
6898,Phosphorus,0,mg
6898,Sodium,19.8,mg
6898,Potassium,242.4,mg
6898,Zinc,0.4,mg
6899,Energy,202,cal
6899,Protein,3.8,g
6899,Carbohydrates,23.2,g
6899,Fiber,1.7,g
6899,Fat,10.6,g
6899,Cholesterol,0,mg
6899,Vitamin A,258.3,mcg
6899,Vitamin B1,0.1,mg
6899,Vitamin B2,0,mg
6899,Vitamin B3,1.2,mg
6899,Vitamin C,17,mg
6899,Folic Acid,17,mcg
6899,Calcium,81.1,mg
6899,Iron,0.7,mg
6899,Magnesium,0,mg
6899,Phosphorus,0,mg
6899,Sodium,56.4,mg
6899,Potassium,248.4,mg
6899,Zinc,0.5,mg
6900,Energy,50,cal
6900,Protein,1.6,g
6900,Carbohydrates,9.5,g
6900,Fiber,1.7,g
6900,Fat,0.8,g
6900,Cholesterol,0,mg
6900,Sodium,2.6,mg
6901,Energy,235,cal
6901,Protein,4.6,g
6901,Carbohydrates,37.5,g
6901,Fiber,3.6,g
6901,Fat,7.2,g
6901,Cholesterol,1.2,mg
6901,Sodium,7.4,mg
6902,Energy,94,cal
6902,Protein,4.6,g
6902,Carbohydrates,11.9,g
6902,Fiber,2.4,g
6902,Fat,3,g
6902,Cholesterol,0,mg
6902,Sodium,43.1,mg
6906,Energy,107,cal
6906,Protein,1.6,g
6906,Carbohydrates,12.4,g
6906,Fiber,0.5,g
6906,Fat,5.7,g
6906,Cholesterol,0,mg
6906,Vitamin A,94.5,mcg
6906,Vitamin B1,0,mg
6906,Vitamin B2,0,mg
6906,Vitamin B3,0.3,mg
6906,Vitamin C,2,mg
6906,Folic Acid,1.4,mcg
6906,Calcium,11.6,mg
6906,Iron,0.3,mg
6906,Magnesium,0,mg
6906,Phosphorus,0,mg
6906,Sodium,1.3,mg
6906,Potassium,21.1,mg
6906,Zinc,0.2,mg
6907,Energy,86,cal
6907,Protein,3.6,g
6907,Carbohydrates,12.2,g
6907,Fiber,2.5,g
6907,Fat,2.8,g
6907,Cholesterol,0,mg
6907,Sodium,61.7,mg
6908,Energy,132,cal
6908,Protein,4.9,g
6908,Carbohydrates,17,g
6908,Fiber,3.8,g
6908,Fat,5,g
6908,Cholesterol,0,mg
6908,Vitamin A,232.4,mcg
6908,Vitamin B1,0.1,mg
6908,Vitamin B2,0.1,mg
6908,Vitamin B3,0.7,mg
6908,Vitamin C,12.1,mg
6908,Folic Acid,38.1,mcg
6908,Calcium,40.8,mg
6908,Iron,1.4,mg
6908,Magnesium,0,mg
6908,Phosphorus,0,mg
6908,Sodium,19.7,mg
6908,Potassium,228.6,mg
6908,Zinc,0.5,mg
6910,Energy,30,cal
6910,Protein,1.3,g
6910,Carbohydrates,4.2,g
6910,Fiber,1.1,g
6910,Fat,1,g
6910,Cholesterol,0,mg
6910,Sodium,11.2,mg
6911,Energy,158,cal
6911,Protein,6.1,g
6911,Carbohydrates,28.7,g
6911,Fiber,1.7,g
6911,Fat,2.1,g
6911,Cholesterol,0,mg
6911,Sodium,6.8,mg
6912,Energy,158,cal
6912,Protein,6.1,g
6912,Carbohydrates,28.7,g
6912,Fiber,1.7,g
6912,Fat,2.1,g
6912,Cholesterol,0,mg
6912,Sodium,6.8,mg
6913,Energy,158,cal
6913,Protein,6.1,g
6913,Carbohydrates,28.7,g
6913,Fiber,1.7,g
6913,Fat,2.1,g
6913,Cholesterol,0,mg
6913,Sodium,6.8,mg
6914,Energy,158,cal
6914,Protein,6.1,g
6914,Carbohydrates,28.7,g
6914,Fiber,1.7,g
6914,Fat,2.1,g
6914,Cholesterol,0,mg
6914,Sodium,6.8,mg
6915,Amt,66,gm
6915,Energy,84,kcal
6915,Protein,2.3,gm
6915,Cho,15,gm
6915,Fat,2.6,gm
6915,Vit-A,73.5,mcg
6915,Vit-C,13.1,mg
6915,Calcium,3.4,mg
6915,Iron,0.3,mg
6915,F.Acid,13.3,mcg
6915,Fibre,1.5,gm
6916,Energy,774,cal
6916,Protein,21.2,g
6916,Carbohydrates,107.4,g
6916,Fiber,5.2,g
6916,Fat,30.8,g
6916,Cholesterol,0,mg
6916,Sodium,657.9,mg
6918,Energy,336,cal
6918,Protein,7.8,g
6918,Carbohydrates,29,g
6918,Fiber,1.8,g
6918,Fat,21,g
6918,Cholesterol,0,mg
6918,Vitamin A,317.4,mcg
6918,Vitamin B1,-0.2,mg
6918,Vitamin B2,-0.2,mg
6918,Vitamin B3,1.7,mg
6918,Vitamin C,5.9,mg
6918,Folic Acid,7.4,mcg
6918,Calcium,151.3,mg
6918,Iron,0.5,mg
6918,Magnesium,0,mg
6918,Phosphorus,0,mg
6918,Sodium,261.4,mg
6918,Potassium,60.6,mg
6918,Zinc,0.4,mg
6919,Energy,99,cal
6919,Protein,0.6,g
6919,Carbohydrates,2.3,g
6919,Fiber,0.9,g
6919,Fat,9.8,g
6919,Cholesterol,0,mg
6919,Vitamin A,468,mcg
6919,Vitamin B1,0,mg
6919,Vitamin B2,0,mg
6919,Vitamin B3,0,mg
6919,Vitamin C,25.2,mg
6919,Folic Acid,5.6,mcg
6919,Calcium,21.8,mg
6919,Iron,0.5,mg
6919,Magnesium,0,mg
6919,Phosphorus,0,mg
6919,Sodium,100.1,mg
6919,Potassium,78.1,mg
6919,Zinc,0.1,mg
6923,Energy,99,cal
6923,Protein,2.4,g
6923,Carbohydrates,12.7,g
6923,Fiber,1.2,g
6923,Fat,4.4,g
6923,Cholesterol,0,mg
6923,Vitamin A,167.8,mcg
6923,Vitamin B1,0.1,mg
6923,Vitamin B2,0,mg
6923,Vitamin B3,0.8,mg
6923,Vitamin C,11,mg
6923,Folic Acid,11.7,mcg
6923,Calcium,51.7,mg
6923,Iron,0.5,mg
6923,Magnesium,0,mg
6923,Phosphorus,0,mg
6923,Sodium,37.7,mg
6923,Potassium,158.5,mg
6923,Zinc,0.3,mg
6924,Energy,198,cal
6924,Protein,4.3,g
6924,Carbohydrates,33.3,g
6924,Fiber,1.9,g
6924,Fat,5.3,g
6924,Cholesterol,0,mg
6924,Vitamin A,538.7,mcg
6924,Vitamin B1,0.2,mg
6924,Vitamin B2,0.1,mg
6924,Vitamin B3,1.6,mg
6924,Vitamin C,20.2,mg
6924,Folic Acid,24.9,mcg
6924,Calcium,55.5,mg
6924,Iron,1.3,mg
6924,Magnesium,0,mg
6924,Phosphorus,0,mg
6924,Sodium,60.2,mg
6924,Potassium,172.4,mg
6924,Zinc,0.7,mg
6928,Energy,197,cal
6928,Protein,4.6,g
6928,Carbohydrates,11.8,g
6928,Fiber,3.5,g
6928,Fat,12.7,g
6928,Cholesterol,12,mg
6928,Sodium,41,mg
6929,Energy,197,cal
6929,Protein,4.6,g
6929,Carbohydrates,11.8,g
6929,Fiber,3.5,g
6929,Fat,12.7,g
6929,Cholesterol,12,mg
6929,Sodium,41,mg
6930,Energy,112,cal
6930,Protein,1.6,g
6930,Carbohydrates,14.7,g
6930,Fiber,1.6,g
6930,Fat,5.1,g
6930,Cholesterol,1,mg
6930,Sodium,4.4,mg
6931,Energy,112,cal
6931,Protein,1.6,g
6931,Carbohydrates,14.7,g
6931,Fiber,1.6,g
6931,Fat,5.1,g
6931,Cholesterol,1,mg
6931,Sodium,4.4,mg
6932,Energy,112,cal
6932,Protein,1.6,g
6932,Carbohydrates,14.7,g
6932,Fiber,1.6,g
6932,Fat,5.1,g
6932,Cholesterol,1,mg
6932,Sodium,4.4,mg
6933,Energy,112,cal
6933,Protein,1.6,g
6933,Carbohydrates,14.7,g
6933,Fiber,1.6,g
6933,Fat,5.1,g
6933,Cholesterol,1,mg
6933,Sodium,4.4,mg
6934,Energy,112,cal
6934,Protein,1.6,g
6934,Carbohydrates,14.7,g
6934,Fiber,1.6,g
6934,Fat,5.1,g
6934,Cholesterol,1,mg
6934,Sodium,4.4,mg
6936,Energy,351,cal
6936,Protein,1.1,g
6936,Carbohydrates,11.2,g
6936,Fiber,0.4,g
6936,Fat,33.5,g
6936,Cholesterol,0,mg
6936,Vitamin A,324,mcg
6936,Vitamin B1,0,mg
6936,Vitamin B2,0,mg
6936,Vitamin B3,0.2,mg
6936,Vitamin C,19.2,mg
6936,Folic Acid,13.1,mcg
6936,Calcium,8,mg
6936,Iron,5,mg
6936,Magnesium,0,mg
6936,Phosphorus,0,mg
6936,Sodium,12,mg
6936,Potassium,154.4,mg
6936,Zinc,0,mg
6937,Energy,72,cal
6937,Protein,4.8,g
6937,Carbohydrates,12.6,g
6937,Fiber,1.8,g
6937,Fat,0.3,g
6937,Cholesterol,0,mg
6937,Sodium,6.8,mg
6938,Energy,83,cal
6938,Protein,3.5,g
6938,Carbohydrates,15.7,g
6938,Fiber,1.7,g
6938,Fat,1.1,g
6938,Cholesterol,0,mg
6938,Vitamin A,995.3,mcg
6938,Vitamin B1,0.1,mg
6938,Vitamin B2,0.1,mg
6938,Vitamin B3,0.7,mg
6938,Vitamin C,19.8,mg
6938,Folic Acid,27.4,mcg
6938,Calcium,57.8,mg
6938,Iron,1.9,mg
6938,Magnesium,0,mg
6938,Phosphorus,0,mg
6938,Sodium,118.4,mg
6938,Potassium,170.7,mg
6938,Zinc,0.9,mg
6939,Energy,83,cal
6939,Protein,3.5,g
6939,Carbohydrates,15.7,g
6939,Fiber,1.7,g
6939,Fat,1.1,g
6939,Cholesterol,0,mg
6939,Vitamin A,995.3,mcg
6939,Vitamin B1,0.1,mg
6939,Vitamin B2,0.1,mg
6939,Vitamin B3,0.7,mg
6939,Vitamin C,19.8,mg
6939,Folic Acid,27.4,mcg
6939,Calcium,57.8,mg
6939,Iron,1.9,mg
6939,Magnesium,0,mg
6939,Phosphorus,0,mg
6939,Sodium,118.4,mg
6939,Potassium,170.7,mg
6939,Zinc,0.9,mg
6940,Energy,36,cal
6940,Protein,1.2,g
6940,Carbohydrates,3.4,g
6940,Fiber,1.8,g
6940,Fat,2.2,g
6940,Cholesterol,0,mg
6940,Vitamin A,1029,mcg
6940,Vitamin B1,0,mg
6940,Vitamin B2,0.1,mg
6940,Vitamin B3,0.1,mg
6940,Vitamin C,25.8,mg
6940,Folic Acid,25.3,mcg
6940,Calcium,40,mg
6940,Iron,1.1,mg
6940,Magnesium,0,mg
6940,Phosphorus,0,mg
6940,Sodium,23.2,mg
6940,Potassium,154.2,mg
6940,Zinc,0.2,mg
6941,Energy,56,cal
6941,Protein,1.7,g
6941,Carbohydrates,10.8,g
6941,Fiber,2.2,g
6941,Fat,0.9,g
6941,Cholesterol,1.7,mg
6941,Sodium,29.4,mg
6943,Energy,130,cal
6943,Protein,4,g
6943,Carbohydrates,8,g
6943,Fiber,0.7,g
6943,Fat,7.5,g
6943,Cholesterol,0,mg
6943,Vitamin A,929.2,mcg
6943,Vitamin B1,0.1,mg
6943,Vitamin B2,0.1,mg
6943,Vitamin B3,0.3,mg
6943,Vitamin C,5.3,mg
6943,Folic Acid,25.4,mcg
6943,Calcium,171.7,mg
6943,Iron,0.5,mg
6943,Magnesium,0,mg
6943,Phosphorus,0,mg
6943,Sodium,47.4,mg
6943,Potassium,121.5,mg
6943,Zinc,0.1,mg
6944,Energy,130,cal
6944,Protein,4,g
6944,Carbohydrates,8,g
6944,Fiber,0.7,g
6944,Fat,7.5,g
6944,Cholesterol,0,mg
6944,Vitamin A,929.2,mcg
6944,Vitamin B1,0.1,mg
6944,Vitamin B2,0.1,mg
6944,Vitamin B3,0.3,mg
6944,Vitamin C,5.3,mg
6944,Folic Acid,25.4,mcg
6944,Calcium,171.7,mg
6944,Iron,0.5,mg
6944,Magnesium,0,mg
6944,Phosphorus,0,mg
6944,Sodium,47.4,mg
6944,Potassium,121.5,mg
6944,Zinc,0.1,mg
6945,Energy,43,cal
6945,Protein,2.9,g
6945,Carbohydrates,7.3,g
6945,Fiber,2,g
6945,Fat,0.4,g
6945,Cholesterol,0,mg
6945,Sodium,59.1,mg
6946,Energy,43,cal
6946,Protein,2.9,g
6946,Carbohydrates,7.3,g
6946,Fiber,2,g
6946,Fat,0.4,g
6946,Cholesterol,0,mg
6946,Sodium,59.1,mg
6947,Energy,43,cal
6947,Protein,2.9,g
6947,Carbohydrates,7.3,g
6947,Fiber,2,g
6947,Fat,0.4,g
6947,Cholesterol,0,mg
6947,Sodium,59.1,mg
6948,Energy,131,calories
6948,Protein,2.5,gm
6948,Carbohydrates,24.6,gm
6948,Fat,2.5,gm
6948,Vitamin A,1244.5,mcg
6948,Iron,0.6,mg
6948,Folic acid,25.9,mcg
6950,Energy,138,cal
6950,Protein,5.9,g
6950,Carbohydrates,10.5,g
6950,Fiber,1.7,g
6950,Fat,6.2,g
6950,Cholesterol,13.9,mg
6950,Sodium,46.4,mg
6951,Energy,138,cal
6951,Protein,5.9,g
6951,Carbohydrates,10.5,g
6951,Fiber,1.7,g
6951,Fat,6.2,g
6951,Cholesterol,13.9,mg
6951,Sodium,46.4,mg
6952,Energy,138,cal
6952,Protein,5.9,g
6952,Carbohydrates,10.5,g
6952,Fiber,1.7,g
6952,Fat,6.2,g
6952,Cholesterol,13.9,mg
6952,Sodium,46.4,mg
6953,Energy,138,cal
6953,Protein,5.9,g
6953,Carbohydrates,10.5,g
6953,Fiber,1.7,g
6953,Fat,6.2,g
6953,Cholesterol,13.9,mg
6953,Sodium,46.4,mg
6954,Energy,138,cal
6954,Protein,5.9,g
6954,Carbohydrates,10.5,g
6954,Fiber,1.7,g
6954,Fat,6.2,g
6954,Cholesterol,13.9,mg
6954,Sodium,46.4,mg
6955,Energy,108,cal
6955,Protein,3.9,g
6955,Carbohydrates,15,g
6955,Fiber,6.5,g
6955,Fat,3.6,g
6955,Cholesterol,0,mg
6955,Sodium,35.1,mg
6956,Energy,108,cal
6956,Protein,3.9,g
6956,Carbohydrates,15,g
6956,Fiber,6.5,g
6956,Fat,3.6,g
6956,Cholesterol,0,mg
6956,Sodium,35.1,mg
6957,Energy,108,cal
6957,Protein,3.9,g
6957,Carbohydrates,15,g
6957,Fiber,6.5,g
6957,Fat,3.6,g
6957,Cholesterol,0,mg
6957,Sodium,35.1,mg
6958,Energy,108,cal
6958,Protein,3.9,g
6958,Carbohydrates,15,g
6958,Fiber,6.5,g
6958,Fat,3.6,g
6958,Cholesterol,0,mg
6958,Sodium,35.1,mg
6959,Energy,233,cal
6959,Protein,3.5,g
6959,Carbohydrates,22.8,g
6959,Fiber,1.7,g
6959,Fat,16.8,g
6959,Cholesterol,5,mg
6959,Sodium,353.6,mg
6960,Energy,233,cal
6960,Protein,3.5,g
6960,Carbohydrates,22.8,g
6960,Fiber,1.7,g
6960,Fat,16.8,g
6960,Cholesterol,5,mg
6960,Sodium,353.6,mg
6961,Energy,29,cal
6961,Protein,1.3,g
6961,Carbohydrates,2.5,g
6961,Fiber,0.3,g
6961,Fat,1.5,g
6961,Cholesterol,0,mg
6961,Sodium,7.7,mg
6962,Energy,29,cal
6962,Protein,1.3,g
6962,Carbohydrates,2.5,g
6962,Fiber,0.3,g
6962,Fat,1.5,g
6962,Cholesterol,0,mg
6962,Sodium,7.7,mg
6963,Energy,29,cal
6963,Protein,1.3,g
6963,Carbohydrates,2.5,g
6963,Fiber,0.3,g
6963,Fat,1.5,g
6963,Cholesterol,0,mg
6963,Sodium,7.7,mg
6964,Energy,29,cal
6964,Protein,1.3,g
6964,Carbohydrates,2.5,g
6964,Fiber,0.3,g
6964,Fat,1.5,g
6964,Cholesterol,0,mg
6964,Sodium,7.7,mg
6965,Energy,145,cal
6965,Protein,3.4,g
6965,Carbohydrates,26.3,g
6965,Fiber,3.1,g
6965,Fat,2.9,g
6965,Cholesterol,0,mg
6965,Sodium,17.6,mg
6967,Energy,118,cal
6967,Protein,7.6,g
6967,Carbohydrates,18.1,g
6967,Fiber,3.5,g
6967,Fat,1.6,g
6967,Cholesterol,0,mg
6967,Vitamin A,1036.8,mcg
6967,Vitamin B1,0.1,mg
6967,Vitamin B2,0.1,mg
6967,Vitamin B3,0.9,mg
6967,Vitamin C,7.7,mg
6967,Folic Acid,31.2,mcg
6967,Calcium,37.3,mg
6967,Iron,2.4,mg
6967,Magnesium,0,mg
6967,Phosphorus,0,mg
6967,Sodium,10,mg
6967,Potassium,55.3,mg
6967,Zinc,0.9,mg
6968,Energy,27,cal
6968,Protein,1.9,g
6968,Carbohydrates,3.4,g
6968,Fiber,2.4,g
6968,Fat,0.6,g
6968,Cholesterol,0,mg
6968,Sodium,42,mg
6969,Energy,27,cal
6969,Protein,1.9,g
6969,Carbohydrates,3.4,g
6969,Fiber,2.4,g
6969,Fat,0.6,g
6969,Cholesterol,0,mg
6969,Sodium,42,mg
6970,Energy,140,cal
6970,Protein,1.9,g
6970,Carbohydrates,6.5,g
6970,Fiber,1.1,g
6970,Fat,12,g
6970,Cholesterol,20,mg
6970,Sodium,91.7,mg
6971,Energy,222,cal
6971,Protein,9.5,g
6971,Carbohydrates,15.1,g
6971,Fiber,2.5,g
6971,Fat,10.2,g
6971,Cholesterol,24,mg
6971,Sodium,43.2,mg
6972,Energy,55,cal
6972,Protein,1.5,g
6972,Carbohydrates,3,g
6972,Fiber,2.2,g
6972,Fat,4.1,g
6972,Cholesterol,0,mg
6972,Sodium,34.4,mg
6975,Energy,31,cal
6975,Protein,0.9,g
6975,Carbohydrates,1.7,g
6975,Fiber,1.1,g
6975,Fat,2.3,g
6975,Cholesterol,0,mg
6975,Sodium,24.3,mg
6976,Energy,31,cal
6976,Protein,0.9,g
6976,Carbohydrates,1.7,g
6976,Fiber,1.1,g
6976,Fat,2.3,g
6976,Cholesterol,0,mg
6976,Sodium,24.3,mg
6977,Energy,31,cal
6977,Protein,0.9,g
6977,Carbohydrates,1.7,g
6977,Fiber,1.1,g
6977,Fat,2.3,g
6977,Cholesterol,0,mg
6977,Sodium,24.3,mg
6978,Energy,31,cal
6978,Protein,0.9,g
6978,Carbohydrates,1.7,g
6978,Fiber,1.1,g
6978,Fat,2.3,g
6978,Cholesterol,0,mg
6978,Sodium,24.3,mg
6979,Energy,84,cal
6979,Protein,6.6,g
6979,Carbohydrates,13.6,g
6979,Fiber,2.4,g
6979,Fat,0.7,g
6979,Cholesterol,0,mg
6979,Sodium,286.5,mg
6980,Energy,86,cal
6980,Protein,3.6,g
6980,Carbohydrates,4.6,g
6980,Fiber,1.2,g
6980,Fat,5.9,g
6980,Cholesterol,0,mg
6980,Sodium,25.7,mg
6981,Energy,86,cal
6981,Protein,3.6,g
6981,Carbohydrates,4.6,g
6981,Fiber,1.2,g
6981,Fat,5.9,g
6981,Cholesterol,0,mg
6981,Sodium,25.7,mg
6982,Energy,21,cal
6982,Protein,0.5,g
6982,Carbohydrates,0.8,g
6982,Fiber,0.5,g
6982,Fat,1.7,g
6982,Cholesterol,0,mg
6982,Sodium,10.8,mg
6983,Energy,73,cal
6983,Protein,2.9,g
6983,Carbohydrates,8.1,g
6983,Fiber,3,g
6983,Fat,3.2,g
6983,Cholesterol,0,mg
6983,Sodium,30.9,mg
6984,Energy,337,cal
6984,Protein,9.5,g
6984,Carbohydrates,27.5,g
6984,Fiber,2.8,g
6984,Fat,18.9,g
6984,Cholesterol,0,mg
6984,Vitamin A,2131.8,mcg
6984,Vitamin B1,0.2,mg
6984,Vitamin B2,0.2,mg
6984,Vitamin B3,1.7,mg
6984,Vitamin C,10.6,mg
6984,Folic Acid,57.5,mcg
6984,Calcium,321.3,mg
6984,Iron,2.5,mg
6984,Magnesium,0,mg
6984,Phosphorus,0,mg
6984,Sodium,45.8,mg
6984,Potassium,265.5,mg
6984,Zinc,1.4,mg
6985,Energy,166,cal
6985,Protein,2.7,g
6985,Carbohydrates,23.6,g
6985,Fiber,3.4,g
6985,Fat,6.7,g
6985,Cholesterol,0,mg
6985,Vitamin A,584.6,mcg
6985,Vitamin B1,0,mg
6985,Vitamin B2,0.1,mg
6985,Vitamin B3,0.7,mg
6985,Vitamin C,3.1,mg
6985,Folic Acid,16.9,mcg
6985,Calcium,11.8,mg
6985,Iron,0.6,mg
6985,Magnesium,0,mg
6985,Phosphorus,0,mg
6985,Sodium,6.2,mg
6985,Potassium,21.6,mg
6985,Zinc,0.4,mg
6986,Energy,166,cal
6986,Protein,2.7,g
6986,Carbohydrates,23.6,g
6986,Fiber,3.4,g
6986,Fat,6.7,g
6986,Cholesterol,0,mg
6986,Vitamin A,584.6,mcg
6986,Vitamin B1,0,mg
6986,Vitamin B2,0.1,mg
6986,Vitamin B3,0.7,mg
6986,Vitamin C,3.1,mg
6986,Folic Acid,16.9,mcg
6986,Calcium,11.8,mg
6986,Iron,0.6,mg
6986,Magnesium,0,mg
6986,Phosphorus,0,mg
6986,Sodium,6.2,mg
6986,Potassium,21.6,mg
6986,Zinc,0.4,mg
6987,Energy,166,cal
6987,Protein,2.7,g
6987,Carbohydrates,23.6,g
6987,Fiber,3.4,g
6987,Fat,6.7,g
6987,Cholesterol,0,mg
6987,Vitamin A,584.6,mcg
6987,Vitamin B1,0,mg
6987,Vitamin B2,0.1,mg
6987,Vitamin B3,0.7,mg
6987,Vitamin C,3.1,mg
6987,Folic Acid,16.9,mcg
6987,Calcium,11.8,mg
6987,Iron,0.6,mg
6987,Magnesium,0,mg
6987,Phosphorus,0,mg
6987,Sodium,6.2,mg
6987,Potassium,21.6,mg
6987,Zinc,0.4,mg
6988,Energy,77,cal
6988,Protein,1.1,g
6988,Carbohydrates,5.9,g
6988,Fiber,0.3,g
6988,Fat,5.6,g
6988,Cholesterol,1,mg
6988,Vitamin A,638.1,mcg
6988,Vitamin B1,0,mg
6988,Vitamin B2,0,mg
6988,Vitamin B3,0.1,mg
6988,Vitamin C,3.5,mg
6988,Folic Acid,13.2,mcg
6988,Calcium,20.6,mg
6988,Iron,0.2,mg
6988,Magnesium,0,mg
6988,Phosphorus,0,mg
6988,Sodium,32.9,mg
6988,Potassium,42.4,mg
6988,Zinc,0.4,mg
6989,Energy,77,cal
6989,Protein,1.1,g
6989,Carbohydrates,5.9,g
6989,Fiber,0.3,g
6989,Fat,5.6,g
6989,Cholesterol,1,mg
6989,Vitamin A,638.1,mcg
6989,Vitamin B1,0,mg
6989,Vitamin B2,0,mg
6989,Vitamin B3,0.1,mg
6989,Vitamin C,3.5,mg
6989,Folic Acid,13.2,mcg
6989,Calcium,20.6,mg
6989,Iron,0.2,mg
6989,Magnesium,0,mg
6989,Phosphorus,0,mg
6989,Sodium,32.9,mg
6989,Potassium,42.4,mg
6989,Zinc,0.4,mg
6990,Energy,77,cal
6990,Protein,1.1,g
6990,Carbohydrates,5.9,g
6990,Fiber,0.3,g
6990,Fat,5.6,g
6990,Cholesterol,1,mg
6990,Vitamin A,638.1,mcg
6990,Vitamin B1,0,mg
6990,Vitamin B2,0,mg
6990,Vitamin B3,0.1,mg
6990,Vitamin C,3.5,mg
6990,Folic Acid,13.2,mcg
6990,Calcium,20.6,mg
6990,Iron,0.2,mg
6990,Magnesium,0,mg
6990,Phosphorus,0,mg
6990,Sodium,32.9,mg
6990,Potassium,42.4,mg
6990,Zinc,0.4,mg
6991,Energy,29,cal
6991,Protein,1.3,g
6991,Carbohydrates,4,g
6991,Fiber,1,g
6991,Fat,0.9,g
6991,Cholesterol,0,mg
6991,Vitamin A,770.2,mcg
6991,Vitamin B1,0,mg
6991,Vitamin B2,0,mg
6991,Vitamin B3,0.2,mg
6991,Vitamin C,3.9,mg
6991,Folic Acid,23.6,mcg
6991,Calcium,13.8,mg
6991,Iron,0.4,mg
6991,Magnesium,0,mg
6991,Phosphorus,0,mg
6991,Sodium,11.5,mg
6991,Potassium,62.8,mg
6991,Zinc,0.1,mg
6992,Energy,29,cal
6992,Protein,1.3,g
6992,Carbohydrates,4,g
6992,Fiber,1,g
6992,Fat,0.9,g
6992,Cholesterol,0,mg
6992,Vitamin A,770.2,mcg
6992,Vitamin B1,0,mg
6992,Vitamin B2,0,mg
6992,Vitamin B3,0.2,mg
6992,Vitamin C,3.9,mg
6992,Folic Acid,23.6,mcg
6992,Calcium,13.8,mg
6992,Iron,0.4,mg
6992,Magnesium,0,mg
6992,Phosphorus,0,mg
6992,Sodium,11.5,mg
6992,Potassium,62.8,mg
6992,Zinc,0.1,mg
6993,Energy,29,cal
6993,Protein,1.3,g
6993,Carbohydrates,4,g
6993,Fiber,1,g
6993,Fat,0.9,g
6993,Cholesterol,0,mg
6993,Vitamin A,770.2,mcg
6993,Vitamin B1,0,mg
6993,Vitamin B2,0,mg
6993,Vitamin B3,0.2,mg
6993,Vitamin C,3.9,mg
6993,Folic Acid,23.6,mcg
6993,Calcium,13.8,mg
6993,Iron,0.4,mg
6993,Magnesium,0,mg
6993,Phosphorus,0,mg
6993,Sodium,11.5,mg
6993,Potassium,62.8,mg
6993,Zinc,0.1,mg
6994,Energy,38,cal
6994,Protein,0.9,g
6994,Carbohydrates,0.8,g
6994,Fiber,0.2,g
6994,Fat,3.5,g
6994,Cholesterol,1.9,mg
6994,Sodium,31.8,mg
6995,Energy,38,cal
6995,Protein,0.9,g
6995,Carbohydrates,0.8,g
6995,Fiber,0.2,g
6995,Fat,3.5,g
6995,Cholesterol,1.9,mg
6995,Sodium,31.8,mg
6996,Energy,263,cal
6996,Protein,4,g
6996,Carbohydrates,32,g
6996,Fiber,3.1,g
6996,Fat,13.2,g
6996,Cholesterol,15,mg
6996,Sodium,1466.9,mg
6997,Energy,263,cal
6997,Protein,4,g
6997,Carbohydrates,32,g
6997,Fiber,3.1,g
6997,Fat,13.2,g
6997,Cholesterol,15,mg
6997,Sodium,1466.9,mg
6998,Energy,263,cal
6998,Protein,4,g
6998,Carbohydrates,32,g
6998,Fiber,3.1,g
6998,Fat,13.2,g
6998,Cholesterol,15,mg
6998,Sodium,1466.9,mg
6999,Energy,131,cal
6999,Protein,4.6,g
6999,Carbohydrates,12.6,g
6999,Fiber,4,g
6999,Fat,6.9,g
6999,Cholesterol,0,mg
6999,Sodium,791.6,mg
7000,Energy,131,cal
7000,Protein,4.6,g
7000,Carbohydrates,12.6,g
7000,Fiber,4,g
7000,Fat,6.9,g
7000,Cholesterol,0,mg
7000,Sodium,791.6,mg
7001,Energy,131,cal
7001,Protein,4.6,g
7001,Carbohydrates,12.6,g
7001,Fiber,4,g
7001,Fat,6.9,g
7001,Cholesterol,0,mg
7001,Sodium,791.6,mg
7002,Energy,131,cal
7002,Protein,4.6,g
7002,Carbohydrates,12.6,g
7002,Fiber,4,g
7002,Fat,6.9,g
7002,Cholesterol,0,mg
7002,Sodium,791.6,mg
7003,Energy,131,cal
7003,Protein,4.6,g
7003,Carbohydrates,12.6,g
7003,Fiber,4,g
7003,Fat,6.9,g
7003,Cholesterol,0,mg
7003,Sodium,791.6,mg
7004,Energy,131,cal
7004,Protein,4.6,g
7004,Carbohydrates,12.6,g
7004,Fiber,4,g
7004,Fat,6.9,g
7004,Cholesterol,0,mg
7004,Sodium,791.6,mg
7005,Energy,131,cal
7005,Protein,4.6,g
7005,Carbohydrates,12.6,g
7005,Fiber,4,g
7005,Fat,6.9,g
7005,Cholesterol,0,mg
7005,Sodium,791.6,mg
7006,Energy,80,cal
7006,Protein,3.2,g
7006,Carbohydrates,7,g
7006,Fiber,3.3,g
7006,Fat,4.6,g
7006,Cholesterol,0,mg
7006,Sodium,64.8,mg
7009,Energy,138,cal
7009,Protein,7.4,g
7009,Carbohydrates,8,g
7009,Fiber,4.2,g
7009,Fat,7.7,g
7009,Cholesterol,4.8,mg
7009,Sodium,105.8,mg
7010,Energy,138,cal
7010,Protein,7.4,g
7010,Carbohydrates,8,g
7010,Fiber,4.2,g
7010,Fat,7.7,g
7010,Cholesterol,4.8,mg
7010,Sodium,105.8,mg
7011,Energy,138,cal
7011,Protein,7.4,g
7011,Carbohydrates,8,g
7011,Fiber,4.2,g
7011,Fat,7.7,g
7011,Cholesterol,4.8,mg
7011,Sodium,105.8,mg
7012,Energy,46,cal
7012,Protein,0.9,g
7012,Carbohydrates,4.8,g
7012,Fiber,0.9,g
7012,Fat,2.6,g
7012,Cholesterol,0,mg
7012,Sodium,3.3,mg
7013,Energy,93,cal
7013,Protein,3.7,g
7013,Carbohydrates,4.4,g
7013,Fiber,0.5,g
7013,Fat,5,g
7013,Cholesterol,12,mg
7013,Sodium,26.8,mg
7014,Energy,32,cal
7014,Protein,3,g
7014,Carbohydrates,4.4,g
7014,Fiber,0.5,g
7014,Fat,0.2,g
7014,Cholesterol,0,mg
7014,Sodium,50,mg
7015,Energy,121,cal
7015,Protein,4.6,g
7015,Carbohydrates,5.4,g
7015,Fiber,0.4,g
7015,Fat,6.6,g
7015,Cholesterol,16,mg
7015,Sodium,27.8,mg
7016,Energy,125,cal
7016,Protein,3.6,g
7016,Carbohydrates,15.3,g
7016,Fiber,3.6,g
7016,Fat,5.8,g
7016,Cholesterol,0,mg
7016,Sodium,31,mg
7017,Energy,309,cal
7017,Protein,8.6,g
7017,Carbohydrates,51.3,g
7017,Fiber,0,g
7017,Fat,7.2,g
7017,Cholesterol,0,mg
7017,Vitamin A,233.1,mcg
7017,Vitamin B1,0.1,mg
7017,Vitamin B2,0,mg
7017,Vitamin B3,0.8,mg
7017,Vitamin C,0.2,mg
7017,Folic Acid,1.4,mcg
7017,Calcium,63.4,mg
7017,Iron,1.2,mg
7017,Magnesium,0,mg
7017,Phosphorus,0,mg
7017,Sodium,54.7,mg
7017,Potassium,29.9,mg
7017,Zinc,0,mg
7018,Energy,37,cal
7018,Protein,1.3,g
7018,Carbohydrates,4.3,g
7018,Fiber,1.5,g
7018,Fat,1.7,g
7018,Cholesterol,0,mg
7018,Sodium,30.8,mg
7019,Energy,37,cal
7019,Protein,1.3,g
7019,Carbohydrates,4.3,g
7019,Fiber,1.5,g
7019,Fat,1.7,g
7019,Cholesterol,0,mg
7019,Sodium,30.8,mg
7020,Energy,37,cal
7020,Protein,1.3,g
7020,Carbohydrates,4.3,g
7020,Fiber,1.5,g
7020,Fat,1.7,g
7020,Cholesterol,0,mg
7020,Sodium,30.8,mg
7021,Energy,37,cal
7021,Protein,1.3,g
7021,Carbohydrates,4.3,g
7021,Fiber,1.5,g
7021,Fat,1.7,g
7021,Cholesterol,0,mg
7021,Sodium,30.8,mg
7022,Energy,39,cal
7022,Protein,1.7,g
7022,Carbohydrates,6.4,g
7022,Fiber,1.2,g
7022,Fat,0.8,g
7022,Cholesterol,0,mg
7022,Sodium,19.5,mg
7023,Energy,39,cal
7023,Protein,1.7,g
7023,Carbohydrates,6.4,g
7023,Fiber,1.2,g
7023,Fat,0.8,g
7023,Cholesterol,0,mg
7023,Sodium,19.5,mg
7024,Energy,39,cal
7024,Protein,1.7,g
7024,Carbohydrates,6.4,g
7024,Fiber,1.2,g
7024,Fat,0.8,g
7024,Cholesterol,0,mg
7024,Sodium,19.5,mg
7025,Energy,39,cal
7025,Protein,1.7,g
7025,Carbohydrates,6.4,g
7025,Fiber,1.2,g
7025,Fat,0.8,g
7025,Cholesterol,0,mg
7025,Sodium,19.5,mg
7026,Energy,39,cal
7026,Protein,1.7,g
7026,Carbohydrates,6.4,g
7026,Fiber,1.2,g
7026,Fat,0.8,g
7026,Cholesterol,0,mg
7026,Sodium,19.5,mg
7027,Energy,39,cal
7027,Protein,1.7,g
7027,Carbohydrates,6.4,g
7027,Fiber,1.2,g
7027,Fat,0.8,g
7027,Cholesterol,0,mg
7027,Sodium,19.5,mg
7028,Energy,39,cal
7028,Protein,1.7,g
7028,Carbohydrates,6.4,g
7028,Fiber,1.2,g
7028,Fat,0.8,g
7028,Cholesterol,0,mg
7028,Sodium,19.5,mg
7029,Energy,262,cal
7029,Protein,9.8,g
7029,Carbohydrates,26.2,g
7029,Fiber,1.5,g
7029,Fat,13.5,g
7029,Cholesterol,37.5,mg
7029,Sodium,413.5,mg
7030,Energy,26,cal
7030,Protein,1.8,g
7030,Carbohydrates,2.8,g
7030,Fiber,0.9,g
7030,Fat,0.8,g
7030,Cholesterol,1.9,mg
7030,Sodium,41.1,mg
7031,Energy,52,cal
7031,Protein,1.3,g
7031,Carbohydrates,3.5,g
7031,Fiber,1.8,g
7031,Fat,3.7,g
7031,Cholesterol,0,mg
7031,Sodium,257.6,mg
7032,Energy,72,cal
7032,Protein,4.4,g
7032,Carbohydrates,11,g
7032,Fiber,1.7,g
7032,Fat,1.2,g
7032,Cholesterol,2.5,mg
7032,Sodium,34.7,mg
7033,Energy,2630,cal
7033,Protein,45.9,g
7033,Carbohydrates,364.9,g
7033,Fiber,0.6,g
7033,Fat,110.7,g
7033,Cholesterol,110,mg
7033,Sodium,722.9,mg
7034,Energy,49,cal
7034,Protein,1.6,g
7034,Carbohydrates,7.9,g
7034,Fiber,0,g
7034,Fat,1.1,g
7034,Cholesterol,0,mg
7034,Sodium,0.4,mg
7035,Energy,49,cal
7035,Protein,1.6,g
7035,Carbohydrates,7.9,g
7035,Fiber,0,g
7035,Fat,1.1,g
7035,Cholesterol,0,mg
7035,Sodium,0.4,mg
7036,Energy,11,cal
7036,Protein,0.4,g
7036,Carbohydrates,0.5,g
7036,Fiber,0,g
7036,Fat,0.6,g
7036,Cholesterol,1.5,mg
7036,Sodium,1.9,mg
7037,Energy,259,cal
7037,Protein,9.8,g
7037,Carbohydrates,34.5,g
7037,Fiber,0.8,g
7037,Fat,9.2,g
7037,Cholesterol,0,mg
7037,Vitamin A,179.7,mcg
7037,Vitamin B1,0.1,mg
7037,Vitamin B2,0.1,mg
7037,Vitamin B3,1,mg
7037,Vitamin C,12.2,mg
7037,Folic Acid,3.7,mcg
7037,Calcium,183.7,mg
7037,Iron,2,mg
7037,Magnesium,0,mg
7037,Phosphorus,0,mg
7037,Sodium,4.9,mg
7037,Potassium,122.7,mg
7037,Zinc,0.4,mg
7046,Energy,209,calories
7046,Protein,6,gm
7046,Carbohydrate,26.9,gm
7046,Fat,8.6,gm
7046,Fibre,2.5,gm
7046,Vitamin A,787.2,mcg
7046,Calcium,152.3,mg
7046,Folic acid,17.9,mcg
7047,Energy,209,calories
7047,Protein,6,gm
7047,Carbohydrate,26.9,gm
7047,Fat,8.6,gm
7047,Fibre,2.5,gm
7047,Vitamin A,787.2,mcg
7047,Calcium,152.3,mg
7047,Folic acid,17.9,mcg
7048,Energy,209,calories
7048,Protein,6,gm
7048,Carbohydrate,26.9,gm
7048,Fat,8.6,gm
7048,Fibre,2.5,gm
7048,Vitamin A,787.2,mcg
7048,Calcium,152.3,mg
7048,Folic acid,17.9,mcg
7049,Energy,237,cal
7049,Protein,16.9,g
7049,Carbohydrates,40.5,g
7049,Fiber,3.2,g
7049,Fat,0.8,g
7049,Cholesterol,0,mg
7049,Sodium,21.1,mg
7050,Energy,256,cal
7050,Protein,18.4,g
7050,Carbohydrates,43.5,g
7050,Fiber,12.8,g
7050,Fat,1,g
7050,Cholesterol,0,mg
7050,Sodium,21.5,mg
7053,Energy,89,cal
7053,Protein,2.1,g
7053,Carbohydrates,12.6,g
7053,Fiber,1.2,g
7053,Fat,2.6,g
7053,Cholesterol,0,mg
7053,Vitamin A,456.7,mcg
7053,Vitamin B1,0,mg
7053,Vitamin B2,0,mg
7053,Vitamin B3,0.1,mg
7053,Vitamin C,11.1,mg
7053,Calcium,96,mg
7053,Iron,0.7,mg
7053,Folic Acid,4.5,mcg
7053,Sodium,15,mg
7053,Potassium,78.6,mg
7053,Zinc,0.5,mg
7054,Energy,137,cal
7054,Protein,6.4,g
7054,Carbohydrates,26.7,g
7054,Fiber,3.3,g
7054,Fat,0.5,g
7054,Cholesterol,0,mg
7054,Sodium,20.1,mg
7055,Energy,176,cal
7055,Protein,6.5,g
7055,Carbohydrates,16.6,g
7055,Fiber,6,g
7055,Fat,9.3,g
7055,Cholesterol,0,mg
7055,Sodium,9.4,mg
7056,Energy,140,cal
7056,Protein,5.8,g
7056,Carbohydrates,21,g
7056,Fiber,10.5,g
7056,Fat,3.7,g
7056,Cholesterol,0,mg
7056,Sodium,28,mg
7057,Energy,140,cal
7057,Protein,5.8,g
7057,Carbohydrates,21,g
7057,Fiber,10.5,g
7057,Fat,3.7,g
7057,Cholesterol,0,mg
7057,Sodium,28,mg
7058,Energy,140,cal
7058,Protein,5.8,g
7058,Carbohydrates,21,g
7058,Fiber,10.5,g
7058,Fat,3.7,g
7058,Cholesterol,0,mg
7058,Sodium,28,mg
7059,Energy,21,cal
7059,Protein,1.2,g
7059,Carbohydrates,2.9,g
7059,Fiber,0.2,g
7059,Fat,0.5,g
7059,Cholesterol,0,mg
7059,Sodium,1.7,mg
7060,Energy,199,cal
7060,Protein,6.5,g
7060,Carbohydrates,36.2,g
7060,Fiber,1.3,g
7060,Fat,3.1,g
7060,Cholesterol,0,mg
7060,Sodium,10.1,mg
7061,Energy,319,cal
7061,Protein,8.8,g
7061,Carbohydrates,58.5,g
7061,Fiber,3.8,g
7061,Fat,5.6,g
7061,Cholesterol,0,mg
7061,Vitamin A,133.5,mcg
7061,Vitamin B1,0.2,mg
7061,Vitamin B2,0.1,mg
7061,Vitamin B3,1.5,mg
7061,Vitamin C,30.6,mg
7061,Folic Acid,5.9,mcg
7061,Calcium,55.1,mg
7061,Iron,2.4,mg
7061,Magnesium,0,mg
7061,Phosphorus,0,mg
7061,Sodium,6.3,mg
7061,Potassium,228.9,mg
7061,Zinc,0.9,mg
7062,Energy,319,cal
7062,Protein,8.8,g
7062,Carbohydrates,58.5,g
7062,Fiber,3.8,g
7062,Fat,5.6,g
7062,Cholesterol,0,mg
7062,Vitamin A,133.5,mcg
7062,Vitamin B1,0.2,mg
7062,Vitamin B2,0.1,mg
7062,Vitamin B3,1.5,mg
7062,Vitamin C,30.6,mg
7062,Folic Acid,5.9,mcg
7062,Calcium,55.1,mg
7062,Iron,2.4,mg
7062,Magnesium,0,mg
7062,Phosphorus,0,mg
7062,Sodium,6.3,mg
7062,Potassium,228.9,mg
7062,Zinc,0.9,mg
7063,Energy,20,cal
7063,Protein,0.4,g
7063,Carbohydrates,1.8,g
7063,Fiber,0.9,g
7063,Fat,1.2,g
7063,Cholesterol,0,mg
7063,Sodium,4.9,mg
7064,Energy,20,cal
7064,Protein,0.4,g
7064,Carbohydrates,1.8,g
7064,Fiber,0.9,g
7064,Fat,1.2,g
7064,Cholesterol,0,mg
7064,Sodium,4.9,mg
7065,Energy,20,cal
7065,Protein,0.4,g
7065,Carbohydrates,1.8,g
7065,Fiber,0.9,g
7065,Fat,1.2,g
7065,Cholesterol,0,mg
7065,Sodium,4.9,mg
7066,Energy,20,cal
7066,Protein,0.4,g
7066,Carbohydrates,1.8,g
7066,Fiber,0.9,g
7066,Fat,1.2,g
7066,Cholesterol,0,mg
7066,Sodium,4.9,mg
7067,Energy,20,cal
7067,Protein,0.4,g
7067,Carbohydrates,1.8,g
7067,Fiber,0.9,g
7067,Fat,1.2,g
7067,Cholesterol,0,mg
7067,Sodium,4.9,mg
7068,Energy,231,cal
7068,Protein,5.2,g
7068,Carbohydrates,32.2,g
7068,Fiber,4,g
7068,Fat,9.1,g
7068,Cholesterol,0,mg
7068,Sodium,4.2,mg
7069,Energy,244,cal
7069,Protein,6.1,g
7069,Carbohydrates,48.1,g
7069,Fiber,4.5,g
7069,Fat,3,g
7069,Cholesterol,0,mg
7069,Sodium,12.9,mg
7070,Energy,302,cal
7070,Protein,10.2,g
7070,Carbohydrates,29.8,g
7070,Fiber,7.1,g
7070,Fat,15.7,g
7070,Cholesterol,0,mg
7070,Sodium,11.1,mg
7071,Energy,99,cal
7071,Protein,6.4,g
7071,Carbohydrates,17.5,g
7071,Fiber,5.4,g
7071,Fat,0.4,g
7071,Cholesterol,0,mg
7071,Sodium,16.8,mg
7072,Protein,7.2,g
7072,Cho,16.8,g
7072,Fat,0.4,g
7073,Protein,7.2,g
7073,Cho,16.8,g
7073,Fat,0.4,g
7074,Energy,257,cal
7074,Protein,16.4,g
7074,Carbohydrates,46,g
7074,Fiber,12.5,g
7074,Fat,1.8,g
7074,Cholesterol,0,mg
7074,Sodium,13.2,mg
7075,Energy,150,cal
7075,Protein,6,g
7075,Carbohydrates,25.6,g
7075,Fiber,4.8,g
7075,Fat,2.8,g
7075,Cholesterol,0,mg
7075,Sodium,79.6,mg
7076,Energy,217,cal
7076,Protein,7.5,g
7076,Carbohydrates,38.2,g
7076,Fiber,3.3,g
7076,Fat,3.7,g
7076,Cholesterol,0,mg
7076,Sodium,17.8,mg
7077,Energy,44,cal
7077,Protein,2.2,g
7077,Carbohydrates,5.4,g
7077,Fiber,1.6,g
7077,Fat,1.6,g
7077,Cholesterol,0,mg
7077,Sodium,5.4,mg
7078,Energy,58,cal
7078,Protein,3,g
7078,Carbohydrates,10.6,g
7078,Fiber,3.1,g
7078,Fat,0.4,g
7078,Cholesterol,0,mg
7078,Sodium,8.6,mg
7079,Energy,58,cal
7079,Protein,3,g
7079,Carbohydrates,10.6,g
7079,Fiber,3.1,g
7079,Fat,0.4,g
7079,Cholesterol,0,mg
7079,Sodium,8.6,mg
7080,Energy,58,cal
7080,Protein,3,g
7080,Carbohydrates,10.6,g
7080,Fiber,3.1,g
7080,Fat,0.4,g
7080,Cholesterol,0,mg
7080,Sodium,8.6,mg
7081,Energy,188,cal
7081,Protein,8.5,g
7081,Carbohydrates,16.9,g
7081,Fiber,1.6,g
7081,Fat,7.9,g
7081,Cholesterol,12,mg
7081,Sodium,217,mg
7082,Energy,108,cal
7082,Protein,6.3,g
7082,Carbohydrates,13.7,g
7082,Fiber,2.7,g
7082,Fat,3.2,g
7082,Cholesterol,0,mg
7082,Sodium,43.5,mg
7083,Energy,134,cal
7083,Protein,3.4,g
7083,Carbohydrates,24.9,g
7083,Fiber,1.2,g
7083,Fat,2.3,g
7083,Cholesterol,0,mg
7083,Sodium,3.4,mg
7084,Energy,196,cal
7084,Protein,10.9,g
7084,Carbohydrates,24.3,g
7084,Fiber,1.9,g
7084,Fat,4.9,g
7084,Cholesterol,8,mg
7084,Sodium,22.6,mg
7085,Energy,157,cal
7085,Protein,7.4,g
7085,Carbohydrates,22.4,g
7085,Fiber,5.6,g
7085,Fat,4.2,g
7085,Cholesterol,0,mg
7085,Sodium,8.4,mg
7086,Energy,63,cal
7086,Protein,2.4,g
7086,Carbohydrates,6.5,g
7086,Fiber,2,g
7086,Fat,3.3,g
7086,Cholesterol,0,mg
7086,Sodium,12.5,mg
7087,Energy,434,cal
7087,Protein,13.6,g
7087,Carbohydrates,85.2,g
7087,Fiber,7.1,g
7087,Fat,4,g
7087,Cholesterol,0,mg
7087,Sodium,13.7,mg
7088,Energy,113,cal
7088,Protein,5.6,g
7088,Carbohydrates,15.4,g
7088,Fiber,4.7,g
7088,Fat,3.2,g
7088,Cholesterol,0,mg
7088,Sodium,10.5,mg
7090,Energy,54,cal
7090,Protein,3.2,g
7090,Carbohydrates,7.7,g
7090,Fiber,2.4,g
7090,Fat,1.1,g
7090,Cholesterol,0,mg
7090,Sodium,5.9,mg
7091,Energy,117,cal
7091,Protein,7,g
7091,Carbohydrates,20.2,g
7091,Fiber,5.7,g
7091,Fat,0.9,g
7091,Cholesterol,0,mg
7091,Sodium,2916.1,mg
7092,Energy,85,cal
7092,Protein,2.6,g
7092,Carbohydrates,10.3,g
7092,Fiber,1.3,g
7092,Fat,4,g
7092,Cholesterol,0,mg
7092,Vitamin A,282.2,mcg
7092,Vitamin B1,0,mg
7092,Vitamin B2,0,mg
7092,Vitamin B3,0.2,mg
7092,Vitamin C,22.3,mg
7092,Folic Acid,8.3,mcg
7092,Calcium,56.6,mg
7092,Iron,0.7,mg
7092,Magnesium,0,mg
7092,Phosphorus,0,mg
7092,Sodium,224.4,mg
7092,Potassium,53.6,mg
7092,Zinc,0.2,mg
7093,Energy,85,cal
7093,Protein,2.6,g
7093,Carbohydrates,10.3,g
7093,Fiber,1.3,g
7093,Fat,4,g
7093,Cholesterol,0,mg
7093,Vitamin A,282.2,mcg
7093,Vitamin B1,0,mg
7093,Vitamin B2,0,mg
7093,Vitamin B3,0.2,mg
7093,Vitamin C,22.3,mg
7093,Folic Acid,8.3,mcg
7093,Calcium,56.6,mg
7093,Iron,0.7,mg
7093,Magnesium,0,mg
7093,Phosphorus,0,mg
7093,Sodium,224.4,mg
7093,Potassium,53.6,mg
7093,Zinc,0.2,mg
7094,Energy,85,cal
7094,Protein,2.6,g
7094,Carbohydrates,10.3,g
7094,Fiber,1.3,g
7094,Fat,4,g
7094,Cholesterol,0,mg
7094,Vitamin A,282.2,mcg
7094,Vitamin B1,0,mg
7094,Vitamin B2,0,mg
7094,Vitamin B3,0.2,mg
7094,Vitamin C,22.3,mg
7094,Folic Acid,8.3,mcg
7094,Calcium,56.6,mg
7094,Iron,0.7,mg
7094,Magnesium,0,mg
7094,Phosphorus,0,mg
7094,Sodium,224.4,mg
7094,Potassium,53.6,mg
7094,Zinc,0.2,mg
7095,Energy,85,cal
7095,Protein,2.6,g
7095,Carbohydrates,10.3,g
7095,Fiber,1.3,g
7095,Fat,4,g
7095,Cholesterol,0,mg
7095,Vitamin A,282.2,mcg
7095,Vitamin B1,0,mg
7095,Vitamin B2,0,mg
7095,Vitamin B3,0.2,mg
7095,Vitamin C,22.3,mg
7095,Folic Acid,8.3,mcg
7095,Calcium,56.6,mg
7095,Iron,0.7,mg
7095,Magnesium,0,mg
7095,Phosphorus,0,mg
7095,Sodium,224.4,mg
7095,Potassium,53.6,mg
7095,Zinc,0.2,mg
7096,Energy,238,cal
7096,Protein,5.2,g
7096,Carbohydrates,26,g
7096,Fiber,0.7,g
7096,Fat,12.6,g
7096,Cholesterol,21,mg
7096,Sodium,71.7,mg
7097,Energy,238,cal
7097,Protein,5.2,g
7097,Carbohydrates,26,g
7097,Fiber,0.7,g
7097,Fat,12.6,g
7097,Cholesterol,21,mg
7097,Sodium,71.7,mg
7102,Energy,234,cal
7102,Protein,8.1,g
7102,Carbohydrates,37.8,g
7102,Fiber,5.9,g
7102,Fat,5.8,g
7102,Cholesterol,0,mg
7102,Sodium,28.2,mg
7103,Energy,48,cal
7103,Protein,0.5,g
7103,Carbohydrates,11.2,g
7103,Fiber,2,g
7103,Fat,0.3,g
7103,Cholesterol,0,mg
7103,Sodium,11.9,mg
7105,Energy,287,cal
7105,Protein,6.8,g
7105,Carbohydrates,13.4,g
7105,Fiber,0.7,g
7105,Fat,20.6,g
7105,Cholesterol,0,mg
7105,Vitamin A,563,mcg
7105,Vitamin B1,0.1,mg
7105,Vitamin B2,0.3,mg
7105,Vitamin B3,2.3,mg
7105,Vitamin C,4.5,mg
7105,Folic Acid,17.8,mcg
7105,Calcium,255.5,mg
7105,Iron,1,mg
7105,Magnesium,0,mg
7105,Phosphorus,0,mg
7105,Sodium,103,mg
7105,Potassium,318.3,mg
7105,Zinc,0.5,mg
7109,Energy,241,cal
7109,Protein,9.2,g
7109,Carbohydrates,14.7,g
7109,Fiber,2.5,g
7109,Fat,17.1,g
7109,Cholesterol,0,mg
7109,Sodium,104.9,mg
7111,Energy,152,cal
7111,Protein,4.8,g
7111,Carbohydrates,10,g
7111,Fiber,4.2,g
7111,Fat,10.8,g
7111,Cholesterol,0,mg
7111,Sodium,11.9,mg
7114,Energy,89,cal
7114,Protein,1.9,g
7114,Carbohydrates,8.8,g
7114,Fiber,2.2,g
7114,Fat,5.5,g
7114,Cholesterol,0,mg
7114,Vitamin A,1984.5,mcg
7114,Vitamin B1,0.1,mg
7114,Vitamin B2,0.1,mg
7114,Vitamin B3,0.6,mg
7114,Vitamin C,15.5,mg
7114,Folic Acid,51.9,mcg
7114,Calcium,84.5,mg
7114,Iron,1.2,mg
7114,Magnesium,0,mg
7114,Phosphorus,0,mg
7114,Sodium,370.5,mg
7114,Potassium,158.8,mg
7114,Zinc,0.2,mg
7116,Energy,45,cal
7116,Protein,1,g
7116,Carbohydrates,2.7,g
7116,Fiber,1.1,g
7116,Fat,3.3,g
7116,Cholesterol,10,mg
7116,Sodium,35.6,mg
7117,Energy,154,cal
7117,Protein,3.1,g
7117,Carbohydrates,13.5,g
7117,Fiber,5.1,g
7117,Fat,10.2,g
7117,Cholesterol,0,mg
7117,Vitamin A,1734.9,mcg
7117,Vitamin B1,0.1,mg
7117,Vitamin B2,0.3,mg
7117,Vitamin B3,2.2,mg
7117,Vitamin C,29.7,mg
7117,Folic Acid,64.8,mcg
7117,Calcium,94.4,mg
7117,Iron,1.7,mg
7117,Magnesium,0,mg
7117,Phosphorus,0,mg
7117,Sodium,133.3,mg
7117,Potassium,452.4,mg
7117,Zinc,0.9,mg
7118,Energy,74,cal
7118,Protein,1.8,g
7118,Carbohydrates,5.7,g
7118,Fiber,1.4,g
7118,Fat,5.3,g
7118,Cholesterol,0,mg
7118,Vitamin A,146.8,mcg
7118,Vitamin B1,0.1,mg
7118,Vitamin B2,0.3,mg
7118,Vitamin B3,2.8,mg
7118,Vitamin C,11.7,mg
7118,Folic Acid,23.1,mcg
7118,Calcium,24.2,mg
7118,Iron,1.1,mg
7118,Magnesium,0,mg
7118,Phosphorus,0,mg
7118,Sodium,6.9,mg
7118,Potassium,298.2,mg
7118,Zinc,0.5,mg
7120,Energy,715,cal
7120,Protein,12.2,g
7120,Carbohydrates,90.7,g
7120,Fiber,4.6,g
7120,Fat,36.1,g
7120,Cholesterol,0,mg
7120,Vitamin A,788.6,mcg
7120,Vitamin B1,-0.3,mg
7120,Vitamin B2,-0.2,mg
7120,Vitamin B3,1.1,mg
7120,Vitamin C,30,mg
7120,Folic Acid,33.6,mcg
7120,Calcium,232.4,mg
7120,Iron,1.4,mg
7120,Magnesium,0,mg
7120,Phosphorus,0,mg
7120,Sodium,9.6,mg
7120,Potassium,432,mg
7120,Zinc,4.9,mg
7121,Energy,41,cal
7121,Protein,1.5,g
7121,Carbohydrates,2.7,g
7121,Fiber,1.5,g
7121,Fat,2.9,g
7121,Cholesterol,0,mg
7121,Sodium,148.2,mg
7122,Energy,133,cal
7122,Protein,3.4,g
7122,Carbohydrates,16.9,g
7122,Fiber,0.4,g
7122,Fat,5.7,g
7122,Cholesterol,0,mg
7122,Sodium,0,mg
7123,Energy,472,cal
7123,Protein,12.8,g
7123,Carbohydrates,47.4,g
7123,Fiber,2.2,g
7123,Fat,25.9,g
7123,Cholesterol,0,mg
7123,Vitamin A,305.6,mcg
7123,Vitamin B1,-0.4,mg
7123,Vitamin B2,-0.5,mg
7123,Vitamin B3,1.1,mg
7123,Vitamin C,9.4,mg
7123,Folic Acid,3.5,mcg
7123,Calcium,250.7,mg
7123,Iron,0.5,mg
7123,Magnesium,0,mg
7123,Phosphorus,0,mg
7123,Sodium,233.5,mg
7123,Potassium,57.2,mg
7123,Zinc,0.4,mg
7124,Energy,573,cal
7124,Protein,15,g
7124,Carbohydrates,83.4,g
7124,Fiber,2,g
7124,Fat,20.4,g
7124,Cholesterol,0,mg
7124,Vitamin A,273.1,mcg
7124,Vitamin B1,0.1,mg
7124,Vitamin B2,0.1,mg
7124,Vitamin B3,0.4,mg
7124,Vitamin C,33.2,mg
7124,Folic Acid,14.6,mcg
7124,Calcium,38.3,mg
7124,Iron,0.5,mg
7124,Magnesium,0,mg
7124,Phosphorus,0,mg
7124,Sodium,487,mg
7124,Potassium,131,mg
7124,Zinc,0.4,mg
7125,Energy,169,cal
7125,Protein,5.8,g
7125,Carbohydrates,18.2,g
7125,Fiber,2.3,g
7125,Fat,8.1,g
7125,Cholesterol,0,mg
7125,Sodium,12,mg
7126,Energy,169,cal
7126,Protein,5.8,g
7126,Carbohydrates,18.2,g
7126,Fiber,2.3,g
7126,Fat,8.1,g
7126,Cholesterol,0,mg
7126,Sodium,12,mg
7127,Energy,169,cal
7127,Protein,5.8,g
7127,Carbohydrates,18.2,g
7127,Fiber,2.3,g
7127,Fat,8.1,g
7127,Cholesterol,0,mg
7127,Sodium,12,mg
7128,Energy,398,cal
7128,Protein,6.3,g
7128,Carbohydrates,25.2,g
7128,Fiber,7.7,g
7128,Fat,31.2,g
7128,Cholesterol,0,mg
7128,Vitamin A,1772,mcg
7128,Vitamin B1,0.7,mg
7128,Vitamin B2,0.3,mg
7128,Vitamin B3,2.4,mg
7128,Vitamin C,176.5,mg
7128,Folic Acid,127.7,mcg
7128,Calcium,195,mg
7128,Iron,3.6,mg
7128,Magnesium,0,mg
7128,Phosphorus,0,mg
7128,Sodium,389,mg
7128,Potassium,639.2,mg
7128,Zinc,0.8,mg
7129,Energy,398,cal
7129,Protein,6.3,g
7129,Carbohydrates,25.2,g
7129,Fiber,7.7,g
7129,Fat,31.2,g
7129,Cholesterol,0,mg
7129,Vitamin A,1772,mcg
7129,Vitamin B1,0.7,mg
7129,Vitamin B2,0.3,mg
7129,Vitamin B3,2.4,mg
7129,Vitamin C,176.5,mg
7129,Folic Acid,127.7,mcg
7129,Calcium,195,mg
7129,Iron,3.6,mg
7129,Magnesium,0,mg
7129,Phosphorus,0,mg
7129,Sodium,389,mg
7129,Potassium,639.2,mg
7129,Zinc,0.8,mg
7130,Energy,270,cal
7130,Protein,10,g
7130,Carbohydrates,28.5,g
7130,Fiber,4.9,g
7130,Fat,14.9,g
7130,Cholesterol,0,mg
7130,Sodium,353.9,mg
7133,Energy,78,cal
7133,Protein,1.2,g
7133,Carbohydrates,7.1,g
7133,Fiber,1.4,g
7133,Fat,5.1,g
7133,Cholesterol,0,mg
7133,Vitamin A,612.5,mcg
7133,Vitamin B1,0.2,mg
7133,Vitamin B2,0,mg
7133,Vitamin B3,0.4,mg
7133,Vitamin C,42.8,mg
7133,Folic Acid,14.6,mcg
7133,Calcium,46.4,mg
7133,Iron,0.6,mg
7133,Magnesium,0,mg
7133,Phosphorus,0,mg
7133,Sodium,58.2,mg
7133,Potassium,121.6,mg
7133,Zinc,0.2,mg
7135,Energy,11,cal
7135,Protein,0,g
7135,Carbohydrates,0,g
7135,Fiber,0,g
7135,Fat,1.2,g
7135,Cholesterol,0,mg
7135,Vitamin A,11.2,mcg
7135,Vitamin B1,0,mg
7135,Vitamin B2,0,mg
7135,Vitamin B3,0,mg
7135,Vitamin C,0,mg
7135,Folic Acid,0,mcg
7135,Calcium,0,mg
7135,Iron,0,mg
7135,Magnesium,0,mg
7135,Phosphorus,0,mg
7135,Sodium,0,mg
7135,Potassium,0,mg
7135,Zinc,0,mg
7136,Energy,138,cal
7136,Protein,5.8,g
7136,Carbohydrates,4.9,g
7136,Fiber,1.1,g
7136,Fat,10.7,g
7136,Cholesterol,0,mg
7136,Vitamin A,192.3,mcg
7136,Vitamin B1,-0.3,mg
7136,Vitamin B2,-0.3,mg
7136,Vitamin B3,0.5,mg
7136,Vitamin C,21.8,mg
7136,Folic Acid,4.2,mcg
7136,Calcium,178,mg
7136,Iron,0.6,mg
7136,Magnesium,0,mg
7136,Phosphorus,0,mg
7136,Sodium,147.8,mg
7136,Potassium,98,mg
7136,Zinc,0.2,mg
7137,Energy,54,cal
7137,Protein,2.7,g
7137,Carbohydrates,8.5,g
7137,Fiber,1.6,g
7137,Fat,1.4,g
7137,Cholesterol,0,mg
7137,Sodium,23.7,mg
7142,Energy,235,cal
7142,Protein,3.8,g
7142,Carbohydrates,24.8,g
7142,Fiber,1.7,g
7142,Fat,13.2,g
7142,Cholesterol,0,mg
7142,Vitamin A,221,mcg
7142,Vitamin B1,0.1,mg
7142,Vitamin B2,0,mg
7142,Vitamin B3,0.7,mg
7142,Vitamin C,14.4,mg
7142,Folic Acid,9,mcg
7142,Calcium,71.6,mg
7142,Iron,0.5,mg
7142,Magnesium,0,mg
7142,Phosphorus,0,mg
7142,Sodium,4.2,mg
7142,Potassium,44.7,mg
7142,Zinc,0.4,mg
7144,Energy,45,cal
7144,Protein,0.8,g
7144,Carbohydrates,9.8,g
7144,Fiber,2.9,g
7144,Fat,0.3,g
7144,Cholesterol,0,mg
7144,Sodium,0,mg
7145,Energy,134,cal
7145,Protein,8.9,g
7145,Carbohydrates,23,g
7145,Fiber,3.6,g
7145,Fat,0.7,g
7145,Cholesterol,0,mg
7145,Sodium,11.4,mg
7146,Energy,200,cal
7146,Protein,5.3,g
7146,Carbohydrates,22,g
7146,Fiber,1.5,g
7146,Fat,7.4,g
7146,Cholesterol,18,mg
7146,Sodium,22,mg
7147,Energy,118,cal
7147,Protein,4,g
7147,Carbohydrates,19.5,g
7147,Fiber,3.5,g
7147,Fat,2.8,g
7147,Cholesterol,0,mg
7147,Sodium,41.2,mg
7148,Energy,118,cal
7148,Protein,4,g
7148,Carbohydrates,19.5,g
7148,Fiber,3.5,g
7148,Fat,2.8,g
7148,Cholesterol,0,mg
7148,Sodium,41.2,mg
7149,Energy,27,cal
7149,Protein,1.9,g
7149,Carbohydrates,4.7,g
7149,Fiber,0.5,g
7149,Fat,0.1,g
7149,Cholesterol,0,mg
7149,Sodium,25.2,mg
7152,Energy,369,cal
7152,Protein,7.4,g
7152,Carbohydrates,61.8,g
7152,Fiber,5.2,g
7152,Fat,8.4,g
7152,Cholesterol,16,mg
7152,Sodium,24.7,mg
7154,Energy,102,cal
7154,Protein,0.5,g
7154,Carbohydrates,24.4,g
7154,Fiber,1.9,g
7154,Fat,0.3,g
7154,Cholesterol,0,mg
7154,Sodium,17,mg
7155,Energy,212,cal
7155,Protein,5.1,g
7155,Carbohydrates,27.4,g
7155,Fiber,1.8,g
7155,Fat,6.7,g
7155,Cholesterol,16,mg
7155,Sodium,32.3,mg
7156,Energy,280,cal
7156,Protein,7.4,g
7156,Carbohydrates,33,g
7156,Fiber,1.9,g
7156,Fat,10,g
7156,Cholesterol,24,mg
7156,Sodium,46.7,mg
7160,Energy,232,cal
7160,Protein,5.3,g
7160,Carbohydrates,30.3,g
7160,Fiber,11.7,g
7160,Fat,7.7,g
7160,Cholesterol,16,mg
7160,Sodium,25.2,mg
7163,Energy,84,cal
7163,Protein,0.8,g
7163,Carbohydrates,6.6,g
7163,Fiber,0.9,g
7163,Fat,6.2,g
7163,Cholesterol,0.9,mg
7163,Sodium,16,mg
7164,Energy,111,cal
7164,Protein,2.4,g
7164,Carbohydrates,17.1,g
7164,Fiber,0.1,g
7164,Fat,4.8,g
7164,Cholesterol,5.4,mg
7164,Sodium,19.7,mg
7165,Energy,384,cal
7165,Protein,1.6,g
7165,Carbohydrates,41.4,g
7165,Fiber,1.8,g
7165,Fat,23.5,g
7165,Cholesterol,0,mg
7165,Sodium,32.1,mg
7167,Energy,356,cal
7167,Protein,4.7,g
7167,Carbohydrates,61.2,g
7167,Fiber,4.4,g
7167,Fat,6.5,g
7167,Cholesterol,0,mg
7167,Sodium,7.9,mg
7168,Energy,284,cal
7168,Protein,3,g
7168,Carbohydrates,54.9,g
7168,Fiber,0.2,g
7168,Fat,6.1,g
7168,Cholesterol,0,mg
7168,Sodium,0.2,mg
7169,Energy,146,cal
7169,Protein,3.8,g
7169,Carbohydrates,17.4,g
7169,Fiber,1.2,g
7169,Fat,5.1,g
7169,Cholesterol,12,mg
7169,Sodium,14.8,mg
7173,Energy,121,cal
7173,Protein,3.1,g
7173,Carbohydrates,14.7,g
7173,Fiber,1.3,g
7173,Fat,4.2,g
7173,Cholesterol,10,mg
7173,Sodium,12.6,mg
7174,Energy,70,cal
7174,Protein,2.7,g
7174,Carbohydrates,14.7,g
7174,Fiber,1.4,g
7174,Fat,0.2,g
7174,Cholesterol,0,mg
7174,Sodium,33.4,mg
7175,Energy,139,cal
7175,Protein,1.7,g
7175,Carbohydrates,16.5,g
7175,Fiber,0.6,g
7175,Fat,6.9,g
7175,Cholesterol,0,mg
7175,Vitamin A,145.1,mcg
7175,Vitamin B1,0,mg
7175,Vitamin B2,0,mg
7175,Vitamin B3,0.2,mg
7175,Vitamin C,10.4,mg
7175,Folic Acid,4.9,mcg
7175,Calcium,71.6,mg
7175,Iron,0.5,mg
7175,Magnesium,0,mg
7175,Phosphorus,0,mg
7175,Sodium,10.5,mg
7175,Potassium,42.3,mg
7175,Zinc,0.1,mg
7176,Energy,220,cal
7176,Protein,3.4,g
7176,Carbohydrates,18.2,g
7176,Fiber,1.1,g
7176,Fat,13.9,g
7176,Cholesterol,8,mg
7176,Sodium,21.6,mg
7177,Energy,42,cal
7177,Protein,0.1,g
7177,Carbohydrates,10.1,g
7177,Fiber,0.4,g
7177,Fat,0,g
7177,Cholesterol,0,mg
7177,Sodium,0.2,mg
7178,Energy,42,cal
7178,Protein,0.1,g
7178,Carbohydrates,10.1,g
7178,Fiber,0.4,g
7178,Fat,0,g
7178,Cholesterol,0,mg
7178,Sodium,0.2,mg
7179,Energy,50,cal
7179,Protein,0.5,g
7179,Carbohydrates,11.6,g
7179,Fiber,1.8,g
7179,Fat,0.2,g
7179,Cholesterol,0,mg
7179,Sodium,0.8,mg
7180,Energy,304,cal
7180,Protein,7.2,g
7180,Carbohydrates,37.7,g
7180,Fiber,1.4,g
7180,Fat,10.2,g
7180,Cholesterol,24.6,mg
7180,Sodium,29.8,mg
7181,Energy,5,cal
7181,Protein,0.1,g
7181,Carbohydrates,1.2,g
7181,Fiber,0.3,g
7181,Fat,0,g
7181,Cholesterol,0,mg
7181,Sodium,0.1,mg
7182,Energy,5,cal
7182,Protein,0.1,g
7182,Carbohydrates,1.2,g
7182,Fiber,0.3,g
7182,Fat,0,g
7182,Cholesterol,0,mg
7182,Sodium,0.1,mg
7183,Energy,5,cal
7183,Protein,0.1,g
7183,Carbohydrates,1.2,g
7183,Fiber,0.3,g
7183,Fat,0,g
7183,Cholesterol,0,mg
7183,Sodium,0.1,mg
7184,Energy,235,cal
7184,Protein,6.1,g
7184,Carbohydrates,25.6,g
7184,Fiber,1.3,g
7184,Fat,8.8,g
7184,Cholesterol,21.3,mg
7184,Sodium,25.9,mg
7185,Energy,235,cal
7185,Protein,6.1,g
7185,Carbohydrates,25.6,g
7185,Fiber,1.3,g
7185,Fat,8.8,g
7185,Cholesterol,21.3,mg
7185,Sodium,25.9,mg
7186,Energy,235,cal
7186,Protein,6.1,g
7186,Carbohydrates,25.6,g
7186,Fiber,1.3,g
7186,Fat,8.8,g
7186,Cholesterol,21.3,mg
7186,Sodium,25.9,mg
7187,Energy,131,cal
7187,Protein,3.8,g
7187,Carbohydrates,17.9,g
7187,Fiber,2.7,g
7187,Fat,3.8,g
7187,Cholesterol,8,mg
7187,Sodium,10.5,mg
7188,Energy,107,cal
7188,Protein,4,g
7188,Carbohydrates,16.9,g
7188,Fiber,3.5,g
7188,Fat,2.8,g
7188,Cholesterol,0,mg
7188,Sodium,36.4,mg
7189,Energy,107,cal
7189,Protein,4,g
7189,Carbohydrates,16.9,g
7189,Fiber,3.5,g
7189,Fat,2.8,g
7189,Cholesterol,0,mg
7189,Sodium,36.4,mg
7190,Energy,77,cal
7190,Protein,0.5,g
7190,Carbohydrates,18.2,g
7190,Fiber,2.6,g
7190,Fat,0.1,g
7190,Cholesterol,0,mg
7190,Sodium,19.8,mg
7191,Energy,77,cal
7191,Protein,0.5,g
7191,Carbohydrates,18.2,g
7191,Fiber,2.6,g
7191,Fat,0.1,g
7191,Cholesterol,0,mg
7191,Sodium,19.8,mg
7195,Energy,90,cal
7195,Protein,2.3,g
7195,Carbohydrates,18.2,g
7195,Fiber,3.2,g
7195,Fat,1.1,g
7195,Cholesterol,0,mg
7195,Sodium,9.3,mg
7196,Energy,69.1,kcal
7196,Protein,2,gm
7196,Carbohydrates,14.2,gm
7196,Fat,0.7,gm
7196,Vitamin A,813.6,mcg
7196,Vitamin C,24.6,mg
7196,Iron,1.3,mg
7196,Fibre,1.2,gm
7197,Energy,7,cal
7197,Protein,0.1,g
7197,Carbohydrates,1.6,g
7197,Fiber,0.3,g
7197,Fat,0,g
7197,Cholesterol,0,mg
7197,Sodium,0.5,mg
7198,Energy,7,cal
7198,Protein,0.1,g
7198,Carbohydrates,1.6,g
7198,Fiber,0.3,g
7198,Fat,0,g
7198,Cholesterol,0,mg
7198,Sodium,0.5,mg
7199,Energy,198,cal
7199,Protein,1.8,g
7199,Carbohydrates,46.3,g
7199,Fiber,3.8,g
7199,Fat,0.7,g
7199,Cholesterol,0,mg
7199,Sodium,1.8,mg
7200,Energy,15,cal
7200,Protein,0.2,g
7200,Carbohydrates,3.4,g
7200,Fiber,0.4,g
7200,Fat,0.1,g
7200,Cholesterol,0,mg
7200,Sodium,0.2,mg
7201,Energy,95,cal
7201,Protein,2.4,g
7201,Carbohydrates,4.4,g
7201,Fiber,0.9,g
7201,Fat,7.6,g
7201,Cholesterol,0,mg
7201,Sodium,6.9,mg
7202,Energy,273,cal
7202,Protein,1,g
7202,Carbohydrates,32.5,g
7202,Fiber,0.8,g
7202,Fat,15.6,g
7202,Cholesterol,0,mg
7202,Sodium,21.1,mg
7206,Energy,219,cal
7206,Protein,8,g
7206,Carbohydrates,35.6,g
7206,Fiber,6,g
7206,Fat,5.4,g
7206,Cholesterol,0,mg
7206,Sodium,5.9,mg
7207,Energy,219,cal
7207,Protein,8,g
7207,Carbohydrates,35.6,g
7207,Fiber,6,g
7207,Fat,5.4,g
7207,Cholesterol,0,mg
7207,Sodium,5.9,mg
7208,Energy,219,cal
7208,Protein,8,g
7208,Carbohydrates,35.6,g
7208,Fiber,6,g
7208,Fat,5.4,g
7208,Cholesterol,0,mg
7208,Sodium,5.9,mg
7213,Energy,250,cal
7213,Protein,3.7,g
7213,Carbohydrates,25.3,g
7213,Fiber,1.6,g
7213,Fat,14,g
7213,Cholesterol,0,mg
7213,Vitamin A,313.8,mcg
7213,Vitamin B1,0.1,mg
7213,Vitamin B2,0.1,mg
7213,Vitamin B3,0.5,mg
7213,Vitamin C,22.8,mg
7213,Folic Acid,9.9,mcg
7213,Calcium,148.1,mg
7213,Iron,1.1,mg
7213,Magnesium,0,mg
7213,Phosphorus,0,mg
7213,Sodium,30.8,mg
7213,Potassium,108.2,mg
7213,Zinc,0.1,mg
7214,Energy,550,cal
7214,Protein,18,g
7214,Carbohydrates,81,g
7214,Fiber,1.5,g
7214,Fat,18.3,g
7214,Cholesterol,35,mg
7214,Vitamin A,587.1,mcg
7214,Vitamin B1,0.3,mg
7214,Vitamin B2,0.1,mg
7214,Vitamin B3,2.3,mg
7214,Vitamin C,35.9,mg
7214,Folic Acid,15,mcg
7214,Calcium,216.3,mg
7214,Iron,3.3,mg
7214,Magnesium,0,mg
7214,Phosphorus,0,mg
7214,Sodium,668.8,mg
7214,Potassium,214.9,mg
7214,Zinc,0.7,mg
7215,Energy,152,cal
7215,Protein,8,g
7215,Carbohydrates,20.6,g
7215,Fiber,4.3,g
7215,Fat,4.2,g
7215,Cholesterol,0,mg
7215,Sodium,14.9,mg
7216,Energy,152,cal
7216,Protein,8,g
7216,Carbohydrates,20.6,g
7216,Fiber,4.3,g
7216,Fat,4.2,g
7216,Cholesterol,0,mg
7216,Sodium,14.9,mg
7217,Energy,152,cal
7217,Protein,8,g
7217,Carbohydrates,20.6,g
7217,Fiber,4.3,g
7217,Fat,4.2,g
7217,Cholesterol,0,mg
7217,Sodium,14.9,mg
7218,Energy,152,cal
7218,Protein,8,g
7218,Carbohydrates,20.6,g
7218,Fiber,4.3,g
7218,Fat,4.2,g
7218,Cholesterol,0,mg
7218,Sodium,14.9,mg
7219,Energy,152,cal
7219,Protein,8,g
7219,Carbohydrates,20.6,g
7219,Fiber,4.3,g
7219,Fat,4.2,g
7219,Cholesterol,0,mg
7219,Sodium,14.9,mg
7220,Energy,152,cal
7220,Protein,8,g
7220,Carbohydrates,20.6,g
7220,Fiber,4.3,g
7220,Fat,4.2,g
7220,Cholesterol,0,mg
7220,Sodium,14.9,mg
7221,Energy,152,cal
7221,Protein,8,g
7221,Carbohydrates,20.6,g
7221,Fiber,4.3,g
7221,Fat,4.2,g
7221,Cholesterol,0,mg
7221,Sodium,14.9,mg
7222,Energy,117,cal
7222,Protein,3.5,g
7222,Carbohydrates,13.3,g
7222,Fiber,2.3,g
7222,Fat,5.5,g
7222,Cholesterol,7.5,mg
7222,Sodium,28.6,mg
7223,Energy,117,cal
7223,Protein,3.5,g
7223,Carbohydrates,13.3,g
7223,Fiber,2.3,g
7223,Fat,5.5,g
7223,Cholesterol,7.5,mg
7223,Sodium,28.6,mg
7224,Energy,117,cal
7224,Protein,3.5,g
7224,Carbohydrates,13.3,g
7224,Fiber,2.3,g
7224,Fat,5.5,g
7224,Cholesterol,7.5,mg
7224,Sodium,28.6,mg
7225,Energy,117,cal
7225,Protein,3.5,g
7225,Carbohydrates,13.3,g
7225,Fiber,2.3,g
7225,Fat,5.5,g
7225,Cholesterol,7.5,mg
7225,Sodium,28.6,mg
7226,Energy,117,cal
7226,Protein,3.5,g
7226,Carbohydrates,13.3,g
7226,Fiber,2.3,g
7226,Fat,5.5,g
7226,Cholesterol,7.5,mg
7226,Sodium,28.6,mg
7227,Energy,117,cal
7227,Protein,3.5,g
7227,Carbohydrates,13.3,g
7227,Fiber,2.3,g
7227,Fat,5.5,g
7227,Cholesterol,7.5,mg
7227,Sodium,28.6,mg
7228,Energy,117,cal
7228,Protein,3.5,g
7228,Carbohydrates,13.3,g
7228,Fiber,2.3,g
7228,Fat,5.5,g
7228,Cholesterol,7.5,mg
7228,Sodium,28.6,mg
7229,Energy,465,cal
7229,Protein,12.6,g
7229,Carbohydrates,40.2,g
7229,Fiber,10.7,g
7229,Fat,28.2,g
7229,Cholesterol,0,mg
7229,Sodium,44.6,mg
7231,Energy,95,cal
7231,Protein,3.8,g
7231,Carbohydrates,10.8,g
7231,Fiber,3.8,g
7231,Fat,4.1,g
7231,Cholesterol,0,mg
7231,Sodium,35.9,mg
7232,Energy,95,cal
7232,Protein,3.8,g
7232,Carbohydrates,10.8,g
7232,Fiber,3.8,g
7232,Fat,4.1,g
7232,Cholesterol,0,mg
7232,Sodium,35.9,mg
7233,Energy,95,cal
7233,Protein,3.8,g
7233,Carbohydrates,10.8,g
7233,Fiber,3.8,g
7233,Fat,4.1,g
7233,Cholesterol,0,mg
7233,Sodium,35.9,mg
7234,Energy,95,cal
7234,Protein,3.8,g
7234,Carbohydrates,10.8,g
7234,Fiber,3.8,g
7234,Fat,4.1,g
7234,Cholesterol,0,mg
7234,Sodium,35.9,mg
7235,Energy,95,cal
7235,Protein,3.8,g
7235,Carbohydrates,10.8,g
7235,Fiber,3.8,g
7235,Fat,4.1,g
7235,Cholesterol,0,mg
7235,Sodium,35.9,mg
7236,Energy,95,cal
7236,Protein,3.8,g
7236,Carbohydrates,10.8,g
7236,Fiber,3.8,g
7236,Fat,4.1,g
7236,Cholesterol,0,mg
7236,Sodium,35.9,mg
7237,Energy,17,cal
7237,Protein,0.5,g
7237,Carbohydrates,1.4,g
7237,Fiber,0.6,g
7237,Fat,1,g
7237,Cholesterol,0.1,mg
7237,Sodium,12.4,mg
7238,Energy,17,cal
7238,Protein,0.5,g
7238,Carbohydrates,1.4,g
7238,Fiber,0.6,g
7238,Fat,1,g
7238,Cholesterol,0.1,mg
7238,Sodium,12.4,mg
7239,Energy,17,cal
7239,Protein,0.5,g
7239,Carbohydrates,1.4,g
7239,Fiber,0.6,g
7239,Fat,1,g
7239,Cholesterol,0.1,mg
7239,Sodium,12.4,mg
7240,Energy,340,cal
7240,Protein,11.7,g
7240,Carbohydrates,16.2,g
7240,Fiber,1.5,g
7240,Fat,22.3,g
7240,Cholesterol,0,mg
7240,Vitamin A,905.1,mcg
7240,Vitamin B1,0.2,mg
7240,Vitamin B2,-0.1,mg
7240,Vitamin B3,0.1,mg
7240,Vitamin C,92.5,mg
7240,Folic Acid,7.5,mcg
7240,Calcium,444.8,mg
7240,Iron,0.9,mg
7240,Magnesium,0,mg
7240,Phosphorus,0,mg
7240,Sodium,92.4,mg
7240,Potassium,131.8,mg
7240,Zinc,0.1,mg
7241,Energy,340,cal
7241,Protein,11.7,g
7241,Carbohydrates,16.2,g
7241,Fiber,1.5,g
7241,Fat,22.3,g
7241,Cholesterol,0,mg
7241,Vitamin A,905.1,mcg
7241,Vitamin B1,0.2,mg
7241,Vitamin B2,-0.1,mg
7241,Vitamin B3,0.1,mg
7241,Vitamin C,92.5,mg
7241,Folic Acid,7.5,mcg
7241,Calcium,444.8,mg
7241,Iron,0.9,mg
7241,Magnesium,0,mg
7241,Phosphorus,0,mg
7241,Sodium,92.4,mg
7241,Potassium,131.8,mg
7241,Zinc,0.1,mg
7242,Energy,340,cal
7242,Protein,11.7,g
7242,Carbohydrates,16.2,g
7242,Fiber,1.5,g
7242,Fat,22.3,g
7242,Cholesterol,0,mg
7242,Vitamin A,905.1,mcg
7242,Vitamin B1,0.2,mg
7242,Vitamin B2,-0.1,mg
7242,Vitamin B3,0.1,mg
7242,Vitamin C,92.5,mg
7242,Folic Acid,7.5,mcg
7242,Calcium,444.8,mg
7242,Iron,0.9,mg
7242,Magnesium,0,mg
7242,Phosphorus,0,mg
7242,Sodium,92.4,mg
7242,Potassium,131.8,mg
7242,Zinc,0.1,mg
7243,Energy,43,cal
7243,Protein,2.5,g
7243,Carbohydrates,7.9,g
7243,Fiber,1.8,g
7243,Fat,0.2,g
7243,Cholesterol,0,mg
7243,Sodium,22.8,mg
7244,Energy,43,cal
7244,Protein,2.5,g
7244,Carbohydrates,7.9,g
7244,Fiber,1.8,g
7244,Fat,0.2,g
7244,Cholesterol,0,mg
7244,Sodium,22.8,mg
7245,Energy,43,cal
7245,Protein,2.5,g
7245,Carbohydrates,7.9,g
7245,Fiber,1.8,g
7245,Fat,0.2,g
7245,Cholesterol,0,mg
7245,Sodium,22.8,mg
7246,Energy,43,cal
7246,Protein,2.5,g
7246,Carbohydrates,7.9,g
7246,Fiber,1.8,g
7246,Fat,0.2,g
7246,Cholesterol,0,mg
7246,Sodium,22.8,mg
7247,Energy,43,cal
7247,Protein,2.5,g
7247,Carbohydrates,7.9,g
7247,Fiber,1.8,g
7247,Fat,0.2,g
7247,Cholesterol,0,mg
7247,Sodium,22.8,mg
7248,Energy,43,cal
7248,Protein,2.5,g
7248,Carbohydrates,7.9,g
7248,Fiber,1.8,g
7248,Fat,0.2,g
7248,Cholesterol,0,mg
7248,Sodium,22.8,mg
7249,Energy,43,cal
7249,Protein,2.5,g
7249,Carbohydrates,7.9,g
7249,Fiber,1.8,g
7249,Fat,0.2,g
7249,Cholesterol,0,mg
7249,Sodium,22.8,mg
7250,Energy,43,cal
7250,Protein,2.5,g
7250,Carbohydrates,7.9,g
7250,Fiber,1.8,g
7250,Fat,0.2,g
7250,Cholesterol,0,mg
7250,Sodium,22.8,mg
7254,Energy,24,kcal.
7254,Protein,0.6,gm.
7254,Carbohydrates,3.8,gm.
7254,Fat,0.7,gm.
7254,Sodium,32.6,mg.
7254,Fibre,0.4,gm.
7255,Energy,24,kcal.
7255,Protein,0.6,gm.
7255,Carbohydrates,3.8,gm.
7255,Fat,0.7,gm.
7255,Sodium,32.6,mg.
7255,Fibre,0.4,gm.
7256,Energy,24,kcal.
7256,Protein,0.6,gm.
7256,Carbohydrates,3.8,gm.
7256,Fat,0.7,gm.
7256,Sodium,32.6,mg.
7256,Fibre,0.4,gm.
7257,Energy,24,kcal.
7257,Protein,0.6,gm.
7257,Carbohydrates,3.8,gm.
7257,Fat,0.7,gm.
7257,Sodium,32.6,mg.
7257,Fibre,0.4,gm.
7258,Energy,24,kcal.
7258,Protein,0.6,gm.
7258,Carbohydrates,3.8,gm.
7258,Fat,0.7,gm.
7258,Sodium,32.6,mg.
7258,Fibre,0.4,gm.
7259,Energy,24,kcal.
7259,Protein,0.6,gm.
7259,Carbohydrates,3.8,gm.
7259,Fat,0.7,gm.
7259,Sodium,32.6,mg.
7259,Fibre,0.4,gm.
7260,Energy,24,kcal.
7260,Protein,0.6,gm.
7260,Carbohydrates,3.8,gm.
7260,Fat,0.7,gm.
7260,Sodium,32.6,mg.
7260,Fibre,0.4,gm.
7265,Energy,122,cal
7265,Protein,4.5,g
7265,Carbohydrates,4.1,g
7265,Fiber,0.4,g
7265,Fat,9.3,g
7265,Cholesterol,6.5,mg
7265,Sodium,61.6,mg
7266,Energy,122,cal
7266,Protein,4.5,g
7266,Carbohydrates,4.1,g
7266,Fiber,0.4,g
7266,Fat,9.3,g
7266,Cholesterol,6.5,mg
7266,Sodium,61.6,mg
7267,Energy,122,cal
7267,Protein,4.5,g
7267,Carbohydrates,4.1,g
7267,Fiber,0.4,g
7267,Fat,9.3,g
7267,Cholesterol,6.5,mg
7267,Sodium,61.6,mg
7268,Energy,156,cal
7268,Protein,0.1,g
7268,Carbohydrates,5.2,g
7268,Fiber,0.1,g
7268,Fat,15,g
7268,Cholesterol,0,mg
7268,Vitamin A,342.5,mcg
7268,Vitamin B1,0,mg
7268,Vitamin B2,0,mg
7268,Vitamin B3,0,mg
7268,Vitamin C,4,mg
7268,Folic Acid,0,mcg
7268,Calcium,5.5,mg
7268,Iron,0,mg
7268,Magnesium,0,mg
7268,Phosphorus,0,mg
7268,Sodium,1.7,mg
7268,Potassium,7.7,mg
7268,Zinc,0,mg
7269,Energy,20,cal
7269,Protein,1.3,g
7269,Carbohydrates,3.6,g
7269,Fiber,0.1,g
7269,Fat,0.1,g
7269,Cholesterol,0,mg
7269,Sodium,34.8,mg
7270,Energy,20,cal
7270,Protein,1.3,g
7270,Carbohydrates,3.6,g
7270,Fiber,0.1,g
7270,Fat,0.1,g
7270,Cholesterol,0,mg
7270,Sodium,34.8,mg
7271,Energy,20,cal
7271,Protein,1.3,g
7271,Carbohydrates,3.6,g
7271,Fiber,0.1,g
7271,Fat,0.1,g
7271,Cholesterol,0,mg
7271,Sodium,34.8,mg
7272,Energy,20,cal
7272,Protein,1.3,g
7272,Carbohydrates,3.6,g
7272,Fiber,0.1,g
7272,Fat,0.1,g
7272,Cholesterol,0,mg
7272,Sodium,34.8,mg
7273,Energy,20,cal
7273,Protein,1.3,g
7273,Carbohydrates,3.6,g
7273,Fiber,0.1,g
7273,Fat,0.1,g
7273,Cholesterol,0,mg
7273,Sodium,34.8,mg
7274,Energy,20,cal
7274,Protein,1.3,g
7274,Carbohydrates,3.6,g
7274,Fiber,0.1,g
7274,Fat,0.1,g
7274,Cholesterol,0,mg
7274,Sodium,34.8,mg
7275,Energy,20,cal
7275,Protein,1.3,g
7275,Carbohydrates,3.6,g
7275,Fiber,0.1,g
7275,Fat,0.1,g
7275,Cholesterol,0,mg
7275,Sodium,34.8,mg
7276,Energy,13,cal
7276,Protein,0.4,g
7276,Carbohydrates,2,g
7276,Fiber,0.4,g
7276,Fat,0.4,g
7276,Cholesterol,0,mg
7276,Sodium,1.8,mg
7277,Energy,13,cal
7277,Protein,0.4,g
7277,Carbohydrates,2,g
7277,Fiber,0.4,g
7277,Fat,0.4,g
7277,Cholesterol,0,mg
7277,Sodium,1.8,mg
7278,Energy,13,cal
7278,Protein,0.4,g
7278,Carbohydrates,2,g
7278,Fiber,0.4,g
7278,Fat,0.4,g
7278,Cholesterol,0,mg
7278,Sodium,1.8,mg
7279,Energy,13,cal
7279,Protein,0.4,g
7279,Carbohydrates,2,g
7279,Fiber,0.4,g
7279,Fat,0.4,g
7279,Cholesterol,0,mg
7279,Sodium,1.8,mg
7280,Energy,13,cal
7280,Protein,0.4,g
7280,Carbohydrates,2,g
7280,Fiber,0.4,g
7280,Fat,0.4,g
7280,Cholesterol,0,mg
7280,Sodium,1.8,mg
7281,Energy,13,cal
7281,Protein,0.4,g
7281,Carbohydrates,2,g
7281,Fiber,0.4,g
7281,Fat,0.4,g
7281,Cholesterol,0,mg
7281,Sodium,1.8,mg
7282,Energy,13,cal
7282,Protein,0.4,g
7282,Carbohydrates,2,g
7282,Fiber,0.4,g
7282,Fat,0.4,g
7282,Cholesterol,0,mg
7282,Sodium,1.8,mg
7291,Energy,103,cal
7291,Protein,2.3,g
7291,Carbohydrates,14.5,g
7291,Fiber,2.3,g
7291,Fat,3.4,g
7291,Cholesterol,7.5,mg
7291,Sodium,48.4,mg
7292,Energy,103,cal
7292,Protein,2.3,g
7292,Carbohydrates,14.5,g
7292,Fiber,2.3,g
7292,Fat,3.4,g
7292,Cholesterol,7.5,mg
7292,Sodium,48.4,mg
7293,Energy,103,cal
7293,Protein,2.3,g
7293,Carbohydrates,14.5,g
7293,Fiber,2.3,g
7293,Fat,3.4,g
7293,Cholesterol,7.5,mg
7293,Sodium,48.4,mg
7294,Energy,103,cal
7294,Protein,2.3,g
7294,Carbohydrates,14.5,g
7294,Fiber,2.3,g
7294,Fat,3.4,g
7294,Cholesterol,7.5,mg
7294,Sodium,48.4,mg
7295,Energy,103,cal
7295,Protein,2.3,g
7295,Carbohydrates,14.5,g
7295,Fiber,2.3,g
7295,Fat,3.4,g
7295,Cholesterol,7.5,mg
7295,Sodium,48.4,mg
7296,Energy,103,cal
7296,Protein,2.3,g
7296,Carbohydrates,14.5,g
7296,Fiber,2.3,g
7296,Fat,3.4,g
7296,Cholesterol,7.5,mg
7296,Sodium,48.4,mg
7297,Energy,103,cal
7297,Protein,2.3,g
7297,Carbohydrates,14.5,g
7297,Fiber,2.3,g
7297,Fat,3.4,g
7297,Cholesterol,7.5,mg
7297,Sodium,48.4,mg
7298,Energy,103,cal
7298,Protein,2.3,g
7298,Carbohydrates,14.5,g
7298,Fiber,2.3,g
7298,Fat,3.4,g
7298,Cholesterol,7.5,mg
7298,Sodium,48.4,mg
7299,Energy,103,cal
7299,Protein,2.3,g
7299,Carbohydrates,14.5,g
7299,Fiber,2.3,g
7299,Fat,3.4,g
7299,Cholesterol,7.5,mg
7299,Sodium,48.4,mg
7300,Energy,103,cal
7300,Protein,2.3,g
7300,Carbohydrates,14.5,g
7300,Fiber,2.3,g
7300,Fat,3.4,g
7300,Cholesterol,7.5,mg
7300,Sodium,48.4,mg
7301,Energy,103,cal
7301,Protein,2.3,g
7301,Carbohydrates,14.5,g
7301,Fiber,2.3,g
7301,Fat,3.4,g
7301,Cholesterol,7.5,mg
7301,Sodium,48.4,mg
7302,Energy,103,cal
7302,Protein,2.3,g
7302,Carbohydrates,14.5,g
7302,Fiber,2.3,g
7302,Fat,3.4,g
7302,Cholesterol,7.5,mg
7302,Sodium,48.4,mg
7304,Energy,266,cal
7304,Protein,4,g
7304,Carbohydrates,21.8,g
7304,Fiber,1.5,g
7304,Fat,17.1,g
7304,Cholesterol,0,mg
7304,Vitamin A,331.4,mcg
7304,Vitamin B1,0.1,mg
7304,Vitamin B2,0.1,mg
7304,Vitamin B3,1.7,mg
7304,Vitamin C,14,mg
7304,Folic Acid,19.1,mcg
7304,Calcium,117.3,mg
7304,Iron,0.8,mg
7304,Magnesium,0,mg
7304,Phosphorus,0,mg
7304,Sodium,55.6,mg
7304,Potassium,300.9,mg
7304,Zinc,0.6,mg
7305,Energy,266,cal
7305,Protein,4,g
7305,Carbohydrates,21.8,g
7305,Fiber,1.5,g
7305,Fat,17.1,g
7305,Cholesterol,0,mg
7305,Vitamin A,331.4,mcg
7305,Vitamin B1,0.1,mg
7305,Vitamin B2,0.1,mg
7305,Vitamin B3,1.7,mg
7305,Vitamin C,14,mg
7305,Folic Acid,19.1,mcg
7305,Calcium,117.3,mg
7305,Iron,0.8,mg
7305,Magnesium,0,mg
7305,Phosphorus,0,mg
7305,Sodium,55.6,mg
7305,Potassium,300.9,mg
7305,Zinc,0.6,mg
7306,Energy,266,cal
7306,Protein,4,g
7306,Carbohydrates,21.8,g
7306,Fiber,1.5,g
7306,Fat,17.1,g
7306,Cholesterol,0,mg
7306,Vitamin A,331.4,mcg
7306,Vitamin B1,0.1,mg
7306,Vitamin B2,0.1,mg
7306,Vitamin B3,1.7,mg
7306,Vitamin C,14,mg
7306,Folic Acid,19.1,mcg
7306,Calcium,117.3,mg
7306,Iron,0.8,mg
7306,Magnesium,0,mg
7306,Phosphorus,0,mg
7306,Sodium,55.6,mg
7306,Potassium,300.9,mg
7306,Zinc,0.6,mg
7307,Energy,78,cal
7307,Protein,0.7,g
7307,Carbohydrates,7,g
7307,Fiber,1.8,g
7307,Fat,5.2,g
7307,Cholesterol,0,mg
7307,Vitamin A,207.8,mcg
7307,Vitamin B1,0,mg
7307,Vitamin B2,0,mg
7307,Vitamin B3,0.1,mg
7307,Vitamin C,4.3,mg
7307,Folic Acid,1.7,mcg
7307,Calcium,6.9,mg
7307,Iron,0.3,mg
7307,Magnesium,0,mg
7307,Phosphorus,0,mg
7307,Sodium,1.9,mg
7307,Potassium,10.1,mg
7307,Zinc,0,mg
7308,Energy,78,cal
7308,Protein,0.7,g
7308,Carbohydrates,7,g
7308,Fiber,1.8,g
7308,Fat,5.2,g
7308,Cholesterol,0,mg
7308,Vitamin A,207.8,mcg
7308,Vitamin B1,0,mg
7308,Vitamin B2,0,mg
7308,Vitamin B3,0.1,mg
7308,Vitamin C,4.3,mg
7308,Folic Acid,1.7,mcg
7308,Calcium,6.9,mg
7308,Iron,0.3,mg
7308,Magnesium,0,mg
7308,Phosphorus,0,mg
7308,Sodium,1.9,mg
7308,Potassium,10.1,mg
7308,Zinc,0,mg
7309,Energy,78,cal
7309,Protein,0.7,g
7309,Carbohydrates,7,g
7309,Fiber,1.8,g
7309,Fat,5.2,g
7309,Cholesterol,0,mg
7309,Vitamin A,207.8,mcg
7309,Vitamin B1,0,mg
7309,Vitamin B2,0,mg
7309,Vitamin B3,0.1,mg
7309,Vitamin C,4.3,mg
7309,Folic Acid,1.7,mcg
7309,Calcium,6.9,mg
7309,Iron,0.3,mg
7309,Magnesium,0,mg
7309,Phosphorus,0,mg
7309,Sodium,1.9,mg
7309,Potassium,10.1,mg
7309,Zinc,0,mg
7310,Energy,78,cal
7310,Protein,0.7,g
7310,Carbohydrates,7,g
7310,Fiber,1.8,g
7310,Fat,5.2,g
7310,Cholesterol,0,mg
7310,Vitamin A,207.8,mcg
7310,Vitamin B1,0,mg
7310,Vitamin B2,0,mg
7310,Vitamin B3,0.1,mg
7310,Vitamin C,4.3,mg
7310,Folic Acid,1.7,mcg
7310,Calcium,6.9,mg
7310,Iron,0.3,mg
7310,Magnesium,0,mg
7310,Phosphorus,0,mg
7310,Sodium,1.9,mg
7310,Potassium,10.1,mg
7310,Zinc,0,mg
7311,Energy,78,cal
7311,Protein,0.7,g
7311,Carbohydrates,7,g
7311,Fiber,1.8,g
7311,Fat,5.2,g
7311,Cholesterol,0,mg
7311,Vitamin A,207.8,mcg
7311,Vitamin B1,0,mg
7311,Vitamin B2,0,mg
7311,Vitamin B3,0.1,mg
7311,Vitamin C,4.3,mg
7311,Folic Acid,1.7,mcg
7311,Calcium,6.9,mg
7311,Iron,0.3,mg
7311,Magnesium,0,mg
7311,Phosphorus,0,mg
7311,Sodium,1.9,mg
7311,Potassium,10.1,mg
7311,Zinc,0,mg
7312,Energy,78,cal
7312,Protein,0.7,g
7312,Carbohydrates,7,g
7312,Fiber,1.8,g
7312,Fat,5.2,g
7312,Cholesterol,0,mg
7312,Vitamin A,207.8,mcg
7312,Vitamin B1,0,mg
7312,Vitamin B2,0,mg
7312,Vitamin B3,0.1,mg
7312,Vitamin C,4.3,mg
7312,Folic Acid,1.7,mcg
7312,Calcium,6.9,mg
7312,Iron,0.3,mg
7312,Magnesium,0,mg
7312,Phosphorus,0,mg
7312,Sodium,1.9,mg
7312,Potassium,10.1,mg
7312,Zinc,0,mg
7313,Energy,78,cal
7313,Protein,0.7,g
7313,Carbohydrates,7,g
7313,Fiber,1.8,g
7313,Fat,5.2,g
7313,Cholesterol,0,mg
7313,Vitamin A,207.8,mcg
7313,Vitamin B1,0,mg
7313,Vitamin B2,0,mg
7313,Vitamin B3,0.1,mg
7313,Vitamin C,4.3,mg
7313,Folic Acid,1.7,mcg
7313,Calcium,6.9,mg
7313,Iron,0.3,mg
7313,Magnesium,0,mg
7313,Phosphorus,0,mg
7313,Sodium,1.9,mg
7313,Potassium,10.1,mg
7313,Zinc,0,mg
7314,Energy,78,cal
7314,Protein,0.7,g
7314,Carbohydrates,7,g
7314,Fiber,1.8,g
7314,Fat,5.2,g
7314,Cholesterol,0,mg
7314,Vitamin A,207.8,mcg
7314,Vitamin B1,0,mg
7314,Vitamin B2,0,mg
7314,Vitamin B3,0.1,mg
7314,Vitamin C,4.3,mg
7314,Folic Acid,1.7,mcg
7314,Calcium,6.9,mg
7314,Iron,0.3,mg
7314,Magnesium,0,mg
7314,Phosphorus,0,mg
7314,Sodium,1.9,mg
7314,Potassium,10.1,mg
7314,Zinc,0,mg
7315,Energy,78,cal
7315,Protein,0.7,g
7315,Carbohydrates,7,g
7315,Fiber,1.8,g
7315,Fat,5.2,g
7315,Cholesterol,0,mg
7315,Vitamin A,207.8,mcg
7315,Vitamin B1,0,mg
7315,Vitamin B2,0,mg
7315,Vitamin B3,0.1,mg
7315,Vitamin C,4.3,mg
7315,Folic Acid,1.7,mcg
7315,Calcium,6.9,mg
7315,Iron,0.3,mg
7315,Magnesium,0,mg
7315,Phosphorus,0,mg
7315,Sodium,1.9,mg
7315,Potassium,10.1,mg
7315,Zinc,0,mg
7316,Energy,78,cal
7316,Protein,0.7,g
7316,Carbohydrates,7,g
7316,Fiber,1.8,g
7316,Fat,5.2,g
7316,Cholesterol,0,mg
7316,Vitamin A,207.8,mcg
7316,Vitamin B1,0,mg
7316,Vitamin B2,0,mg
7316,Vitamin B3,0.1,mg
7316,Vitamin C,4.3,mg
7316,Folic Acid,1.7,mcg
7316,Calcium,6.9,mg
7316,Iron,0.3,mg
7316,Magnesium,0,mg
7316,Phosphorus,0,mg
7316,Sodium,1.9,mg
7316,Potassium,10.1,mg
7316,Zinc,0,mg
7317,Energy,78,cal
7317,Protein,0.7,g
7317,Carbohydrates,7,g
7317,Fiber,1.8,g
7317,Fat,5.2,g
7317,Cholesterol,0,mg
7317,Vitamin A,207.8,mcg
7317,Vitamin B1,0,mg
7317,Vitamin B2,0,mg
7317,Vitamin B3,0.1,mg
7317,Vitamin C,4.3,mg
7317,Folic Acid,1.7,mcg
7317,Calcium,6.9,mg
7317,Iron,0.3,mg
7317,Magnesium,0,mg
7317,Phosphorus,0,mg
7317,Sodium,1.9,mg
7317,Potassium,10.1,mg
7317,Zinc,0,mg
7318,Energy,78,cal
7318,Protein,0.7,g
7318,Carbohydrates,7,g
7318,Fiber,1.8,g
7318,Fat,5.2,g
7318,Cholesterol,0,mg
7318,Vitamin A,207.8,mcg
7318,Vitamin B1,0,mg
7318,Vitamin B2,0,mg
7318,Vitamin B3,0.1,mg
7318,Vitamin C,4.3,mg
7318,Folic Acid,1.7,mcg
7318,Calcium,6.9,mg
7318,Iron,0.3,mg
7318,Magnesium,0,mg
7318,Phosphorus,0,mg
7318,Sodium,1.9,mg
7318,Potassium,10.1,mg
7318,Zinc,0,mg
7319,Energy,78,cal
7319,Protein,0.7,g
7319,Carbohydrates,7,g
7319,Fiber,1.8,g
7319,Fat,5.2,g
7319,Cholesterol,0,mg
7319,Vitamin A,207.8,mcg
7319,Vitamin B1,0,mg
7319,Vitamin B2,0,mg
7319,Vitamin B3,0.1,mg
7319,Vitamin C,4.3,mg
7319,Folic Acid,1.7,mcg
7319,Calcium,6.9,mg
7319,Iron,0.3,mg
7319,Magnesium,0,mg
7319,Phosphorus,0,mg
7319,Sodium,1.9,mg
7319,Potassium,10.1,mg
7319,Zinc,0,mg
7320,Energy,300,cal
7320,Protein,5.5,g
7320,Carbohydrates,27.2,g
7320,Fiber,3.5,g
7320,Fat,18.8,g
7320,Cholesterol,0,mg
7320,Sodium,21,mg
7327,Energy,214,cal
7327,Protein,4.3,g
7327,Carbohydrates,18.5,g
7327,Fiber,5.1,g
7327,Fat,13.9,g
7327,Cholesterol,0,mg
7327,Sodium,25,mg
7328,Energy,89,cal
7328,Protein,6.5,g
7328,Carbohydrates,7.2,g
7328,Fiber,4,g
7328,Fat,3.4,g
7328,Cholesterol,2.4,mg
7328,Sodium,12.1,mg
7329,Energy,89,cal
7329,Protein,6.5,g
7329,Carbohydrates,7.2,g
7329,Fiber,4,g
7329,Fat,3.4,g
7329,Cholesterol,2.4,mg
7329,Sodium,12.1,mg
7330,Energy,89,cal
7330,Protein,6.5,g
7330,Carbohydrates,7.2,g
7330,Fiber,4,g
7330,Fat,3.4,g
7330,Cholesterol,2.4,mg
7330,Sodium,12.1,mg
7331,Energy,194,cal
7331,Protein,10.6,g
7331,Carbohydrates,28.1,g
7331,Fiber,5.5,g
7331,Fat,4.3,g
7331,Cholesterol,0,mg
7331,Sodium,19,mg
7332,Energy,162,cal
7332,Protein,9.3,g
7332,Carbohydrates,24.4,g
7332,Fiber,4.5,g
7332,Fat,3,g
7332,Cholesterol,0,mg
7332,Sodium,14.8,mg
7333,Energy,83,cal
7333,Protein,1.9,g
7333,Carbohydrates,10.1,g
7333,Fiber,2.3,g
7333,Fat,3.9,g
7333,Cholesterol,0,mg
7333,Sodium,13,mg
7334,Energy,270,cal
7334,Protein,5.1,g
7334,Carbohydrates,18.2,g
7334,Fiber,5.8,g
7334,Fat,19,g
7334,Cholesterol,0,mg
7334,Vitamin A,469.5,mcg
7334,Vitamin B1,0.1,mg
7334,Vitamin B2,0.1,mg
7334,Vitamin B3,0.9,mg
7334,Vitamin C,23.2,mg
7334,Folic Acid,35,mcg
7334,Calcium,143.4,mg
7334,Iron,2.7,mg
7334,Magnesium,0,mg
7334,Phosphorus,0,mg
7334,Sodium,24.8,mg
7334,Potassium,290.3,mg
7334,Zinc,0.6,mg
7335,Energy,140,cal
7335,Protein,2.1,g
7335,Carbohydrates,6,g
7335,Fiber,3.1,g
7335,Fat,11.5,g
7335,Cholesterol,0,mg
7335,Vitamin A,182.6,mcg
7335,Vitamin B1,0.1,mg
7335,Vitamin B2,0.1,mg
7335,Vitamin B3,0.5,mg
7335,Vitamin C,9.9,mg
7335,Folic Acid,18.5,mcg
7335,Calcium,63.4,mg
7335,Iron,0.7,mg
7335,Magnesium,0,mg
7335,Phosphorus,0,mg
7335,Sodium,8.4,mg
7335,Potassium,75.4,mg
7335,Zinc,0,mg
7336,Energy,113,cal
7336,Protein,6.2,g
7336,Carbohydrates,20.4,g
7336,Fiber,2.7,g
7336,Fat,0.7,g
7336,Cholesterol,0.2,mg
7336,Sodium,64.2,mg
7337,Energy,88,cal
7337,Protein,4.3,g
7337,Carbohydrates,13.8,g
7337,Fiber,2.7,g
7337,Fat,1.8,g
7337,Cholesterol,0,mg
7337,Sodium,38.5,mg
7338,Energy,391,cal
7338,Protein,11.4,g
7338,Carbohydrates,16.8,g
7338,Fiber,1.5,g
7338,Fat,31.7,g
7338,Cholesterol,0,mg
7338,Sodium,3.6,mg
7339,Energy,391,cal
7339,Protein,11.4,g
7339,Carbohydrates,16.8,g
7339,Fiber,1.5,g
7339,Fat,31.7,g
7339,Cholesterol,0,mg
7339,Sodium,3.6,mg
7340,Energy,391,cal
7340,Protein,11.4,g
7340,Carbohydrates,16.8,g
7340,Fiber,1.5,g
7340,Fat,31.7,g
7340,Cholesterol,0,mg
7340,Sodium,3.6,mg
7341,Energy,391,cal
7341,Protein,11.4,g
7341,Carbohydrates,16.8,g
7341,Fiber,1.5,g
7341,Fat,31.7,g
7341,Cholesterol,0,mg
7341,Sodium,3.6,mg
7342,Energy,391,cal
7342,Protein,11.4,g
7342,Carbohydrates,16.8,g
7342,Fiber,1.5,g
7342,Fat,31.7,g
7342,Cholesterol,0,mg
7342,Sodium,3.6,mg
7343,Energy,391,cal
7343,Protein,11.4,g
7343,Carbohydrates,16.8,g
7343,Fiber,1.5,g
7343,Fat,31.7,g
7343,Cholesterol,0,mg
7343,Sodium,3.6,mg
7344,Energy,53,cal
7344,Protein,0,g
7344,Carbohydrates,13.2,g
7344,Fiber,0,g
7344,Fat,0,g
7344,Cholesterol,0,mg
7344,Sodium,0,mg
7345,Energy,53,cal
7345,Protein,0,g
7345,Carbohydrates,13.2,g
7345,Fiber,0,g
7345,Fat,0,g
7345,Cholesterol,0,mg
7345,Sodium,0,mg
7346,Energy,85,cal
7346,Protein,1.7,g
7346,Carbohydrates,8.5,g
7346,Fiber,1.9,g
7346,Fat,4.8,g
7346,Cholesterol,0,mg
7346,Sodium,0,mg
7347,Energy,109,cal
7347,Protein,0.2,g
7347,Carbohydrates,26,g
7347,Fiber,0.1,g
7347,Fat,0.3,g
7347,Cholesterol,0,mg
7347,Sodium,0.1,mg
7348,Energy,109,cal
7348,Protein,0.2,g
7348,Carbohydrates,26,g
7348,Fiber,0.1,g
7348,Fat,0.3,g
7348,Cholesterol,0,mg
7348,Sodium,0.1,mg
7350,Energy,90,cal
7350,Protein,5.4,g
7350,Carbohydrates,16.3,g
7350,Fiber,1.7,g
7350,Fat,0.5,g
7350,Cholesterol,0,mg
7350,Sodium,63.3,mg
7351,Energy,36,cal
7351,Protein,0.3,g
7351,Carbohydrates,1.9,g
7351,Fiber,0,g
7351,Fat,3,g
7351,Cholesterol,0,mg
7351,Sodium,0.2,mg
7353,Energy,204,cal
7353,Protein,7,g
7353,Carbohydrates,31.2,g
7353,Fiber,4,g
7353,Fat,6,g
7353,Cholesterol,0,mg
7353,Sodium,20.7,mg
7354,Energy,229,cal
7354,Protein,13.9,g
7354,Carbohydrates,33.3,g
7354,Fiber,9.8,g
7354,Fat,4.6,g
7354,Cholesterol,0,mg
7354,Sodium,17.1,mg
7355,Energy,224,cal
7355,Protein,1.1,g
7355,Carbohydrates,5.8,g
7355,Fiber,3.5,g
7355,Fat,21.8,g
7355,Cholesterol,0,mg
7355,Vitamin A,234.1,mcg
7355,Vitamin B1,0,mg
7355,Vitamin B2,0.1,mg
7355,Vitamin B3,0.6,mg
7355,Vitamin C,10,mg
7355,Folic Acid,20,mcg
7355,Calcium,25.1,mg
7355,Iron,0.4,mg
7355,Magnesium,0,mg
7355,Phosphorus,0,mg
7355,Sodium,2.9,mg
7355,Potassium,148.2,mg
7355,Zinc,0.2,mg
7356,Energy,140,cal
7356,Protein,1.1,g
7356,Carbohydrates,17.2,g
7356,Fiber,1.2,g
7356,Fat,7.5,g
7356,Cholesterol,0,mg
7356,Sodium,8,mg
7357,Energy,157,cal
7357,Protein,2.5,g
7357,Carbohydrates,14.2,g
7357,Fiber,2.9,g
7357,Fat,10.1,g
7357,Cholesterol,0,mg
7357,Sodium,8,mg
7358,Energy,157,cal
7358,Protein,2.5,g
7358,Carbohydrates,14.2,g
7358,Fiber,2.9,g
7358,Fat,10.1,g
7358,Cholesterol,0,mg
7358,Sodium,8,mg
7359,Energy,48,cal
7359,Protein,1,g
7359,Carbohydrates,5.1,g
7359,Fiber,2.8,g
7359,Fat,2.6,g
7359,Cholesterol,0,mg
7359,Sodium,1.5,mg
7360,Energy,41,cal
7360,Protein,0.4,g
7360,Carbohydrates,1.1,g
7360,Fiber,0.4,g
7360,Fat,3.9,g
7360,Cholesterol,0,mg
7360,Sodium,0,mg
7361,Energy,274,cal
7361,Protein,3.9,g
7361,Carbohydrates,20.7,g
7361,Fiber,0.2,g
7361,Fat,19.5,g
7361,Cholesterol,0,mg
7361,Sodium,2.7,mg
7362,Energy,124,cal
7362,Protein,0.5,g
7362,Carbohydrates,31.7,g
7362,Fiber,1.7,g
7362,Fat,0.3,g
7362,Cholesterol,0,mg
7362,Sodium,1.9,mg
7363,Energy,52,cal
7363,Protein,0.9,g
7363,Carbohydrates,11.7,g
7363,Fiber,2.5,g
7363,Fat,0.2,g
7363,Cholesterol,0,mg
7363,Sodium,33.5,mg
7364,Energy,238,cal
7364,Protein,2.4,g
7364,Carbohydrates,22.2,g
7364,Fiber,5.2,g
7364,Fat,15.7,g
7364,Cholesterol,0,mg
7364,Sodium,53.2,mg
7365,Energy,238,cal
7365,Protein,2.4,g
7365,Carbohydrates,22.2,g
7365,Fiber,5.2,g
7365,Fat,15.7,g
7365,Cholesterol,0,mg
7365,Sodium,53.2,mg
7366,Energy,238,cal
7366,Protein,2.4,g
7366,Carbohydrates,22.2,g
7366,Fiber,5.2,g
7366,Fat,15.7,g
7366,Cholesterol,0,mg
7366,Sodium,53.2,mg
7367,Energy,82,cal
7367,Protein,1.4,g
7367,Carbohydrates,3.8,g
7367,Fiber,1.7,g
7367,Fat,6.8,g
7367,Cholesterol,0,mg
7367,Sodium,1488.8,mg
7368,Energy,121,cal
7368,Protein,1.4,g
7368,Carbohydrates,3.8,g
7368,Fiber,1.7,g
7368,Fat,11.1,g
7368,Cholesterol,0,mg
7368,Sodium,12.3,mg
7369,Energy,121,cal
7369,Protein,1.4,g
7369,Carbohydrates,3.8,g
7369,Fiber,1.7,g
7369,Fat,11.1,g
7369,Cholesterol,0,mg
7369,Sodium,12.3,mg
7370,Energy,533,cal
7370,Protein,24,g
7370,Carbohydrates,96,g
7370,Fiber,45.3,g
7370,Fat,5.3,g
7370,Cholesterol,0,mg
7370,Vitamin A,9360,mcg
7370,Vitamin B1,3.2,mg
7370,Vitamin B2,1.6,mg
7370,Vitamin B3,10.7,mg
7370,Vitamin C,720,mg
7370,Folic Acid,800,mcg
7370,Calcium,1280,mg
7370,Iron,17.1,mg
7370,Magnesium,0,mg
7370,Phosphorus,0,mg
7370,Sodium,344,mg
7370,Potassium,3893.3,mg
7370,Zinc,0,mg
7371,Energy,533,cal
7371,Protein,24,g
7371,Carbohydrates,96,g
7371,Fiber,45.3,g
7371,Fat,5.3,g
7371,Cholesterol,0,mg
7371,Vitamin A,9360,mcg
7371,Vitamin B1,3.2,mg
7371,Vitamin B2,1.6,mg
7371,Vitamin B3,10.7,mg
7371,Vitamin C,720,mg
7371,Folic Acid,800,mcg
7371,Calcium,1280,mg
7371,Iron,17.1,mg
7371,Magnesium,0,mg
7371,Phosphorus,0,mg
7371,Sodium,344,mg
7371,Potassium,3893.3,mg
7371,Zinc,0,mg
7372,Energy,533,cal
7372,Protein,24,g
7372,Carbohydrates,96,g
7372,Fiber,45.3,g
7372,Fat,5.3,g
7372,Cholesterol,0,mg
7372,Vitamin A,9360,mcg
7372,Vitamin B1,3.2,mg
7372,Vitamin B2,1.6,mg
7372,Vitamin B3,10.7,mg
7372,Vitamin C,720,mg
7372,Folic Acid,800,mcg
7372,Calcium,1280,mg
7372,Iron,17.1,mg
7372,Magnesium,0,mg
7372,Phosphorus,0,mg
7372,Sodium,344,mg
7372,Potassium,3893.3,mg
7372,Zinc,0,mg
7375,Energy,81,cal
7375,Protein,1.9,g
7375,Carbohydrates,13.8,g
7375,Fiber,0.1,g
7375,Fat,2,g
7375,Cholesterol,0,mg
7375,Sodium,179,mg
7376,Energy,331,cal
7376,Protein,8,g
7376,Carbohydrates,47.1,g
7376,Fiber,2.7,g
7376,Fat,11.8,g
7376,Cholesterol,0,mg
7376,Vitamin A,763.7,mcg
7376,Vitamin B1,0.1,mg
7376,Vitamin B2,0.1,mg
7376,Vitamin B3,1.2,mg
7376,Vitamin C,21.1,mg
7376,Folic Acid,21.5,mcg
7376,Calcium,171.2,mg
7376,Iron,1,mg
7376,Magnesium,0,mg
7376,Phosphorus,0,mg
7376,Sodium,84.5,mg
7376,Potassium,125.7,mg
7376,Zinc,0.8,mg
7377,Energy,14,cal
7377,Protein,0.3,g
7377,Carbohydrates,0.8,g
7377,Fiber,0.2,g
7377,Fat,1,g
7377,Cholesterol,0,mg
7377,Sodium,22.9,mg
7378,Energy,97,cal
7378,Protein,6.7,g
7378,Carbohydrates,0,g
7378,Fiber,0,g
7378,Fat,7.9,g
7378,Cholesterol,3.8,mg
7378,Sodium,12.4,mg
7379,Energy,97,cal
7379,Protein,6.7,g
7379,Carbohydrates,0,g
7379,Fiber,0,g
7379,Fat,7.9,g
7379,Cholesterol,3.8,mg
7379,Sodium,12.4,mg
7380,Energy,97,cal
7380,Protein,6.7,g
7380,Carbohydrates,0,g
7380,Fiber,0,g
7380,Fat,7.9,g
7380,Cholesterol,3.8,mg
7380,Sodium,12.4,mg
7381,Energy,133,cal
7381,Protein,2.5,g
7381,Carbohydrates,11,g
7381,Fiber,1.8,g
7381,Fat,8.7,g
7381,Cholesterol,0,mg
7381,Vitamin A,164.9,mcg
7381,Vitamin B1,0.1,mg
7381,Vitamin B2,0,mg
7381,Vitamin B3,0.4,mg
7381,Vitamin C,0.8,mg
7381,Folic Acid,16.5,mcg
7381,Calcium,21.5,mg
7381,Iron,0.9,mg
7381,Magnesium,0,mg
7381,Phosphorus,0,mg
7381,Sodium,9.8,mg
7381,Potassium,135.4,mg
7381,Zinc,0.3,mg
7383,Energy,89,cal
7383,Protein,3.3,g
7383,Carbohydrates,13.4,g
7383,Fiber,2.4,g
7383,Fat,2.5,g
7383,Cholesterol,0,mg
7383,Vitamin A,109.7,mcg
7383,Vitamin B1,0.1,mg
7383,Vitamin B2,0,mg
7383,Vitamin B3,0.5,mg
7383,Vitamin C,1.7,mg
7383,Folic Acid,22.3,mcg
7383,Calcium,26.1,mg
7383,Iron,1.1,mg
7383,Magnesium,0,mg
7383,Phosphorus,0,mg
7383,Sodium,12.4,mg
7383,Potassium,162.9,mg
7383,Zinc,0.4,mg
7384,Energy,83,cal
7384,Protein,2.6,g
7384,Carbohydrates,15.1,g
7384,Fiber,2.1,g
7384,Fat,1.8,g
7384,Cholesterol,0,mg
7384,Sodium,2.1,mg
7385,Energy,212,cal
7385,Protein,10.9,g
7385,Carbohydrates,32.1,g
7385,Fiber,8.2,g
7385,Fat,4.5,g
7385,Cholesterol,0,mg
7385,Sodium,40.4,mg
7386,Energy,212,cal
7386,Protein,3.2,g
7386,Carbohydrates,41.2,g
7386,Fiber,1.3,g
7386,Fat,3.3,g
7386,Cholesterol,0,mg
7386,Vitamin A,561.2,mcg
7386,Vitamin B1,0.1,mg
7386,Vitamin B2,0,mg
7386,Vitamin B3,1.3,mg
7386,Vitamin C,0,mg
7386,Folic Acid,2,mcg
7386,Calcium,19.4,mg
7386,Iron,1.5,mg
7386,Magnesium,0,mg
7386,Phosphorus,0,mg
7386,Sodium,0,mg
7386,Potassium,38.8,mg
7386,Zinc,0.4,mg
7387,Energy,189,cal
7387,Protein,3.2,g
7387,Carbohydrates,41.2,g
7387,Fiber,1.3,g
7387,Fat,0.8,g
7387,Cholesterol,0,mg
7387,Sodium,0,mg
7388,Energy,110,cal
7388,Protein,1.8,g
7388,Carbohydrates,18.4,g
7388,Fiber,1.1,g
7388,Fat,3.2,g
7388,Cholesterol,0,mg
7388,Sodium,1.9,mg
7389,Energy,188,cal
7389,Protein,3.1,g
7389,Carbohydrates,41,g
7389,Fiber,1.3,g
7389,Fat,0.7,g
7389,Cholesterol,0,mg
7389,Sodium,0,mg
7390,Energy,114,cal
7390,Protein,7.3,g
7390,Carbohydrates,17.8,g
7390,Fiber,3,g
7390,Fat,1.5,g
7390,Cholesterol,0,mg
7390,Sodium,2.3,mg
7391,Energy,70,cal
7391,Protein,4.9,g
7391,Carbohydrates,12.2,g
7391,Fiber,2,g
7391,Fat,0.1,g
7391,Cholesterol,0,mg
7391,Sodium,1.7,mg
7392,Energy,89,cal
7392,Protein,4.8,g
7392,Carbohydrates,12.4,g
7392,Fiber,1.6,g
7392,Fat,2.2,g
7392,Cholesterol,0,mg
7392,Sodium,5.5,mg
7393,Energy,87,cal
7393,Protein,4.8,g
7393,Carbohydrates,12.3,g
7393,Fiber,1.6,g
7393,Fat,2.1,g
7393,Cholesterol,0,mg
7393,Sodium,5.5,mg
7394,Energy,155,cal
7394,Protein,9.3,g
7394,Carbohydrates,22.8,g
7394,Fiber,3.1,g
7394,Fat,3,g
7394,Cholesterol,0,mg
7394,Sodium,10.3,mg
7395,Energy,115,cal
7395,Protein,5.2,g
7395,Carbohydrates,13,g
7395,Fiber,5,g
7395,Fat,4.7,g
7395,Cholesterol,0,mg
7395,Sodium,49.4,mg
7396,Energy,115,cal
7396,Protein,5.2,g
7396,Carbohydrates,13,g
7396,Fiber,5,g
7396,Fat,4.7,g
7396,Cholesterol,0,mg
7396,Sodium,49.4,mg
7397,Energy,174,cal
7397,Protein,2.2,g
7397,Carbohydrates,23.9,g
7397,Fiber,1.3,g
7397,Fat,7.7,g
7397,Cholesterol,0,mg
7397,Sodium,2.6,mg
7398,Energy,44,cal
7398,Protein,1.3,g
7398,Carbohydrates,8,g
7398,Fiber,1.7,g
7398,Fat,0.7,g
7398,Cholesterol,0,mg
7398,Sodium,6.4,mg
7399,Energy,67,cal
7399,Protein,1.5,g
7399,Carbohydrates,14.1,g
7399,Fiber,3.6,g
7399,Fat,0.8,g
7399,Cholesterol,0,mg
7399,Sodium,1.1,mg
7400,Energy,41,cal
7400,Protein,0,g
7400,Carbohydrates,10.2,g
7400,Fiber,0,g
7400,Fat,0,g
7400,Cholesterol,0,mg
7400,Sodium,0,mg
7401,Energy,129,cal
7401,Protein,0.3,g
7401,Carbohydrates,32.4,g
7401,Fiber,0,g
7401,Fat,0.1,g
7401,Cholesterol,0,mg
7401,Sodium,389.3,mg
7402,Energy,65,cal
7402,Protein,0.3,g
7402,Carbohydrates,15.3,g
7402,Fiber,0.5,g
7402,Fat,0.3,g
7402,Cholesterol,0,mg
7402,Sodium,1550.9,mg
7403,Energy,78,cal
7403,Protein,0.2,g
7403,Carbohydrates,18.5,g
7403,Fiber,0.3,g
7403,Fat,0.4,g
7403,Cholesterol,0,mg
7403,Sodium,74.3,mg
7404,Energy,52,cal
7404,Protein,0.3,g
7404,Carbohydrates,6.9,g
7404,Fiber,0,g
7404,Fat,2.8,g
7404,Cholesterol,0,mg
7404,Sodium,1.4,mg
7405,Energy,10,cal
7405,Protein,0.2,g
7405,Carbohydrates,2.4,g
7405,Fiber,0.2,g
7405,Fat,0,g
7405,Cholesterol,0,mg
7405,Sodium,25.5,mg
7409,Energy,103,cal
7409,Protein,0.4,g
7409,Carbohydrates,15.3,g
7409,Fiber,0.7,g
7409,Fat,4.4,g
7409,Cholesterol,0,mg
7409,Sodium,4.5,mg
7410,Energy,621,cal
7410,Protein,2.4,g
7410,Carbohydrates,150.8,g
7410,Fiber,5.3,g
7410,Fat,0.5,g
7410,Cholesterol,0,mg
7410,Vitamin A,1371.6,mcg
7410,Vitamin B1,0.3,mg
7410,Vitamin B2,0.1,mg
7410,Vitamin B3,1.1,mg
7410,Vitamin C,65.6,mg
7410,Folic Acid,76.2,mcg
7410,Calcium,137.6,mg
7410,Iron,1.8,mg
7410,Magnesium,0,mg
7410,Phosphorus,0,mg
7410,Sodium,40.9,mg
7410,Potassium,380.6,mg
7410,Zinc,0.1,mg
7411,Energy,149,cal
7411,Protein,5.2,g
7411,Carbohydrates,18.3,g
7411,Fiber,2.1,g
7411,Fat,7.7,g
7411,Cholesterol,0,mg
7411,Sodium,352.2,mg
7412,Energy,167,cal
7412,Protein,3.9,g
7412,Carbohydrates,21.4,g
7412,Fiber,3.8,g
7412,Fat,7.8,g
7412,Cholesterol,0,mg
7412,Vitamin A,308.6,mcg
7412,Vitamin B1,0.1,mg
7412,Vitamin B2,0.1,mg
7412,Vitamin B3,1,mg
7412,Vitamin C,23.1,mg
7412,Folic Acid,29.2,mcg
7412,Calcium,47,mg
7412,Iron,1.2,mg
7412,Magnesium,0,mg
7412,Phosphorus,0,mg
7412,Sodium,92.5,mg
7412,Potassium,198.6,mg
7412,Zinc,0.4,mg
7413,Energy,104,cal
7413,Protein,2.2,g
7413,Carbohydrates,13.5,g
7413,Fiber,3.6,g
7413,Fat,4.6,g
7413,Cholesterol,0,mg
7413,Vitamin A,222.6,mcg
7413,Vitamin B1,0.1,mg
7413,Vitamin B2,0.1,mg
7413,Vitamin B3,0.7,mg
7413,Vitamin C,26.8,mg
7413,Folic Acid,19.8,mcg
7413,Calcium,35.8,mg
7413,Iron,1.4,mg
7413,Magnesium,0,mg
7413,Phosphorus,0,mg
7413,Sodium,24.2,mg
7413,Potassium,136,mg
7413,Zinc,0.3,mg
7414,Energy,30,cal
7414,Protein,0.1,g
7414,Carbohydrates,2.1,g
7414,Fiber,0.2,g
7414,Fat,2.4,g
7414,Cholesterol,0,mg
7414,Sodium,260.7,mg
7415,Energy,333,cal
7415,Protein,4.3,g
7415,Carbohydrates,44.7,g
7415,Fiber,4.6,g
7415,Fat,15.7,g
7415,Cholesterol,0,mg
7415,Sodium,18.9,mg
7416,Energy,333,cal
7416,Protein,4.3,g
7416,Carbohydrates,44.7,g
7416,Fiber,4.6,g
7416,Fat,15.7,g
7416,Cholesterol,0,mg
7416,Sodium,18.9,mg
7417,Energy,333,cal
7417,Protein,4.3,g
7417,Carbohydrates,44.7,g
7417,Fiber,4.6,g
7417,Fat,15.7,g
7417,Cholesterol,0,mg
7417,Sodium,18.9,mg
7418,Energy,163,cal
7418,Protein,3.1,g
7418,Carbohydrates,29.1,g
7418,Fiber,0.1,g
7418,Fat,3.7,g
7418,Cholesterol,0,mg
7418,Vitamin A,65.4,mcg
7418,Vitamin B1,0,mg
7418,Vitamin B2,0,mg
7418,Vitamin B3,0.7,mg
7418,Vitamin C,0,mg
7418,Folic Acid,0.1,mcg
7418,Calcium,11.6,mg
7418,Iron,0.7,mg
7418,Magnesium,0,mg
7418,Phosphorus,0,mg
7418,Sodium,11.3,mg
7418,Potassium,38.3,mg
7418,Zinc,0.2,mg
7419,Energy,163,cal
7419,Protein,3.1,g
7419,Carbohydrates,29.1,g
7419,Fiber,0.1,g
7419,Fat,3.7,g
7419,Cholesterol,0,mg
7419,Vitamin A,65.4,mcg
7419,Vitamin B1,0,mg
7419,Vitamin B2,0,mg
7419,Vitamin B3,0.7,mg
7419,Vitamin C,0,mg
7419,Folic Acid,0.1,mcg
7419,Calcium,11.6,mg
7419,Iron,0.7,mg
7419,Magnesium,0,mg
7419,Phosphorus,0,mg
7419,Sodium,11.3,mg
7419,Potassium,38.3,mg
7419,Zinc,0.2,mg
7420,Energy,10,cal
7420,Protein,0.1,g
7420,Carbohydrates,2.4,g
7420,Fiber,0.5,g
7420,Fat,0,g
7420,Cholesterol,0,mg
7420,Sodium,0,mg
7421,Energy,45,cal
7421,Protein,1.5,g
7421,Carbohydrates,10.3,g
7421,Fiber,1.1,g
7421,Fat,0.4,g
7421,Cholesterol,0,mg
7421,Vitamin A,24.1,mcg
7421,Vitamin B1,0,mg
7421,Vitamin B2,0,mg
7421,Vitamin B3,0.1,mg
7421,Vitamin C,1.5,mg
7421,Folic Acid,11.8,mcg
7421,Calcium,2,mg
7421,Iron,0.2,mg
7421,Magnesium,0,mg
7421,Phosphorus,0,mg
7421,Sodium,6.6,mg
7421,Potassium,75.6,mg
7421,Zinc,0.2,mg
7422,Energy,67,cal
7422,Protein,2.3,g
7422,Carbohydrates,15.4,g
7422,Fiber,1.6,g
7422,Fat,0.7,g
7422,Cholesterol,0,mg
7422,Vitamin A,36.2,mcg
7422,Vitamin B1,0.1,mg
7422,Vitamin B2,0.1,mg
7422,Vitamin B3,0.1,mg
7422,Vitamin C,2.3,mg
7422,Folic Acid,17.7,mcg
7422,Calcium,3,mg
7422,Iron,0.4,mg
7422,Magnesium,0,mg
7422,Phosphorus,0,mg
7422,Sodium,9.9,mg
7422,Potassium,113.3,mg
7422,Zinc,0.3,mg
7423,Energy,120,cal
7423,Protein,3.3,g
7423,Carbohydrates,15.2,g
7423,Fiber,1.6,g
7423,Fat,5.9,g
7423,Cholesterol,0,mg
7423,Sodium,39.4,mg
7424,Energy,64,cal
7424,Protein,2.9,g
7424,Carbohydrates,14.6,g
7424,Fiber,1.7,g
7424,Fat,0.1,g
7424,Cholesterol,0,mg
7424,Sodium,16.2,mg
7425,Energy,122,cal
7425,Protein,3.2,g
7425,Carbohydrates,15.5,g
7425,Fiber,1.8,g
7425,Fat,5.5,g
7425,Cholesterol,0,mg
7425,Vitamin A,248.5,mcg
7425,Vitamin B1,0.2,mg
7425,Vitamin B2,0.1,mg
7425,Vitamin B3,0.3,mg
7425,Vitamin C,32.5,mg
7425,Folic Acid,16.2,mcg
7425,Calcium,61.7,mg
7425,Iron,0.5,mg
7425,Magnesium,0,mg
7425,Phosphorus,0,mg
7425,Sodium,32.7,mg
7425,Potassium,115.1,mg
7425,Zinc,0.3,mg
7426,Energy,78,cal
7426,Protein,4,g
7426,Carbohydrates,16.3,g
7426,Fiber,1.4,g
7426,Fat,0.2,g
7426,Cholesterol,0,mg
7426,Vitamin A,5.6,mcg
7426,Vitamin B1,0,mg
7426,Vitamin B2,0,mg
7426,Vitamin B3,0.1,mg
7426,Vitamin C,2.3,mg
7426,Folic Acid,8.3,mcg
7426,Calcium,37.7,mg
7426,Iron,0.8,mg
7426,Magnesium,0,mg
7426,Phosphorus,0,mg
7426,Sodium,2.3,mg
7426,Potassium,67,mg
7426,Zinc,0.7,mg
7427,Energy,78,cal
7427,Protein,4,g
7427,Carbohydrates,16.3,g
7427,Fiber,1.4,g
7427,Fat,0.2,g
7427,Cholesterol,0,mg
7427,Vitamin A,5.6,mcg
7427,Vitamin B1,0,mg
7427,Vitamin B2,0,mg
7427,Vitamin B3,0.1,mg
7427,Vitamin C,2.3,mg
7427,Folic Acid,8.3,mcg
7427,Calcium,37.7,mg
7427,Iron,0.8,mg
7427,Magnesium,0,mg
7427,Phosphorus,0,mg
7427,Sodium,2.3,mg
7427,Potassium,67,mg
7427,Zinc,0.7,mg
7428,Energy,78,cal
7428,Protein,4,g
7428,Carbohydrates,16.3,g
7428,Fiber,1.4,g
7428,Fat,0.2,g
7428,Cholesterol,0,mg
7428,Vitamin A,5.6,mcg
7428,Vitamin B1,0,mg
7428,Vitamin B2,0,mg
7428,Vitamin B3,0.1,mg
7428,Vitamin C,2.3,mg
7428,Folic Acid,8.3,mcg
7428,Calcium,37.7,mg
7428,Iron,0.8,mg
7428,Magnesium,0,mg
7428,Phosphorus,0,mg
7428,Sodium,2.3,mg
7428,Potassium,67,mg
7428,Zinc,0.7,mg
7429,Energy,51,cal
7429,Protein,1.7,g
7429,Carbohydrates,9.7,g
7429,Fiber,1.6,g
7429,Fat,1.3,g
7429,Cholesterol,0,mg
7429,Vitamin A,125.6,mcg
7429,Vitamin B1,0.1,mg
7429,Vitamin B2,0.1,mg
7429,Vitamin B3,0,mg
7429,Vitamin C,17.3,mg
7429,Folic Acid,12.6,mcg
7429,Calcium,22.6,mg
7429,Iron,0.8,mg
7429,Magnesium,0,mg
7429,Phosphorus,0,mg
7429,Sodium,3.3,mg
7429,Potassium,144.5,mg
7429,Zinc,0.3,mg
7430,Energy,51,cal
7430,Protein,1.7,g
7430,Carbohydrates,9.7,g
7430,Fiber,1.6,g
7430,Fat,1.3,g
7430,Cholesterol,0,mg
7430,Vitamin A,125.6,mcg
7430,Vitamin B1,0.1,mg
7430,Vitamin B2,0.1,mg
7430,Vitamin B3,0,mg
7430,Vitamin C,17.3,mg
7430,Folic Acid,12.6,mcg
7430,Calcium,22.6,mg
7430,Iron,0.8,mg
7430,Magnesium,0,mg
7430,Phosphorus,0,mg
7430,Sodium,3.3,mg
7430,Potassium,144.5,mg
7430,Zinc,0.3,mg
7431,Energy,75,cal
7431,Protein,1.5,g
7431,Carbohydrates,12.2,g
7431,Fiber,0.9,g
7431,Fat,2.6,g
7431,Cholesterol,0,mg
7431,Vitamin A,43.5,mcg
7431,Vitamin B1,0,mg
7431,Vitamin B2,0,mg
7431,Vitamin B3,0.2,mg
7431,Vitamin C,3.8,mg
7431,Folic Acid,7.8,mcg
7431,Calcium,9.9,mg
7431,Iron,0.3,mg
7431,Magnesium,0,mg
7431,Phosphorus,0,mg
7431,Sodium,105.1,mg
7431,Potassium,74,mg
7431,Zinc,0.2,mg
7435,Energy,70,cal
7435,Protein,3.4,g
7435,Carbohydrates,11.3,g
7435,Fiber,1.9,g
7435,Fat,1.6,g
7435,Cholesterol,3.4,mg
7435,Sodium,45.5,mg
7437,Energy,56,cal
7437,Protein,1.6,g
7437,Carbohydrates,12.9,g
7437,Fiber,1.4,g
7437,Fat,0.3,g
7437,Cholesterol,0,mg
7437,Vitamin A,4.9,mcg
7437,Vitamin B1,0.1,mg
7437,Vitamin B2,0.1,mg
7437,Vitamin B3,0.8,mg
7437,Vitamin C,0.8,mg
7437,Folic Acid,23.8,mcg
7437,Calcium,11.3,mg
7437,Iron,0.6,mg
7437,Magnesium,0,mg
7437,Phosphorus,0,mg
7437,Sodium,1.9,mg
7437,Potassium,65.5,mg
7437,Zinc,0.2,mg
7440,Energy,76,cal
7440,Protein,2.3,g
7440,Carbohydrates,17.8,g
7440,Fiber,1.9,g
7440,Fat,0.3,g
7440,Cholesterol,0,mg
7440,Vitamin A,8.4,mcg
7440,Vitamin B1,0.1,mg
7440,Vitamin B2,0.1,mg
7440,Vitamin B3,0.8,mg
7440,Vitamin C,1.5,mg
7440,Folic Acid,28.7,mcg
7440,Calcium,11.9,mg
7440,Iron,0.7,mg
7440,Magnesium,0,mg
7440,Phosphorus,0,mg
7440,Sodium,3.1,mg
7440,Potassium,98.5,mg
7440,Zinc,0.3,mg
7442,Energy,119,cal
7442,Protein,1.7,g
7442,Carbohydrates,19.9,g
7442,Fiber,2.8,g
7442,Fat,3.6,g
7442,Cholesterol,0,mg
7442,Sodium,6.2,mg
7443,Energy,47,cal
7443,Protein,1.5,g
7443,Carbohydrates,7.9,g
7443,Fiber,0.9,g
7443,Fat,0.9,g
7443,Cholesterol,0,mg
7443,Sodium,2.3,mg
7444,Energy,150,cal
7444,Protein,1.4,g
7444,Carbohydrates,24.8,g
7444,Fiber,2.7,g
7444,Fat,5,g
7444,Cholesterol,0,mg
7444,Sodium,4,mg
7445,Energy,51,cal
7445,Protein,0.1,g
7445,Carbohydrates,12.4,g
7445,Fiber,0.1,g
7445,Fat,0.1,g
7445,Cholesterol,0,mg
7445,Sodium,1072.9,mg
7446,Energy,44,cal
7446,Protein,1.8,g
7446,Carbohydrates,8.2,g
7446,Fiber,3.1,g
7446,Fat,0.5,g
7446,Cholesterol,0,mg
7446,Sodium,27.5,mg
7447,Energy,57,cal
7447,Protein,2.4,g
7447,Carbohydrates,10.7,g
7447,Fiber,4,g
7447,Fat,0.6,g
7447,Cholesterol,0,mg
7447,Sodium,36.5,mg
7452,Energy,59,cal
7452,Protein,0.4,g
7452,Carbohydrates,14.3,g
7452,Fiber,1.2,g
7452,Fat,0.2,g
7452,Cholesterol,0,mg
7452,Sodium,5,mg
7453,Energy,113,cal
7453,Protein,2,g
7453,Carbohydrates,24.9,g
7453,Fiber,6.2,g
7453,Fat,0.6,g
7453,Cholesterol,0,mg
7453,Sodium,12.7,mg
7454,Energy,821,cal
7454,Protein,9.6,g
7454,Carbohydrates,76.4,g
7454,Fiber,0.2,g
7454,Fat,52.4,g
7454,Cholesterol,3.5,mg
7454,Vitamin A,507,mcg
7454,Vitamin B1,0.1,mg
7454,Vitamin B2,0.1,mg
7454,Vitamin B3,1.9,mg
7454,Vitamin C,0.2,mg
7454,Folic Acid,1.2,mcg
7454,Calcium,63.7,mg
7454,Iron,2.2,mg
7454,Magnesium,0,mg
7454,Phosphorus,0,mg
7454,Sodium,11.5,mg
7454,Potassium,122.1,mg
7454,Zinc,0.5,mg
7455,Energy,821,cal
7455,Protein,9.6,g
7455,Carbohydrates,76.4,g
7455,Fiber,0.2,g
7455,Fat,52.4,g
7455,Cholesterol,3.5,mg
7455,Vitamin A,507,mcg
7455,Vitamin B1,0.1,mg
7455,Vitamin B2,0.1,mg
7455,Vitamin B3,1.9,mg
7455,Vitamin C,0.2,mg
7455,Folic Acid,1.2,mcg
7455,Calcium,63.7,mg
7455,Iron,2.2,mg
7455,Magnesium,0,mg
7455,Phosphorus,0,mg
7455,Sodium,11.5,mg
7455,Potassium,122.1,mg
7455,Zinc,0.5,mg
7456,Energy,294,cal
7456,Protein,3.9,g
7456,Carbohydrates,21.2,g
7456,Fiber,0.8,g
7456,Fat,21.5,g
7456,Cholesterol,41.2,mg
7456,Vitamin A,561.3,mcg
7456,Vitamin B1,0.2,mg
7456,Vitamin B2,0.1,mg
7456,Vitamin B3,0.4,mg
7456,Vitamin C,0,mg
7456,Folic Acid,6.3,mcg
7456,Calcium,27.6,mg
7456,Iron,1.3,mg
7456,Magnesium,0,mg
7456,Phosphorus,0,mg
7456,Sodium,136.3,mg
7456,Potassium,4.3,mg
7456,Zinc,0.2,mg
7457,Energy,32,cal
7457,Protein,0.1,g
7457,Carbohydrates,7.7,g
7457,Fiber,0.1,g
7457,Fat,0,g
7457,Cholesterol,0,mg
7457,Sodium,27.9,mg
7458,Energy,272,cal
7458,Protein,3.8,g
7458,Carbohydrates,48.7,g
7458,Fiber,1.4,g
7458,Fat,6.9,g
7458,Cholesterol,0,mg
7458,Sodium,2.1,mg
7459,Energy,70,cal
7459,Protein,1.2,g
7459,Carbohydrates,12.3,g
7459,Fiber,1.1,g
7459,Fat,1.9,g
7459,Cholesterol,0,mg
7459,Sodium,52.9,mg
7460,Energy,180,cal
7460,Protein,3.4,g
7460,Carbohydrates,20.6,g
7460,Fiber,2.4,g
7460,Fat,8.2,g
7460,Cholesterol,0,mg
7460,Vitamin A,246.4,mcg
7460,Vitamin B1,0.1,mg
7460,Vitamin B2,0.1,mg
7460,Vitamin B3,0.5,mg
7460,Vitamin C,17.1,mg
7460,Folic Acid,4,mcg
7460,Calcium,140.7,mg
7460,Iron,0.4,mg
7460,Magnesium,0,mg
7460,Phosphorus,0,mg
7460,Sodium,42.4,mg
7460,Potassium,294.4,mg
7460,Zinc,0.1,mg
7461,Energy,260,cal
7461,Protein,4.2,g
7461,Carbohydrates,52.2,g
7461,Fiber,6.9,g
7461,Fat,3.9,g
7461,Cholesterol,0,mg
7461,Sodium,34.6,mg
7462,Energy,170,cal
7462,Protein,3.5,g
7462,Carbohydrates,24.5,g
7462,Fiber,1.5,g
7462,Fat,5.6,g
7462,Cholesterol,6.1,mg
7462,Sodium,16.5,mg
7463,Energy,328,cal
7463,Protein,4.8,g
7463,Carbohydrates,42.7,g
7463,Fiber,5.5,g
7463,Fat,16,g
7463,Cholesterol,0,mg
7463,Sodium,15.6,mg
7464,Energy,76,cal
7464,Protein,1.6,g
7464,Carbohydrates,14.4,g
7464,Fiber,1.8,g
7464,Fat,1.5,g
7464,Cholesterol,0,mg
7464,Sodium,5.7,mg
7465,Energy,512,cal
7465,Protein,11.2,g
7465,Carbohydrates,66.4,g
7465,Fiber,1.4,g
7465,Fat,16.4,g
7465,Cholesterol,40,mg
7465,Sodium,50.7,mg
7466,Energy,66,cal
7466,Protein,1.4,g
7466,Carbohydrates,9.5,g
7466,Fiber,1.6,g
7466,Fat,2.7,g
7466,Cholesterol,0,mg
7466,Sodium,2.8,mg
7467,Energy,206,cal
7467,Protein,4.7,g
7467,Carbohydrates,18,g
7467,Fiber,2.3,g
7467,Fat,12.3,g
7467,Cholesterol,4,mg
7467,Sodium,16.9,mg
7468,Energy,206,cal
7468,Protein,4.7,g
7468,Carbohydrates,18,g
7468,Fiber,2.3,g
7468,Fat,12.3,g
7468,Cholesterol,4,mg
7468,Sodium,16.9,mg
7469,Energy,65,cal
7469,Protein,1.4,g
7469,Carbohydrates,6.7,g
7469,Fiber,1,g
7469,Fat,3.4,g
7469,Cholesterol,1.6,mg
7469,Sodium,7.6,mg
7470,Energy,65,cal
7470,Protein,1.4,g
7470,Carbohydrates,6.7,g
7470,Fiber,1,g
7470,Fat,3.4,g
7470,Cholesterol,1.6,mg
7470,Sodium,7.6,mg
7471,Energy,493,cal
7471,Protein,4.5,g
7471,Carbohydrates,98.2,g
7471,Fiber,2.7,g
7471,Fat,9,g
7471,Cholesterol,0,mg
7471,Sodium,4.7,mg
7472,Energy,104,cal
7472,Protein,2.2,g
7472,Carbohydrates,17.5,g
7472,Fiber,2,g
7472,Fat,2.9,g
7472,Cholesterol,1,mg
7472,Sodium,4.5,mg
7473,Energy,118,cal
7473,Protein,0.6,g
7473,Carbohydrates,28.3,g
7473,Fiber,0.6,g
7473,Fat,0.2,g
7473,Cholesterol,0,mg
7473,Sodium,1,mg
7474,Energy,102,cal
7474,Protein,1,g
7474,Carbohydrates,8.5,g
7474,Fiber,0,g
7474,Fat,7.2,g
7474,Cholesterol,0,mg
7474,Sodium,10.3,mg
7475,Energy,102,cal
7475,Protein,1,g
7475,Carbohydrates,8.5,g
7475,Fiber,0,g
7475,Fat,7.2,g
7475,Cholesterol,0,mg
7475,Sodium,10.3,mg
7476,Energy,102,cal
7476,Protein,1,g
7476,Carbohydrates,8.5,g
7476,Fiber,0,g
7476,Fat,7.2,g
7476,Cholesterol,0,mg
7476,Sodium,10.3,mg
7477,Energy,122,cal
7477,Protein,2.3,g
7477,Carbohydrates,16.4,g
7477,Fiber,1.3,g
7477,Fat,5.2,g
7477,Cholesterol,0,mg
7477,Vitamin A,123.4,mcg
7477,Vitamin B1,0.2,mg
7477,Vitamin B2,0,mg
7477,Vitamin B3,1.1,mg
7477,Vitamin C,8.6,mg
7477,Folic Acid,8.3,mcg
7477,Calcium,60.5,mg
7477,Iron,1.7,mg
7477,Magnesium,0,mg
7477,Phosphorus,0,mg
7477,Sodium,2.8,mg
7477,Potassium,97,mg
7477,Zinc,0.3,mg
7478,Energy,69,cal
7478,Protein,0.7,g
7478,Carbohydrates,3.8,g
7478,Fiber,1.2,g
7478,Fat,5.7,g
7478,Cholesterol,0,mg
7478,Sodium,8.5,mg
7480,Energy,82,cal
7480,Protein,0.7,g
7480,Carbohydrates,6.3,g
7480,Fiber,0.4,g
7480,Fat,6.1,g
7480,Cholesterol,0,mg
7480,Vitamin A,56.6,mcg
7480,Vitamin B1,0,mg
7480,Vitamin B2,0,mg
7480,Vitamin B3,0.2,mg
7480,Vitamin C,0,mg
7480,Folic Acid,1.3,mcg
7480,Calcium,1.1,mg
7480,Iron,0.2,mg
7480,Magnesium,0,mg
7480,Phosphorus,0,mg
7480,Sodium,0.5,mg
7480,Potassium,20.4,mg
7480,Zinc,0.1,mg
7481,Energy,82,cal
7481,Protein,0.7,g
7481,Carbohydrates,6.3,g
7481,Fiber,0.4,g
7481,Fat,6.1,g
7481,Cholesterol,0,mg
7481,Vitamin A,56.6,mcg
7481,Vitamin B1,0,mg
7481,Vitamin B2,0,mg
7481,Vitamin B3,0.2,mg
7481,Vitamin C,0,mg
7481,Folic Acid,1.3,mcg
7481,Calcium,1.1,mg
7481,Iron,0.2,mg
7481,Magnesium,0,mg
7481,Phosphorus,0,mg
7481,Sodium,0.5,mg
7481,Potassium,20.4,mg
7481,Zinc,0.1,mg
7482,Energy,82,cal
7482,Protein,0.7,g
7482,Carbohydrates,6.3,g
7482,Fiber,0.4,g
7482,Fat,6.1,g
7482,Cholesterol,0,mg
7482,Vitamin A,56.6,mcg
7482,Vitamin B1,0,mg
7482,Vitamin B2,0,mg
7482,Vitamin B3,0.2,mg
7482,Vitamin C,0,mg
7482,Folic Acid,1.3,mcg
7482,Calcium,1.1,mg
7482,Iron,0.2,mg
7482,Magnesium,0,mg
7482,Phosphorus,0,mg
7482,Sodium,0.5,mg
7482,Potassium,20.4,mg
7482,Zinc,0.1,mg
7483,Energy,216,cal
7483,Protein,3.7,g
7483,Carbohydrates,32,g
7483,Fiber,1.8,g
7483,Fat,8.2,g
7483,Cholesterol,0,mg
7483,Vitamin A,334,mcg
7483,Vitamin B1,0.4,mg
7483,Vitamin B2,0.1,mg
7483,Vitamin B3,2,mg
7483,Vitamin C,31,mg
7483,Folic Acid,10.4,mcg
7483,Calcium,34.3,mg
7483,Iron,2.2,mg
7483,Magnesium,0,mg
7483,Phosphorus,0,mg
7483,Sodium,7.9,mg
7483,Potassium,175.4,mg
7483,Zinc,0.1,mg
7484,Energy,216,cal
7484,Protein,3.7,g
7484,Carbohydrates,32,g
7484,Fiber,1.8,g
7484,Fat,8.2,g
7484,Cholesterol,0,mg
7484,Vitamin A,334,mcg
7484,Vitamin B1,0.4,mg
7484,Vitamin B2,0.1,mg
7484,Vitamin B3,2,mg
7484,Vitamin C,31,mg
7484,Folic Acid,10.4,mcg
7484,Calcium,34.3,mg
7484,Iron,2.2,mg
7484,Magnesium,0,mg
7484,Phosphorus,0,mg
7484,Sodium,7.9,mg
7484,Potassium,175.4,mg
7484,Zinc,0.1,mg
7485,Energy,216,cal
7485,Protein,3.7,g
7485,Carbohydrates,32,g
7485,Fiber,1.8,g
7485,Fat,8.2,g
7485,Cholesterol,0,mg
7485,Vitamin A,334,mcg
7485,Vitamin B1,0.4,mg
7485,Vitamin B2,0.1,mg
7485,Vitamin B3,2,mg
7485,Vitamin C,31,mg
7485,Folic Acid,10.4,mcg
7485,Calcium,34.3,mg
7485,Iron,2.2,mg
7485,Magnesium,0,mg
7485,Phosphorus,0,mg
7485,Sodium,7.9,mg
7485,Potassium,175.4,mg
7485,Zinc,0.1,mg
7486,Energy,87,cal
7486,Protein,1.6,g
7486,Carbohydrates,2.1,g
7486,Fiber,1.4,g
7486,Fat,8,g
7486,Cholesterol,0,mg
7486,Sodium,0.9,mg
7490,Energy,29,cal
7490,Protein,0.3,g
7490,Carbohydrates,7.5,g
7490,Fiber,0,g
7490,Fat,0.1,g
7490,Cholesterol,0,mg
7490,Vitamin A,1.1,mcg
7490,Vitamin B1,0,mg
7490,Vitamin B2,0,mg
7490,Vitamin B3,0,mg
7490,Vitamin C,0.4,mg
7490,Folic Acid,0,mcg
7490,Calcium,8.9,mg
7490,Iron,0.3,mg
7490,Magnesium,0,mg
7490,Phosphorus,0,mg
7490,Sodium,3.4,mg
7490,Potassium,75.6,mg
7490,Zinc,0,mg
7491,Energy,13,cal
7491,Protein,0.2,g
7491,Carbohydrates,3.4,g
7491,Fiber,0,g
7491,Fat,0,g
7491,Cholesterol,0,mg
7491,Vitamin A,0.5,mcg
7491,Vitamin B1,0,mg
7491,Vitamin B2,0,mg
7491,Vitamin B3,0,mg
7491,Vitamin C,0.2,mg
7491,Folic Acid,0,mcg
7491,Calcium,4,mg
7491,Iron,0.2,mg
7491,Magnesium,0,mg
7491,Phosphorus,0,mg
7491,Sodium,1.5,mg
7491,Potassium,34.4,mg
7491,Zinc,0,mg
7492,Energy,13,cal
7492,Protein,0.2,g
7492,Carbohydrates,3.4,g
7492,Fiber,0,g
7492,Fat,0,g
7492,Cholesterol,0,mg
7492,Vitamin A,0.5,mcg
7492,Vitamin B1,0,mg
7492,Vitamin B2,0,mg
7492,Vitamin B3,0,mg
7492,Vitamin C,0.2,mg
7492,Folic Acid,0,mcg
7492,Calcium,4,mg
7492,Iron,0.2,mg
7492,Magnesium,0,mg
7492,Phosphorus,0,mg
7492,Sodium,1.5,mg
7492,Potassium,34.4,mg
7492,Zinc,0,mg
7493,Energy,13,cal
7493,Protein,0.2,g
7493,Carbohydrates,3.4,g
7493,Fiber,0,g
7493,Fat,0,g
7493,Cholesterol,0,mg
7493,Vitamin A,0.5,mcg
7493,Vitamin B1,0,mg
7493,Vitamin B2,0,mg
7493,Vitamin B3,0,mg
7493,Vitamin C,0.2,mg
7493,Folic Acid,0,mcg
7493,Calcium,4,mg
7493,Iron,0.2,mg
7493,Magnesium,0,mg
7493,Phosphorus,0,mg
7493,Sodium,1.5,mg
7493,Potassium,34.4,mg
7493,Zinc,0,mg
7494,Energy,102,cal
7494,Protein,0,g
7494,Carbohydrates,25.3,g
7494,Fiber,0,g
7494,Fat,0,g
7494,Cholesterol,0,mg
7494,Sodium,620.1,mg
7495,Energy,0,cal
7495,Protein,0,g
7495,Carbohydrates,0,g
7495,Fiber,0,g
7495,Fat,0,g
7495,Cholesterol,0,mg
7495,Vitamin A,0,mcg
7495,Vitamin B1,0,mg
7495,Vitamin B2,0,mg
7495,Vitamin B3,0,mg
7495,Vitamin C,0,mg
7495,Folic Acid,0,mcg
7495,Calcium,0,mg
7495,Iron,0,mg
7495,Magnesium,0,mg
7495,Phosphorus,0,mg
7495,Sodium,0,mg
7495,Potassium,0,mg
7495,Zinc,0,mg
7496,Energy,94,cal
7496,Protein,2.4,g
7496,Carbohydrates,12.2,g
7496,Fiber,4.3,g
7496,Fat,3.8,g
7496,Cholesterol,0,mg
7496,Sodium,31.2,mg
7497,Energy,133,cal
7497,Protein,3.8,g
7497,Carbohydrates,8.4,g
7497,Fiber,3,g
7497,Fat,9.8,g
7497,Cholesterol,0,mg
7497,Sodium,15.2,mg
7498,Energy,111,cal
7498,Protein,3.2,g
7498,Carbohydrates,15.3,g
7498,Fiber,5.7,g
7498,Fat,4,g
7498,Cholesterol,0,mg
7498,Sodium,42.4,mg
7499,Energy,27,cal
7499,Protein,0.2,g
7499,Carbohydrates,1.5,g
7499,Fiber,0.4,g
7499,Fat,2.2,g
7499,Cholesterol,0,mg
7499,Sodium,2.9,mg
7500,Energy,27,cal
7500,Protein,0.2,g
7500,Carbohydrates,1.5,g
7500,Fiber,0.4,g
7500,Fat,2.2,g
7500,Cholesterol,0,mg
7500,Sodium,2.9,mg
7501,Energy,68,cal
7501,Protein,1.1,g
7501,Carbohydrates,6.9,g
7501,Fiber,1.6,g
7501,Fat,4,g
7501,Cholesterol,0,mg
7501,Vitamin A,310.1,mcg
7501,Vitamin B1,0.1,mg
7501,Vitamin B2,0.1,mg
7501,Vitamin B3,0.4,mg
7501,Vitamin C,21.1,mg
7501,Folic Acid,26.4,mcg
7501,Calcium,41,mg
7501,Iron,0.7,mg
7501,Magnesium,0,mg
7501,Phosphorus,0,mg
7501,Sodium,11.5,mg
7501,Potassium,128.3,mg
7501,Zinc,0,mg
7502,Energy,156,cal
7502,Protein,2.9,g
7502,Carbohydrates,17.5,g
7502,Fiber,2.9,g
7502,Fat,8.2,g
7502,Cholesterol,0,mg
7502,Vitamin A,354.5,mcg
7502,Vitamin B1,0.1,mg
7502,Vitamin B2,0.1,mg
7502,Vitamin B3,0.6,mg
7502,Vitamin C,21.2,mg
7502,Folic Acid,38.5,mcg
7502,Calcium,50.4,mg
7502,Iron,1.3,mg
7502,Magnesium,0,mg
7502,Phosphorus,0,mg
7502,Sodium,17.6,mg
7502,Potassium,187.7,mg
7502,Zinc,0.2,mg
7503,Energy,52,cal
7503,Protein,1.5,g
7503,Carbohydrates,7.9,g
7503,Fiber,1.9,g
7503,Fat,1.6,g
7503,Cholesterol,0,mg
7503,Sodium,12.8,mg
7504,Energy,31,cal
7504,Protein,0.4,g
7504,Carbohydrates,2.4,g
7504,Fiber,0.5,g
7504,Fat,2.2,g
7504,Cholesterol,0,mg
7504,Sodium,3.3,mg
7505,Energy,146,cal
7505,Protein,2.3,g
7505,Carbohydrates,15.9,g
7505,Fiber,2.5,g
7505,Fat,8.1,g
7505,Cholesterol,0,mg
7505,Vitamin A,454.7,mcg
7505,Vitamin B1,0.1,mg
7505,Vitamin B2,0.1,mg
7505,Vitamin B3,0.5,mg
7505,Vitamin C,23.2,mg
7505,Folic Acid,34.5,mcg
7505,Calcium,51.6,mg
7505,Iron,1.2,mg
7505,Magnesium,0,mg
7505,Phosphorus,0,mg
7505,Sodium,16.4,mg
7505,Potassium,171.7,mg
7505,Zinc,0.1,mg
7506,Energy,146,cal
7506,Protein,2.3,g
7506,Carbohydrates,15.9,g
7506,Fiber,2.5,g
7506,Fat,8.1,g
7506,Cholesterol,0,mg
7506,Vitamin A,454.7,mcg
7506,Vitamin B1,0.1,mg
7506,Vitamin B2,0.1,mg
7506,Vitamin B3,0.5,mg
7506,Vitamin C,23.2,mg
7506,Folic Acid,34.5,mcg
7506,Calcium,51.6,mg
7506,Iron,1.2,mg
7506,Magnesium,0,mg
7506,Phosphorus,0,mg
7506,Sodium,16.4,mg
7506,Potassium,171.7,mg
7506,Zinc,0.1,mg
7508,Energy,179,cal
7508,Protein,1.6,g
7508,Carbohydrates,21.1,g
7508,Fiber,1.6,g
7508,Fat,9.9,g
7508,Cholesterol,0,mg
7508,Vitamin A,135.9,mcg
7508,Vitamin B1,0.1,mg
7508,Vitamin B2,0,mg
7508,Vitamin B3,1.1,mg
7508,Vitamin C,15.8,mg
7508,Folic Acid,16,mcg
7508,Calcium,14.5,mg
7508,Iron,0.4,mg
7508,Magnesium,0,mg
7508,Phosphorus,0,mg
7508,Sodium,12.8,mg
7508,Potassium,235.8,mg
7508,Zinc,0.5,mg
7510,Energy,277,cal
7510,Protein,3.4,g
7510,Carbohydrates,16.5,g
7510,Fiber,3.4,g
7510,Fat,21.6,g
7510,Cholesterol,2.7,mg
7510,Sodium,34.7,mg
7511,Energy,277,cal
7511,Protein,3.4,g
7511,Carbohydrates,16.5,g
7511,Fiber,3.4,g
7511,Fat,21.6,g
7511,Cholesterol,2.7,mg
7511,Sodium,34.7,mg
7513,Energy,120,cal
7513,Protein,3.9,g
7513,Carbohydrates,6.9,g
7513,Fiber,2.1,g
7513,Fat,7.3,g
7513,Cholesterol,8,mg
7513,Sodium,31.7,mg
7514,Energy,138,cal
7514,Protein,4.2,g
7514,Carbohydrates,8.3,g
7514,Fiber,2.5,g
7514,Fat,8.6,g
7514,Cholesterol,8,mg
7514,Sodium,32.4,mg
7515,Energy,55,cal
7515,Protein,1.2,g
7515,Carbohydrates,4,g
7515,Fiber,1.7,g
7515,Fat,3.8,g
7515,Cholesterol,0.5,mg
7515,Sodium,2.1,mg
7516,Energy,55,cal
7516,Protein,1.2,g
7516,Carbohydrates,4,g
7516,Fiber,1.7,g
7516,Fat,3.8,g
7516,Cholesterol,0.5,mg
7516,Sodium,2.1,mg
7517,Energy,27,cal
7517,Protein,1.6,g
7517,Carbohydrates,2.4,g
7517,Fiber,0.2,g
7517,Fat,1.3,g
7517,Cholesterol,0,mg
7517,Sodium,19.2,mg
7518,Energy,34,cal
7518,Protein,2.9,g
7518,Carbohydrates,5.8,g
7518,Fiber,1,g
7518,Fat,0.4,g
7518,Cholesterol,0,mg
7518,Sodium,21.8,mg
7519,Energy,110,cal
7519,Protein,2.7,g
7519,Carbohydrates,16.9,g
7519,Fiber,0.1,g
7519,Fat,3.3,g
7519,Cholesterol,4.1,mg
7519,Sodium,321.8,mg
7520,Energy,110,cal
7520,Protein,2.7,g
7520,Carbohydrates,16.9,g
7520,Fiber,0.1,g
7520,Fat,3.3,g
7520,Cholesterol,4.1,mg
7520,Sodium,321.8,mg
7521,Energy,110,cal
7521,Protein,2.7,g
7521,Carbohydrates,16.9,g
7521,Fiber,0.1,g
7521,Fat,3.3,g
7521,Cholesterol,4.1,mg
7521,Sodium,321.8,mg
7522,Energy,110,cal
7522,Protein,2.7,g
7522,Carbohydrates,16.9,g
7522,Fiber,0.1,g
7522,Fat,3.3,g
7522,Cholesterol,4.1,mg
7522,Sodium,321.8,mg
7523,Energy,197,cal
7523,Protein,7.6,g
7523,Carbohydrates,9.1,g
7523,Fiber,1,g
7523,Fat,14.2,g
7523,Cholesterol,0,mg
7523,Vitamin A,378.7,mcg
7523,Vitamin B1,-0.3,mg
7523,Vitamin B2,-0.4,mg
7523,Vitamin B3,-0.3,mg
7523,Vitamin C,41.1,mg
7523,Folic Acid,8.4,mcg
7523,Calcium,273.1,mg
7523,Iron,0.5,mg
7523,Magnesium,0,mg
7523,Phosphorus,0,mg
7523,Sodium,5.4,mg
7523,Potassium,73.9,mg
7523,Zinc,0.1,mg
7524,Energy,197,cal
7524,Protein,7.6,g
7524,Carbohydrates,9.1,g
7524,Fiber,1,g
7524,Fat,14.2,g
7524,Cholesterol,0,mg
7524,Vitamin A,378.7,mcg
7524,Vitamin B1,-0.3,mg
7524,Vitamin B2,-0.4,mg
7524,Vitamin B3,-0.3,mg
7524,Vitamin C,41.1,mg
7524,Folic Acid,8.4,mcg
7524,Calcium,273.1,mg
7524,Iron,0.5,mg
7524,Magnesium,0,mg
7524,Phosphorus,0,mg
7524,Sodium,5.4,mg
7524,Potassium,73.9,mg
7524,Zinc,0.1,mg
7525,Energy,268,cal
7525,Protein,10.5,g
7525,Carbohydrates,6.9,g
7525,Fiber,0.1,g
7525,Fat,21.5,g
7525,Cholesterol,0,mg
7525,Vitamin A,433.7,mcg
7525,Vitamin B1,-0.7,mg
7525,Vitamin B2,-0.7,mg
7525,Vitamin B3,-0.7,mg
7525,Vitamin C,4.4,mg
7525,Folic Acid,1.4,mcg
7525,Calcium,391.3,mg
7525,Iron,0.1,mg
7525,Magnesium,0,mg
7525,Phosphorus,0,mg
7525,Sodium,5.6,mg
7525,Potassium,26.3,mg
7525,Zinc,0,mg
7526,Energy,268,cal
7526,Protein,10.5,g
7526,Carbohydrates,6.9,g
7526,Fiber,0.1,g
7526,Fat,21.5,g
7526,Cholesterol,0,mg
7526,Vitamin A,433.7,mcg
7526,Vitamin B1,-0.7,mg
7526,Vitamin B2,-0.7,mg
7526,Vitamin B3,-0.7,mg
7526,Vitamin C,4.4,mg
7526,Folic Acid,1.4,mcg
7526,Calcium,391.3,mg
7526,Iron,0.1,mg
7526,Magnesium,0,mg
7526,Phosphorus,0,mg
7526,Sodium,5.6,mg
7526,Potassium,26.3,mg
7526,Zinc,0,mg
7527,Energy,64,cal
7527,Protein,2,g
7527,Carbohydrates,12.4,g
7527,Fiber,2,g
7527,Fat,0.9,g
7527,Cholesterol,0,mg
7527,Sodium,3.2,mg
7529,Energy,540,cal
7529,Protein,13.8,g
7529,Carbohydrates,85,g
7529,Fiber,1.7,g
7529,Fat,16.2,g
7529,Cholesterol,0,mg
7529,Vitamin A,597.2,mcg
7529,Vitamin B1,0.3,mg
7529,Vitamin B2,0,mg
7529,Vitamin B3,0.1,mg
7529,Vitamin C,92.9,mg
7529,Folic Acid,0.5,mcg
7529,Calcium,25.5,mg
7529,Iron,0.5,mg
7529,Magnesium,0,mg
7529,Phosphorus,0,mg
7529,Sodium,484,mg
7529,Potassium,57.7,mg
7529,Zinc,0.1,mg
7531,Energy,303,cal
7531,Protein,4.3,g
7531,Carbohydrates,68.8,g
7531,Fiber,8.2,g
7531,Fat,1.3,g
7531,Cholesterol,0,mg
7531,Sodium,39,mg
7532,Energy,100,kcal
7532,Protein,0.9,gm
7532,Carbohydrates,24,gm
7532,Fat,0.4,gm
7532,Fibre,2.2,gm
7532,Vitamin A,371.5,mcg
7533,Energy,230,cal
7533,Protein,13.1,g
7533,Carbohydrates,33.3,g
7533,Fiber,5.9,g
7533,Fat,5,g
7533,Cholesterol,0,mg
7533,Sodium,19.6,mg
7535,Energy,391,cal
7535,Protein,8.1,g
7535,Carbohydrates,48.6,g
7535,Fiber,5.1,g
7535,Fat,18.6,g
7535,Cholesterol,0,mg
7535,Vitamin A,231.4,mcg
7535,Vitamin B1,0.2,mg
7535,Vitamin B2,0.1,mg
7535,Vitamin B3,3.6,mg
7535,Vitamin C,12.2,mg
7535,Folic Acid,24.5,mcg
7535,Calcium,28.3,mg
7535,Iron,1.1,mg
7535,Magnesium,0,mg
7535,Phosphorus,0,mg
7535,Sodium,6.1,mg
7535,Potassium,136.6,mg
7535,Zinc,1.2,mg
7536,Energy,391,cal
7536,Protein,8.1,g
7536,Carbohydrates,48.6,g
7536,Fiber,5.1,g
7536,Fat,18.6,g
7536,Cholesterol,0,mg
7536,Vitamin A,231.4,mcg
7536,Vitamin B1,0.2,mg
7536,Vitamin B2,0.1,mg
7536,Vitamin B3,3.6,mg
7536,Vitamin C,12.2,mg
7536,Folic Acid,24.5,mcg
7536,Calcium,28.3,mg
7536,Iron,1.1,mg
7536,Magnesium,0,mg
7536,Phosphorus,0,mg
7536,Sodium,6.1,mg
7536,Potassium,136.6,mg
7536,Zinc,1.2,mg
7537,Energy,256,cal
7537,Protein,4.9,g
7537,Carbohydrates,43.8,g
7537,Fiber,2.9,g
7537,Fat,5.2,g
7537,Cholesterol,11.4,mg
7537,Sodium,25.4,mg
7538,Energy,256,cal
7538,Protein,4.9,g
7538,Carbohydrates,43.8,g
7538,Fiber,2.9,g
7538,Fat,5.2,g
7538,Cholesterol,11.4,mg
7538,Sodium,25.4,mg
7539,Energy,19,cal
7539,Protein,1.2,g
7539,Carbohydrates,3.8,g
7539,Fiber,0.1,g
7539,Fat,0.4,g
7539,Cholesterol,0,mg
7539,Sodium,145.8,mg
7540,Energy,25,cal
7540,Protein,0.2,g
7540,Carbohydrates,5.8,g
7540,Fiber,0.4,g
7540,Fat,0.1,g
7540,Cholesterol,0,mg
7540,Sodium,0,mg
7541,Energy,25,cal
7541,Protein,0.2,g
7541,Carbohydrates,5.8,g
7541,Fiber,0.4,g
7541,Fat,0.1,g
7541,Cholesterol,0,mg
7541,Sodium,0,mg
7542,Energy,198,cal
7542,Protein,6.7,g
7542,Carbohydrates,36.4,g
7542,Fiber,4.4,g
7542,Fat,2.7,g
7542,Cholesterol,0,mg
7542,Sodium,20.4,mg
7543,Energy,198,cal
7543,Protein,6.7,g
7543,Carbohydrates,36.4,g
7543,Fiber,4.4,g
7543,Fat,2.7,g
7543,Cholesterol,0,mg
7543,Sodium,20.4,mg
7544,Energy,198,cal
7544,Protein,6.7,g
7544,Carbohydrates,36.4,g
7544,Fiber,4.4,g
7544,Fat,2.7,g
7544,Cholesterol,0,mg
7544,Sodium,20.4,mg
7549,Energy,298,cal
7549,Protein,9.8,g
7549,Carbohydrates,35.6,g
7549,Fiber,16.1,g
7549,Fat,13,g
7549,Cholesterol,0,mg
7549,Sodium,1956,mg
7550,Energy,48,cal
7550,Protein,2.1,g
7550,Carbohydrates,6.3,g
7550,Fiber,1.5,g
7550,Fat,1.6,g
7550,Cholesterol,0,mg
7550,Sodium,7.5,mg
7551,Energy,48,cal
7551,Protein,2.1,g
7551,Carbohydrates,6.3,g
7551,Fiber,1.5,g
7551,Fat,1.6,g
7551,Cholesterol,0,mg
7551,Sodium,7.5,mg
7552,Energy,103,cal
7552,Protein,3.4,g
7552,Carbohydrates,9.9,g
7552,Fiber,0.3,g
7552,Fat,5.5,g
7552,Cholesterol,0,mg
7552,Sodium,0.8,mg
7553,Energy,99,cal
7553,Protein,3,g
7553,Carbohydrates,9.4,g
7553,Fiber,2.2,g
7553,Fat,6.1,g
7553,Cholesterol,0,mg
7553,Vitamin A,354.1,mcg
7553,Vitamin B1,0.2,mg
7553,Vitamin B2,0.5,mg
7553,Vitamin B3,4.2,mg
7553,Vitamin C,17.3,mg
7553,Folic Acid,31.4,mcg
7553,Calcium,46.1,mg
7553,Iron,1.6,mg
7553,Magnesium,0,mg
7553,Phosphorus,0,mg
7553,Sodium,14.3,mg
7553,Potassium,437.3,mg
7553,Zinc,0.8,mg
7555,Energy,211,cal
7555,Protein,5.7,g
7555,Carbohydrates,12.1,g
7555,Fiber,2.6,g
7555,Fat,15.6,g
7555,Cholesterol,0,mg
7555,Sodium,5.4,mg
7556,Energy,211,cal
7556,Protein,5.7,g
7556,Carbohydrates,12.1,g
7556,Fiber,2.6,g
7556,Fat,15.6,g
7556,Cholesterol,0,mg
7556,Sodium,5.4,mg
7557,Energy,211,cal
7557,Protein,5.7,g
7557,Carbohydrates,12.1,g
7557,Fiber,2.6,g
7557,Fat,15.6,g
7557,Cholesterol,0,mg
7557,Sodium,5.4,mg
7558,Energy,104,cal
7558,Protein,2.6,g
7558,Carbohydrates,15.7,g
7558,Fiber,2.6,g
7558,Fat,3.7,g
7558,Cholesterol,0,mg
7558,Sodium,262.7,mg
7559,Carbohydrate,27.9,gm.
7559,Energy,149,kcal.
7559,Amount,109,gm.
7559,Fat,1.7,gm.
7559,Fibre,1.3,gm.
7559,Protein,5.7,gm.
7560,Energy,347,cal
7560,Protein,11.9,g
7560,Carbohydrates,67.5,g
7560,Fiber,7.2,g
7560,Fat,3.3,g
7560,Cholesterol,0,mg
7560,Sodium,18.8,mg
7561,Energy,347,cal
7561,Protein,11.9,g
7561,Carbohydrates,67.5,g
7561,Fiber,7.2,g
7561,Fat,3.3,g
7561,Cholesterol,0,mg
7561,Sodium,18.8,mg
7562,Energy,1,cal
7562,Protein,0.1,g
7562,Carbohydrates,0.2,g
7562,Fiber,0.1,g
7562,Fat,0,g
7562,Cholesterol,0,mg
7562,Sodium,1.1,mg
7563,Energy,654,cal
7563,Protein,20.5,g
7563,Carbohydrates,58.8,g
7563,Fiber,15.1,g
7563,Fat,37.5,g
7563,Cholesterol,0,mg
7563,Vitamin A,414.9,mcg
7563,Vitamin B1,0.5,mg
7563,Vitamin B2,0.2,mg
7563,Vitamin B3,2.4,mg
7563,Vitamin C,1,mg
7563,Folic Acid,145.1,mcg
7563,Calcium,55.1,mg
7563,Iron,5.2,mg
7563,Magnesium,0,mg
7563,Phosphorus,0,mg
7563,Sodium,72,mg
7563,Potassium,708.5,mg
7563,Zinc,1.7,mg
7564,Energy,3,cal
7564,Protein,0.2,g
7564,Carbohydrates,0.4,g
7564,Fiber,0.2,g
7564,Fat,0,g
7564,Cholesterol,0,mg
7564,Sodium,1.4,mg
7565,Energy,159,cal
7565,Protein,8.4,g
7565,Carbohydrates,23.4,g
7565,Fiber,4.1,g
7565,Fat,3.6,g
7565,Cholesterol,0,mg
7565,Sodium,16.4,mg
7566,Amt,9,gm
7566,Energy,51,kcal
7566,Protein,3.1,gm
7566,Cho,5.2,gm
7566,Fat,2.1,gm
7566,Vit-A,34.4,mcg
7566,Vit-C,0,mg
7566,Calcium,17.2,mg
7566,Iron,0.8,mg
7566,F.Acid,7.3,mcg
7566,Fibre,0.3,gm
7567,Amt,9,gm
7567,Energy,51,kcal
7567,Protein,3.1,gm
7567,Cho,5.2,gm
7567,Fat,2.1,gm
7567,Vit-A,34.4,mcg
7567,Vit-C,0,mg
7567,Calcium,17.2,mg
7567,Iron,0.8,mg
7567,F.Acid,7.3,mcg
7567,Fibre,0.3,gm
7568,Amt,9,gm
7568,Energy,51,kcal
7568,Protein,3.1,gm
7568,Cho,5.2,gm
7568,Fat,2.1,gm
7568,Vit-A,34.4,mcg
7568,Vit-C,0,mg
7568,Calcium,17.2,mg
7568,Iron,0.8,mg
7568,F.Acid,7.3,mcg
7568,Fibre,0.3,gm
7569,Amt,9,gm
7569,Energy,51,kcal
7569,Protein,3.1,gm
7569,Cho,5.2,gm
7569,Fat,2.1,gm
7569,Vit-A,34.4,mcg
7569,Vit-C,0,mg
7569,Calcium,17.2,mg
7569,Iron,0.8,mg
7569,F.Acid,7.3,mcg
7569,Fibre,0.3,gm
7570,Energy,350,cal
7570,Protein,5.8,g
7570,Carbohydrates,40,g
7570,Fiber,3,g
7570,Fat,16.5,g
7570,Cholesterol,16,mg
7570,Sodium,29.7,mg
7571,Energy,1950,cal
7571,Protein,15,g
7571,Carbohydrates,510,g
7571,Fiber,54,g
7571,Fat,9,g
7571,Cholesterol,0,mg
7571,Vitamin A,6879,mcg
7571,Vitamin B1,3,mg
7571,Vitamin B2,3,mg
7571,Vitamin B3,18,mg
7571,Vitamin C,831,mg
7571,Folic Acid,420,mcg
7571,Calcium,300,mg
7571,Iron,3,mg
7571,Magnesium,0,mg
7571,Phosphorus,0,mg
7571,Sodium,60,mg
7571,Potassium,4680,mg
7571,Zinc,0,mg
7572,Energy,41,cal
7572,Protein,1.2,g
7572,Carbohydrates,3.6,g
7572,Fiber,0.7,g
7572,Fat,2.6,g
7572,Cholesterol,0,mg
7572,Sodium,13.7,mg
7573,Energy,59,cal
7573,Protein,3,g
7573,Carbohydrates,7.6,g
7573,Fiber,0.7,g
7573,Fat,1.8,g
7573,Cholesterol,0,mg
7573,Sodium,5.1,mg
7574,Energy,112,cal
7574,Protein,4.3,g
7574,Carbohydrates,13.7,g
7574,Fiber,2.1,g
7574,Fat,5.3,g
7574,Cholesterol,0,mg
7574,Sodium,52.4,mg
7575,Energy,489,cal
7575,Protein,8.8,g
7575,Carbohydrates,59,g
7575,Fiber,6.5,g
7575,Fat,24.5,g
7575,Cholesterol,0,mg
7575,Sodium,24.7,mg
7576,Energy,215,cal
7576,Protein,4.9,g
7576,Carbohydrates,36.5,g
7576,Fiber,2.9,g
7576,Fat,5.8,g
7576,Cholesterol,0,mg
7576,Sodium,20.1,mg
7577,Energy,285,cal
7577,Protein,5.9,g
7577,Carbohydrates,38.6,g
7577,Fiber,4.4,g
7577,Fat,12.2,g
7577,Cholesterol,0,mg
7577,Sodium,21.6,mg
7578,Energy,300,cal
7578,Protein,6.4,g
7578,Carbohydrates,39.2,g
7578,Fiber,4.8,g
7578,Fat,13.3,g
7578,Cholesterol,0,mg
7578,Sodium,21.9,mg
7579,Energy,138,cal
7579,Protein,3.5,g
7579,Carbohydrates,3.9,g
7579,Fiber,0.6,g
7579,Fat,12.3,g
7579,Cholesterol,0,mg
7579,Sodium,18.9,mg
7580,Energy,8,cal
7580,Protein,0.2,g
7580,Carbohydrates,0.2,g
7580,Fiber,0.1,g
7580,Fat,0.7,g
7580,Cholesterol,0,mg
7580,Sodium,2.5,mg
7581,Energy,8,cal
7581,Protein,0.2,g
7581,Carbohydrates,0.2,g
7581,Fiber,0.1,g
7581,Fat,0.7,g
7581,Cholesterol,0,mg
7581,Sodium,2.5,mg
7585,Energy,127,cal
7585,Protein,3.1,g
7585,Carbohydrates,21.2,g
7585,Fiber,0.1,g
7585,Fat,3.3,g
7585,Cholesterol,5.6,mg
7585,Sodium,21.3,mg
7586,Energy,127,cal
7586,Protein,3.1,g
7586,Carbohydrates,21.2,g
7586,Fiber,0.1,g
7586,Fat,3.3,g
7586,Cholesterol,5.6,mg
7586,Sodium,21.3,mg
7587,Energy,127,cal
7587,Protein,3.1,g
7587,Carbohydrates,21.2,g
7587,Fiber,0.1,g
7587,Fat,3.3,g
7587,Cholesterol,5.6,mg
7587,Sodium,21.3,mg
7588,Energy,127,cal
7588,Protein,3.1,g
7588,Carbohydrates,21.2,g
7588,Fiber,0.1,g
7588,Fat,3.3,g
7588,Cholesterol,5.6,mg
7588,Sodium,21.3,mg
7589,Energy,127,cal
7589,Protein,3.1,g
7589,Carbohydrates,21.2,g
7589,Fiber,0.1,g
7589,Fat,3.3,g
7589,Cholesterol,5.6,mg
7589,Sodium,21.3,mg
7594,Energy,37653,cal
7594,Protein,379.9,g
7594,Carbohydrates,1139.4,g
7594,Fiber,1143.2,g
7594,Fat,3512.4,g
7594,Cholesterol,0,mg
7594,Sodium,1730.6,mg
7595,Energy,37653,cal
7595,Protein,379.9,g
7595,Carbohydrates,1139.4,g
7595,Fiber,1143.2,g
7595,Fat,3512.4,g
7595,Cholesterol,0,mg
7595,Sodium,1730.6,mg
7596,Energy,338,cal
7596,Protein,6.3,g
7596,Carbohydrates,21.1,g
7596,Fiber,4.5,g
7596,Fat,24.5,g
7596,Cholesterol,20,mg
7596,Sodium,70.9,mg
7597,Energy,48,cal
7597,Protein,0.1,g
7597,Carbohydrates,2.2,g
7597,Fiber,0,g
7597,Fat,4.4,g
7597,Cholesterol,9.8,mg
7597,Sodium,32.8,mg
7598,Energy,48,cal
7598,Protein,0.1,g
7598,Carbohydrates,2.2,g
7598,Fiber,0,g
7598,Fat,4.4,g
7598,Cholesterol,9.8,mg
7598,Sodium,32.8,mg
7606,Energy,315,cal
7606,Protein,4.7,g
7606,Carbohydrates,40.1,g
7606,Fiber,0.4,g
7606,Fat,12.5,g
7606,Cholesterol,16,mg
7606,Sodium,33.3,mg
7607,Energy,315,cal
7607,Protein,4.7,g
7607,Carbohydrates,40.1,g
7607,Fiber,0.4,g
7607,Fat,12.5,g
7607,Cholesterol,16,mg
7607,Sodium,33.3,mg
7608,Energy,315,cal
7608,Protein,4.7,g
7608,Carbohydrates,40.1,g
7608,Fiber,0.4,g
7608,Fat,12.5,g
7608,Cholesterol,16,mg
7608,Sodium,33.3,mg
7609,Energy,315,cal
7609,Protein,4.7,g
7609,Carbohydrates,40.1,g
7609,Fiber,0.4,g
7609,Fat,12.5,g
7609,Cholesterol,16,mg
7609,Sodium,33.3,mg
7614,Energy,203,cal
7614,Protein,6,g
7614,Carbohydrates,13.5,g
7614,Fiber,4.4,g
7614,Fat,14.7,g
7614,Cholesterol,0,mg
7614,Sodium,18.5,mg
7615,Energy,203,cal
7615,Protein,6,g
7615,Carbohydrates,13.5,g
7615,Fiber,4.4,g
7615,Fat,14.7,g
7615,Cholesterol,0,mg
7615,Sodium,18.5,mg
7616,Energy,203,cal
7616,Protein,6,g
7616,Carbohydrates,13.5,g
7616,Fiber,4.4,g
7616,Fat,14.7,g
7616,Cholesterol,0,mg
7616,Sodium,18.5,mg
7618,Energy,157,cal
7618,Protein,2.2,g
7618,Carbohydrates,29.9,g
7618,Fiber,1.9,g
7618,Fat,3,g
7618,Cholesterol,0,mg
7618,Sodium,13.2,mg
7620,Energy,100,cal
7620,Protein,2.4,g
7620,Carbohydrates,10.4,g
7620,Fiber,2,g
7620,Fat,5.5,g
7620,Cholesterol,0,mg
7620,Sodium,8,mg
7621,Energy,340,cal
7621,Protein,11,g
7621,Carbohydrates,20.9,g
7621,Fiber,0.1,g
7621,Fat,18.3,g
7621,Cholesterol,36,mg
7621,Sodium,42.8,mg
7622,Energy,271,cal
7622,Protein,8,g
7622,Carbohydrates,20.9,g
7622,Fiber,0.1,g
7622,Fat,13.3,g
7622,Cholesterol,26.7,mg
7622,Sodium,31.7,mg
7623,Energy,271,cal
7623,Protein,8,g
7623,Carbohydrates,20.9,g
7623,Fiber,0.1,g
7623,Fat,13.3,g
7623,Cholesterol,26.7,mg
7623,Sodium,31.7,mg
7624,Energy,389,cal
7624,Protein,6.6,g
7624,Carbohydrates,41.5,g
7624,Fiber,0.5,g
7624,Fat,19.5,g
7624,Cholesterol,0,mg
7624,Vitamin A,383.1,mcg
7624,Vitamin B1,0.1,mg
7624,Vitamin B2,0.2,mg
7624,Vitamin B3,0.7,mg
7624,Vitamin C,1.3,mg
7624,Folic Acid,19.1,mcg
7624,Calcium,270.1,mg
7624,Iron,0.7,mg
7624,Magnesium,0,mg
7624,Phosphorus,0,mg
7624,Sodium,32.9,mg
7624,Potassium,147.4,mg
7624,Zinc,0.3,mg
7625,Energy,438,cal
7625,Protein,7.4,g
7625,Carbohydrates,46.7,g
7625,Fiber,0.6,g
7625,Fat,21.9,g
7625,Cholesterol,20,mg
7625,Sodium,37,mg
7626,Energy,429,cal
7626,Protein,5.2,g
7626,Carbohydrates,55.1,g
7626,Fiber,0,g
7626,Fat,19,g
7626,Cholesterol,16,mg
7626,Sodium,41.8,mg
7628,Energy,454,cal
7628,Protein,6.5,g
7628,Carbohydrates,80.8,g
7628,Fiber,0,g
7628,Fat,11.2,g
7628,Cholesterol,16,mg
7628,Sodium,43.7,mg
7629,Energy,454,cal
7629,Protein,6.5,g
7629,Carbohydrates,80.8,g
7629,Fiber,0,g
7629,Fat,11.2,g
7629,Cholesterol,16,mg
7629,Sodium,43.7,mg
7630,Energy,454,cal
7630,Protein,6.5,g
7630,Carbohydrates,80.8,g
7630,Fiber,0,g
7630,Fat,11.2,g
7630,Cholesterol,16,mg
7630,Sodium,43.7,mg
7631,Energy,163,cal
7631,Protein,5,g
7631,Carbohydrates,11.5,g
7631,Fiber,6,g
7631,Fat,10.7,g
7631,Cholesterol,0,mg
7631,Sodium,235.9,mg
7632,Energy,77,cal
7632,Protein,0.6,g
7632,Carbohydrates,5.8,g
7632,Fiber,0.2,g
7632,Fat,5.6,g
7632,Cholesterol,0,mg
7632,Vitamin A,65.4,mcg
7632,Vitamin B1,0,mg
7632,Vitamin B2,0,mg
7632,Vitamin B3,0.2,mg
7632,Vitamin C,0.1,mg
7632,Folic Acid,1.1,mcg
7632,Calcium,1.7,mg
7632,Iron,0.1,mg
7632,Magnesium,0,mg
7632,Phosphorus,0,mg
7632,Sodium,5.4,mg
7632,Potassium,11.1,mg
7632,Zinc,0.1,mg
7633,Energy,77,cal
7633,Protein,0.6,g
7633,Carbohydrates,5.8,g
7633,Fiber,0.2,g
7633,Fat,5.6,g
7633,Cholesterol,0,mg
7633,Vitamin A,65.4,mcg
7633,Vitamin B1,0,mg
7633,Vitamin B2,0,mg
7633,Vitamin B3,0.2,mg
7633,Vitamin C,0.1,mg
7633,Folic Acid,1.1,mcg
7633,Calcium,1.7,mg
7633,Iron,0.1,mg
7633,Magnesium,0,mg
7633,Phosphorus,0,mg
7633,Sodium,5.4,mg
7633,Potassium,11.1,mg
7633,Zinc,0.1,mg
7634,Energy,707,cal
7634,Protein,17.8,g
7634,Carbohydrates,112.1,g
7634,Fiber,9,g
7634,Fat,19.8,g
7634,Cholesterol,0,mg
7634,Vitamin A,186,mcg
7634,Vitamin B1,0.3,mg
7634,Vitamin B2,0.1,mg
7634,Vitamin B3,3.7,mg
7634,Vitamin C,0.2,mg
7634,Folic Acid,73.7,mcg
7634,Calcium,74,mg
7634,Iron,2.6,mg
7634,Magnesium,0,mg
7634,Phosphorus,0,mg
7634,Sodium,25.3,mg
7634,Potassium,473.5,mg
7634,Zinc,2.2,mg
7637,Energy,54,cal
7637,Protein,1.2,g
7637,Carbohydrates,3.7,g
7637,Fiber,1.7,g
7637,Fat,3.8,g
7637,Cholesterol,0.6,mg
7637,Sodium,2.1,mg
7638,Energy,120,cal
7638,Protein,2.3,g
7638,Carbohydrates,13,g
7638,Fiber,0.4,g
7638,Fat,6.5,g
7638,Cholesterol,0.3,mg
7638,Sodium,4.1,mg
7639,Energy,120,cal
7639,Protein,2.3,g
7639,Carbohydrates,13,g
7639,Fiber,0.4,g
7639,Fat,6.5,g
7639,Cholesterol,0.3,mg
7639,Sodium,4.1,mg
7640,Energy,120,cal
7640,Protein,2.3,g
7640,Carbohydrates,13,g
7640,Fiber,0.4,g
7640,Fat,6.5,g
7640,Cholesterol,0.3,mg
7640,Sodium,4.1,mg
7641,Energy,365,cal
7641,Protein,9.1,g
7641,Carbohydrates,63.5,g
7641,Fiber,0.2,g
7641,Fat,8.2,g
7641,Cholesterol,0,mg
7641,Vitamin A,88.1,mcg
7641,Vitamin B1,0.1,mg
7641,Vitamin B2,0.1,mg
7641,Vitamin B3,2,mg
7641,Vitamin C,0,mg
7641,Folic Acid,0,mcg
7641,Calcium,19,mg
7641,Iron,2.2,mg
7641,Magnesium,0,mg
7641,Phosphorus,0,mg
7641,Sodium,7.7,mg
7641,Potassium,107.2,mg
7641,Zinc,0.5,mg
7642,Energy,33,cal
7642,Protein,1.2,g
7642,Carbohydrates,1.6,g
7642,Fiber,0,g
7642,Fat,1.8,g
7642,Cholesterol,4.4,mg
7642,Sodium,5.3,mg
7643,Energy,33,cal
7643,Protein,1.2,g
7643,Carbohydrates,1.6,g
7643,Fiber,0,g
7643,Fat,1.8,g
7643,Cholesterol,4.4,mg
7643,Sodium,5.3,mg
7644,Energy,33,cal
7644,Protein,1.2,g
7644,Carbohydrates,1.6,g
7644,Fiber,0,g
7644,Fat,1.8,g
7644,Cholesterol,4.4,mg
7644,Sodium,5.3,mg
7645,Energy,33,cal
7645,Protein,1.2,g
7645,Carbohydrates,1.6,g
7645,Fiber,0,g
7645,Fat,1.8,g
7645,Cholesterol,4.4,mg
7645,Sodium,5.3,mg
7646,Energy,42,cal
7646,Protein,0.7,g
7646,Carbohydrates,2.1,g
7646,Fiber,0,g
7646,Fat,3.6,g
7646,Cholesterol,0.4,mg
7646,Sodium,32.2,mg
7647,Energy,36,cal
7647,Protein,0.6,g
7647,Carbohydrates,1.8,g
7647,Fiber,0,g
7647,Fat,3.1,g
7647,Cholesterol,0.3,mg
7647,Sodium,27.6,mg
7651,Energy,243,cal
7651,Protein,9.3,g
7651,Carbohydrates,22.4,g
7651,Fiber,4.3,g
7651,Fat,13.3,g
7651,Cholesterol,0,mg
7651,Vitamin A,474.5,mcg
7651,Vitamin B1,0.2,mg
7651,Vitamin B2,0.1,mg
7651,Vitamin B3,0.8,mg
7651,Vitamin C,18.5,mg
7651,Folic Acid,28.4,mcg
7651,Calcium,111.6,mg
7651,Iron,2.2,mg
7651,Magnesium,0,mg
7651,Phosphorus,0,mg
7651,Sodium,71.6,mg
7651,Potassium,98.2,mg
7651,Zinc,0.5,mg
7652,Energy,142,cal
7652,Protein,6.8,g
7652,Carbohydrates,22.8,g
7652,Fiber,7.3,g
7652,Fat,2.7,g
7652,Cholesterol,0,mg
7652,Sodium,8.8,mg
7653,Energy,70,cal
7653,Protein,1,g
7653,Carbohydrates,9.9,g
7653,Fiber,0.6,g
7653,Fat,3.1,g
7653,Cholesterol,0,mg
7653,Sodium,0.8,mg
7654,Energy,70,cal
7654,Protein,1,g
7654,Carbohydrates,9.9,g
7654,Fiber,0.6,g
7654,Fat,3.1,g
7654,Cholesterol,0,mg
7654,Sodium,0.8,mg
7655,Energy,374,cal
7655,Protein,17.6,g
7655,Carbohydrates,47.4,g
7655,Fiber,0,g
7655,Fat,12.9,g
7655,Cholesterol,47.8,mg
7655,Sodium,642,mg
7656,Energy,374,cal
7656,Protein,17.6,g
7656,Carbohydrates,47.4,g
7656,Fiber,0,g
7656,Fat,12.9,g
7656,Cholesterol,47.8,mg
7656,Sodium,642,mg
7657,Energy,175,cal
7657,Protein,3.9,g
7657,Carbohydrates,29,g
7657,Fiber,3.9,g
7657,Fat,5.4,g
7657,Cholesterol,0,mg
7657,Sodium,6.1,mg
7658,Energy,69,cal
7658,Protein,1.5,g
7658,Carbohydrates,5.9,g
7658,Fiber,0.7,g
7658,Fat,4.4,g
7658,Cholesterol,0,mg
7658,Sodium,0.4,mg
7659,Energy,21,cal
7659,Protein,0.6,g
7659,Carbohydrates,3.4,g
7659,Fiber,0.6,g
7659,Fat,0.5,g
7659,Cholesterol,0,mg
7659,Sodium,0.4,mg
7660,Energy,54,cal
7660,Protein,1,g
7660,Carbohydrates,5.9,g
7660,Fiber,0.9,g
7660,Fat,2.9,g
7660,Cholesterol,0,mg
7660,Sodium,0.6,mg
7661,Energy,54,cal
7661,Protein,1,g
7661,Carbohydrates,5.9,g
7661,Fiber,0.9,g
7661,Fat,2.9,g
7661,Cholesterol,0,mg
7661,Sodium,0.6,mg
7662,Energy,35,cal
7662,Protein,1.1,g
7662,Carbohydrates,1.9,g
7662,Fiber,1,g
7662,Fat,2.6,g
7662,Cholesterol,0,mg
7662,Sodium,0.7,mg
7663,Energy,221,cal
7663,Protein,4.1,g
7663,Carbohydrates,40.8,g
7663,Fiber,4,g
7663,Fat,5.1,g
7663,Cholesterol,0,mg
7663,Sodium,6.5,mg
7664,Energy,119,cal
7664,Protein,2.7,g
7664,Carbohydrates,21.7,g
7664,Fiber,2.6,g
7664,Fat,2.7,g
7664,Cholesterol,0,mg
7664,Sodium,4.1,mg
7665,Energy,60,cal
7665,Protein,1.6,g
7665,Carbohydrates,5.3,g
7665,Fiber,1.2,g
7665,Fat,3.7,g
7665,Cholesterol,0,mg
7665,Sodium,1,mg
7666,Energy,62,cal
7666,Protein,1.2,g
7666,Carbohydrates,7.4,g
7666,Fiber,0.9,g
7666,Fat,3.2,g
7666,Cholesterol,0,mg
7666,Sodium,0.8,mg
7667,Energy,62,cal
7667,Protein,1.2,g
7667,Carbohydrates,7.4,g
7667,Fiber,0.9,g
7667,Fat,3.2,g
7667,Cholesterol,0,mg
7667,Sodium,0.8,mg
7668,Energy,261,cal
7668,Protein,4.1,g
7668,Carbohydrates,34.5,g
7668,Fiber,4.1,g
7668,Fat,12,g
7668,Cholesterol,0,mg
7668,Sodium,16.5,mg
7669,Energy,194,cal
7669,Protein,2.6,g
7669,Carbohydrates,24.2,g
7669,Fiber,2.6,g
7669,Fat,9.8,g
7669,Cholesterol,0,mg
7669,Vitamin A,146.4,mcg
7669,Vitamin B1,0.2,mg
7669,Vitamin B2,0,mg
7669,Vitamin B3,1.4,mg
7669,Vitamin C,19,mg
7669,Folic Acid,17,mcg
7669,Calcium,85.6,mg
7669,Iron,1,mg
7669,Magnesium,0,mg
7669,Phosphorus,0,mg
7669,Sodium,11.4,mg
7669,Potassium,255.7,mg
7669,Zinc,1.1,mg
7671,Energy,270,cal
7671,Protein,5.4,g
7671,Carbohydrates,35.6,g
7671,Fiber,5.3,g
7671,Fat,11.8,g
7671,Cholesterol,0,mg
7671,Sodium,17.7,mg
7674,Energy,589,cal
7674,Protein,7.4,g
7674,Carbohydrates,80.5,g
7674,Fiber,1.1,g
7674,Fat,24.4,g
7674,Cholesterol,43.1,mg
7674,Sodium,202.4,mg
7675,Energy,838,cal
7675,Protein,12.5,g
7675,Carbohydrates,79.4,g
7675,Fiber,0.1,g
7675,Fat,51.3,g
7675,Cholesterol,99.4,mg
7675,Sodium,451.2,mg
7676,Energy,1024,cal
7676,Protein,15.5,g
7676,Carbohydrates,99.1,g
7676,Fiber,0.7,g
7676,Fat,55.5,g
7676,Cholesterol,40,mg
7676,Sodium,94.7,mg
7677,Energy,415,cal
7677,Protein,3.7,g
7677,Carbohydrates,14.9,g
7677,Fiber,9.5,g
7677,Fat,37.9,g
7677,Cholesterol,0,mg
7677,Vitamin A,238.1,mcg
7677,Vitamin B1,0.1,mg
7677,Vitamin B2,0.1,mg
7677,Vitamin B3,0.8,mg
7677,Vitamin C,14.8,mg
7677,Folic Acid,21.6,mcg
7677,Calcium,40.9,mg
7677,Iron,1.5,mg
7677,Magnesium,0,mg
7677,Phosphorus,0,mg
7677,Sodium,6.4,mg
7677,Potassium,98.8,mg
7677,Zinc,0.1,mg
7678,Energy,415,cal
7678,Protein,3.7,g
7678,Carbohydrates,14.9,g
7678,Fiber,9.5,g
7678,Fat,37.9,g
7678,Cholesterol,0,mg
7678,Vitamin A,238.1,mcg
7678,Vitamin B1,0.1,mg
7678,Vitamin B2,0.1,mg
7678,Vitamin B3,0.8,mg
7678,Vitamin C,14.8,mg
7678,Folic Acid,21.6,mcg
7678,Calcium,40.9,mg
7678,Iron,1.5,mg
7678,Magnesium,0,mg
7678,Phosphorus,0,mg
7678,Sodium,6.4,mg
7678,Potassium,98.8,mg
7678,Zinc,0.1,mg
7679,Energy,415,cal
7679,Protein,3.7,g
7679,Carbohydrates,14.9,g
7679,Fiber,9.5,g
7679,Fat,37.9,g
7679,Cholesterol,0,mg
7679,Vitamin A,238.1,mcg
7679,Vitamin B1,0.1,mg
7679,Vitamin B2,0.1,mg
7679,Vitamin B3,0.8,mg
7679,Vitamin C,14.8,mg
7679,Folic Acid,21.6,mcg
7679,Calcium,40.9,mg
7679,Iron,1.5,mg
7679,Magnesium,0,mg
7679,Phosphorus,0,mg
7679,Sodium,6.4,mg
7679,Potassium,98.8,mg
7679,Zinc,0.1,mg
7680,Energy,415,cal
7680,Protein,3.7,g
7680,Carbohydrates,14.9,g
7680,Fiber,9.5,g
7680,Fat,37.9,g
7680,Cholesterol,0,mg
7680,Vitamin A,238.1,mcg
7680,Vitamin B1,0.1,mg
7680,Vitamin B2,0.1,mg
7680,Vitamin B3,0.8,mg
7680,Vitamin C,14.8,mg
7680,Folic Acid,21.6,mcg
7680,Calcium,40.9,mg
7680,Iron,1.5,mg
7680,Magnesium,0,mg
7680,Phosphorus,0,mg
7680,Sodium,6.4,mg
7680,Potassium,98.8,mg
7680,Zinc,0.1,mg
7681,Energy,415,cal
7681,Protein,3.7,g
7681,Carbohydrates,14.9,g
7681,Fiber,9.5,g
7681,Fat,37.9,g
7681,Cholesterol,0,mg
7681,Vitamin A,238.1,mcg
7681,Vitamin B1,0.1,mg
7681,Vitamin B2,0.1,mg
7681,Vitamin B3,0.8,mg
7681,Vitamin C,14.8,mg
7681,Folic Acid,21.6,mcg
7681,Calcium,40.9,mg
7681,Iron,1.5,mg
7681,Magnesium,0,mg
7681,Phosphorus,0,mg
7681,Sodium,6.4,mg
7681,Potassium,98.8,mg
7681,Zinc,0.1,mg
7682,Energy,415,cal
7682,Protein,3.7,g
7682,Carbohydrates,14.9,g
7682,Fiber,9.5,g
7682,Fat,37.9,g
7682,Cholesterol,0,mg
7682,Vitamin A,238.1,mcg
7682,Vitamin B1,0.1,mg
7682,Vitamin B2,0.1,mg
7682,Vitamin B3,0.8,mg
7682,Vitamin C,14.8,mg
7682,Folic Acid,21.6,mcg
7682,Calcium,40.9,mg
7682,Iron,1.5,mg
7682,Magnesium,0,mg
7682,Phosphorus,0,mg
7682,Sodium,6.4,mg
7682,Potassium,98.8,mg
7682,Zinc,0.1,mg
7683,Energy,166,cal
7683,Protein,4.7,g
7683,Carbohydrates,23.5,g
7683,Fiber,4.6,g
7683,Fat,6.3,g
7683,Cholesterol,7.5,mg
7683,Sodium,38.9,mg
7684,Energy,190,cal
7684,Protein,2.9,g
7684,Carbohydrates,23.4,g
7684,Fiber,1.3,g
7684,Fat,9.3,g
7684,Cholesterol,0,mg
7684,Vitamin A,246.5,mcg
7684,Vitamin B1,0.1,mg
7684,Vitamin B2,0,mg
7684,Vitamin B3,1.1,mg
7684,Vitamin C,3.6,mg
7684,Folic Acid,5.5,mcg
7684,Calcium,35.8,mg
7684,Iron,0.9,mg
7684,Magnesium,0,mg
7684,Phosphorus,0,mg
7684,Sodium,8,mg
7684,Potassium,57.6,mg
7684,Zinc,0.5,mg
7685,Energy,196,cal
7685,Protein,6.2,g
7685,Carbohydrates,41.5,g
7685,Fiber,0,g
7685,Fat,0.6,g
7685,Cholesterol,0,mg
7685,Vitamin A,0,mcg
7685,Vitamin B1,0.1,mg
7685,Vitamin B2,0,mg
7685,Vitamin B3,0.6,mg
7685,Vitamin C,0,mg
7685,Folic Acid,0,mcg
7685,Calcium,8.8,mg
7685,Iron,0.9,mg
7685,Magnesium,0,mg
7685,Phosphorus,0,mg
7685,Sodium,0,mg
7685,Potassium,0,mg
7685,Zinc,0,mg
7686,Energy,196,cal
7686,Protein,6.2,g
7686,Carbohydrates,41.5,g
7686,Fiber,0,g
7686,Fat,0.6,g
7686,Cholesterol,0,mg
7686,Vitamin A,0,mcg
7686,Vitamin B1,0.1,mg
7686,Vitamin B2,0,mg
7686,Vitamin B3,0.6,mg
7686,Vitamin C,0,mg
7686,Folic Acid,0,mcg
7686,Calcium,8.8,mg
7686,Iron,0.9,mg
7686,Magnesium,0,mg
7686,Phosphorus,0,mg
7686,Sodium,0,mg
7686,Potassium,0,mg
7686,Zinc,0,mg
7687,Energy,347,cal
7687,Protein,8.1,g
7687,Carbohydrates,43.8,g
7687,Fiber,5.5,g
7687,Fat,15.7,g
7687,Cholesterol,16.9,mg
7687,Vitamin A,1501.2,mcg
7687,Vitamin B1,1,mg
7687,Vitamin B2,0.1,mg
7687,Vitamin B3,1,mg
7687,Vitamin C,252.6,mg
7687,Folic Acid,7.2,mcg
7687,Calcium,41,mg
7687,Iron,2.1,mg
7687,Magnesium,0,mg
7687,Phosphorus,0,mg
7687,Sodium,63.5,mg
7687,Potassium,89.8,mg
7687,Zinc,0.4,mg
7688,Energy,347,cal
7688,Protein,8.1,g
7688,Carbohydrates,43.8,g
7688,Fiber,5.5,g
7688,Fat,15.7,g
7688,Cholesterol,16.9,mg
7688,Vitamin A,1501.2,mcg
7688,Vitamin B1,1,mg
7688,Vitamin B2,0.1,mg
7688,Vitamin B3,1,mg
7688,Vitamin C,252.6,mg
7688,Folic Acid,7.2,mcg
7688,Calcium,41,mg
7688,Iron,2.1,mg
7688,Magnesium,0,mg
7688,Phosphorus,0,mg
7688,Sodium,63.5,mg
7688,Potassium,89.8,mg
7688,Zinc,0.4,mg
7689,Energy,21,cal
7689,Protein,0.4,g
7689,Carbohydrates,2.6,g
7689,Fiber,0,g
7689,Fat,1,g
7689,Cholesterol,0,mg
7689,Vitamin A,8.4,mcg
7689,Vitamin B1,0,mg
7689,Vitamin B2,0,mg
7689,Vitamin B3,0,mg
7689,Vitamin C,0,mg
7689,Folic Acid,0,mcg
7689,Calcium,0.6,mg
7689,Iron,0.1,mg
7689,Magnesium,0,mg
7689,Phosphorus,0,mg
7689,Sodium,0,mg
7689,Potassium,0,mg
7689,Zinc,0,mg
7690,Energy,21,cal
7690,Protein,0.4,g
7690,Carbohydrates,2.6,g
7690,Fiber,0,g
7690,Fat,1,g
7690,Cholesterol,0,mg
7690,Vitamin A,8.4,mcg
7690,Vitamin B1,0,mg
7690,Vitamin B2,0,mg
7690,Vitamin B3,0,mg
7690,Vitamin C,0,mg
7690,Folic Acid,0,mcg
7690,Calcium,0.6,mg
7690,Iron,0.1,mg
7690,Magnesium,0,mg
7690,Phosphorus,0,mg
7690,Sodium,0,mg
7690,Potassium,0,mg
7690,Zinc,0,mg
7691,Energy,21,cal
7691,Protein,0.4,g
7691,Carbohydrates,2.6,g
7691,Fiber,0,g
7691,Fat,1,g
7691,Cholesterol,0,mg
7691,Vitamin A,8.4,mcg
7691,Vitamin B1,0,mg
7691,Vitamin B2,0,mg
7691,Vitamin B3,0,mg
7691,Vitamin C,0,mg
7691,Folic Acid,0,mcg
7691,Calcium,0.6,mg
7691,Iron,0.1,mg
7691,Magnesium,0,mg
7691,Phosphorus,0,mg
7691,Sodium,0,mg
7691,Potassium,0,mg
7691,Zinc,0,mg
7692,Energy,15,cal
7692,Protein,1.5,g
7692,Carbohydrates,0.7,g
7692,Fiber,0.8,g
7692,Fat,0.7,g
7692,Cholesterol,0,mg
7692,Sodium,103.4,mg
7693,Energy,15,cal
7693,Protein,1.5,g
7693,Carbohydrates,0.7,g
7693,Fiber,0.8,g
7693,Fat,0.7,g
7693,Cholesterol,0,mg
7693,Sodium,103.4,mg
7694,Energy,99,cal
7694,Protein,4.2,g
7694,Carbohydrates,8.4,g
7694,Fiber,1.5,g
7694,Fat,5.3,g
7694,Cholesterol,0,mg
7694,Sodium,3.9,mg
7695,Energy,99,cal
7695,Protein,4.2,g
7695,Carbohydrates,8.4,g
7695,Fiber,1.5,g
7695,Fat,5.3,g
7695,Cholesterol,0,mg
7695,Sodium,3.9,mg
7696,Energy,99,cal
7696,Protein,4.2,g
7696,Carbohydrates,8.4,g
7696,Fiber,1.5,g
7696,Fat,5.3,g
7696,Cholesterol,0,mg
7696,Sodium,3.9,mg
7697,Energy,160,cal
7697,Protein,7.2,g
7697,Carbohydrates,15.4,g
7697,Fiber,5.7,g
7697,Fat,8,g
7697,Cholesterol,0,mg
7697,Sodium,734.1,mg
7698,Energy,181,cal
7698,Protein,7.6,g
7698,Carbohydrates,13.7,g
7698,Fiber,6.4,g
7698,Fat,10.7,g
7698,Cholesterol,0,mg
7698,Sodium,171.9,mg
7699,Energy,181,cal
7699,Protein,7.6,g
7699,Carbohydrates,13.7,g
7699,Fiber,6.4,g
7699,Fat,10.7,g
7699,Cholesterol,0,mg
7699,Sodium,171.9,mg
7700,Energy,96,cal
7700,Protein,7.5,g
7700,Carbohydrates,9.6,g
7700,Fiber,6.4,g
7700,Fat,3,g
7700,Cholesterol,0,mg
7700,Sodium,9.4,mg
7701,Energy,52,cal
7701,Protein,1.6,g
7701,Carbohydrates,5.4,g
7701,Fiber,1.5,g
7701,Fat,2.9,g
7701,Cholesterol,0,mg
7701,Sodium,197.6,mg
7702,Energy,21,cal
7702,Protein,0.8,g
7702,Carbohydrates,4.4,g
7702,Fiber,0.8,g
7702,Fat,0.2,g
7702,Cholesterol,0,mg
7702,Sodium,18.1,mg
7703,Energy,43,cal
7703,Protein,0.3,g
7703,Carbohydrates,2,g
7703,Fiber,0.7,g
7703,Fat,3.8,g
7703,Cholesterol,0,mg
7703,Vitamin A,239.7,mcg
7703,Vitamin B1,0,mg
7703,Vitamin B2,0,mg
7703,Vitamin B3,0.4,mg
7703,Vitamin C,2.7,mg
7703,Folic Acid,4,mcg
7703,Calcium,12.4,mg
7703,Iron,0.3,mg
7703,Magnesium,0,mg
7703,Phosphorus,0,mg
7703,Sodium,4.2,mg
7703,Potassium,57.7,mg
7703,Zinc,0.1,mg
7704,Energy,17,cal
7704,Protein,0.8,g
7704,Carbohydrates,3.4,g
7704,Fiber,1.3,g
7704,Fat,0.1,g
7704,Cholesterol,0,mg
7704,Sodium,12.3,mg
7705,Energy,32,cal
7705,Protein,1.6,g
7705,Carbohydrates,6.1,g
7705,Fiber,2.3,g
7705,Fat,0.2,g
7705,Cholesterol,0,mg
7705,Sodium,30.1,mg
7706,Energy,32,cal
7706,Protein,1.6,g
7706,Carbohydrates,6.1,g
7706,Fiber,2.3,g
7706,Fat,0.2,g
7706,Cholesterol,0,mg
7706,Sodium,30.1,mg
7707,Energy,835,cal
7707,Protein,27.9,g
7707,Carbohydrates,126.4,g
7707,Fiber,41.4,g
7707,Fat,26.3,g
7707,Cholesterol,0,mg
7707,Vitamin A,4612.6,mcg
7707,Vitamin B1,2,mg
7707,Vitamin B2,0.8,mg
7707,Vitamin B3,4.6,mg
7707,Vitamin C,469.2,mg
7707,Folic Acid,378.9,mcg
7707,Calcium,819.3,mg
7707,Iron,9.1,mg
7707,Magnesium,0,mg
7707,Phosphorus,0,mg
7707,Sodium,1232.6,mg
7707,Potassium,2482.7,mg
7707,Zinc,4.2,mg
7710,Energy,94,cal
7710,Protein,1.7,g
7710,Carbohydrates,6.2,g
7710,Fiber,3.8,g
7710,Fat,6.9,g
7710,Cholesterol,0,mg
7710,Vitamin A,527.9,mcg
7710,Vitamin B1,0.1,mg
7710,Vitamin B2,0.1,mg
7710,Vitamin B3,0.6,mg
7710,Vitamin C,33.7,mg
7710,Folic Acid,36.7,mcg
7710,Calcium,60.2,mg
7710,Iron,1,mg
7710,Magnesium,0,mg
7710,Phosphorus,0,mg
7710,Sodium,16,mg
7710,Potassium,174.7,mg
7710,Zinc,0,mg
7711,Energy,262,cal
7711,Protein,2.8,g
7711,Carbohydrates,14.1,g
7711,Fiber,5.5,g
7711,Fat,21.7,g
7711,Cholesterol,0,mg
7711,Sodium,20.2,mg
7712,Energy,262,cal
7712,Protein,2.8,g
7712,Carbohydrates,14.1,g
7712,Fiber,5.5,g
7712,Fat,21.7,g
7712,Cholesterol,0,mg
7712,Sodium,20.2,mg
7713,Energy,45,cal
7713,Protein,1.4,g
7713,Carbohydrates,9.5,g
7713,Fiber,1.4,g
7713,Fat,0.3,g
7713,Cholesterol,0,mg
7713,Sodium,3.3,mg
7716,Energy,30,cal
7716,Protein,0.3,g
7716,Carbohydrates,1.6,g
7716,Fiber,0.3,g
7716,Fat,2.3,g
7716,Cholesterol,0,mg
7716,Sodium,2.8,mg
7717,Energy,183,cal
7717,Protein,2,g
7717,Carbohydrates,0.8,g
7717,Fiber,0.2,g
7717,Fat,19.1,g
7717,Cholesterol,3.1,mg
7717,Vitamin A,209,mcg
7717,Vitamin B1,0,mg
7717,Vitamin B2,0,mg
7717,Vitamin B3,0.1,mg
7717,Vitamin C,2.6,mg
7717,Folic Acid,3.4,mcg
7717,Calcium,39.3,mg
7717,Iron,0.1,mg
7717,Magnesium,0,mg
7717,Phosphorus,0,mg
7717,Sodium,98.3,mg
7717,Potassium,23,mg
7717,Zinc,0.1,mg
7718,Energy,83,cal
7718,Protein,1,g
7718,Carbohydrates,19.3,g
7718,Fiber,3.4,g
7718,Fat,0.5,g
7718,Cholesterol,0,mg
7718,Sodium,480.6,mg
7719,Energy,165,cal
7719,Protein,3.6,g
7719,Carbohydrates,5.9,g
7719,Fiber,2.9,g
7719,Fat,5.2,g
7719,Cholesterol,0,mg
7719,Sodium,13.3,mg
7720,Energy,165,cal
7720,Protein,3.6,g
7720,Carbohydrates,5.9,g
7720,Fiber,2.9,g
7720,Fat,5.2,g
7720,Cholesterol,0,mg
7720,Sodium,13.3,mg
7721,Energy,351,cal
7721,Protein,10.4,g
7721,Carbohydrates,34.1,g
7721,Fiber,0.5,g
7721,Fat,19.1,g
7721,Cholesterol,11,mg
7721,Vitamin A,393.1,mcg
7721,Vitamin B1,0.1,mg
7721,Vitamin B2,0,mg
7721,Vitamin B3,1.1,mg
7721,Vitamin C,6.2,mg
7721,Folic Acid,7.1,mcg
7721,Calcium,150.2,mg
7721,Iron,1.2,mg
7721,Magnesium,0,mg
7721,Phosphorus,0,mg
7721,Sodium,367.9,mg
7721,Potassium,93.3,mg
7721,Zinc,0,mg
7722,Energy,351,cal
7722,Protein,10.4,g
7722,Carbohydrates,34.1,g
7722,Fiber,0.5,g
7722,Fat,19.1,g
7722,Cholesterol,11,mg
7722,Vitamin A,393.1,mcg
7722,Vitamin B1,0.1,mg
7722,Vitamin B2,0,mg
7722,Vitamin B3,1.1,mg
7722,Vitamin C,6.2,mg
7722,Folic Acid,7.1,mcg
7722,Calcium,150.2,mg
7722,Iron,1.2,mg
7722,Magnesium,0,mg
7722,Phosphorus,0,mg
7722,Sodium,367.9,mg
7722,Potassium,93.3,mg
7722,Zinc,0,mg
7723,Energy,143,cal
7723,Protein,5,g
7723,Carbohydrates,23.6,g
7723,Fiber,0.5,g
7723,Fat,3.1,g
7723,Cholesterol,9.8,mg
7723,Sodium,121.5,mg
7724,Energy,124,cal
7724,Protein,6.3,g
7724,Carbohydrates,12.1,g
7724,Fiber,0,g
7724,Fat,5.3,g
7724,Cholesterol,0,mg
7724,Vitamin A,66.3,mcg
7724,Vitamin B1,0,mg
7724,Vitamin B2,0,mg
7724,Vitamin B3,0.2,mg
7724,Vitamin C,0.1,mg
7724,Folic Acid,0.6,mcg
7724,Calcium,166,mg
7724,Iron,0.6,mg
7724,Magnesium,0,mg
7724,Phosphorus,0,mg
7724,Sodium,2.1,mg
7724,Potassium,10,mg
7724,Zinc,0,mg
7725,Energy,9,cal
7725,Protein,0.3,g
7725,Carbohydrates,0.9,g
7725,Fiber,0.2,g
7725,Fat,0.5,g
7725,Cholesterol,0,mg
7725,Sodium,15.5,mg
7726,Energy,18,cal
7726,Protein,0.2,g
7726,Carbohydrates,1.1,g
7726,Fiber,0.3,g
7726,Fat,1.4,g
7726,Cholesterol,0,mg
7726,Sodium,2.2,mg
7728,Energy,15,cal
7728,Protein,0.4,g
7728,Carbohydrates,1.7,g
7728,Fiber,0.5,g
7728,Fat,0.8,g
7728,Cholesterol,0,mg
7728,Sodium,3.4,mg
7729,Energy,31,cal
7729,Protein,0.5,g
7729,Carbohydrates,2.1,g
7729,Fiber,0.6,g
7729,Fat,2.2,g
7729,Cholesterol,0,mg
7729,Sodium,3.8,mg
7730,Energy,23,cal
7730,Protein,0.3,g
7730,Carbohydrates,1.4,g
7730,Fiber,0.4,g
7730,Fat,1.8,g
7730,Cholesterol,0,mg
7730,Sodium,1.5,mg
7731,Energy,96,cal
7731,Protein,4.3,g
7731,Carbohydrates,17.3,g
7731,Fiber,8.2,g
7731,Fat,1,g
7731,Cholesterol,0,mg
7731,Vitamin A,1684.8,mcg
7731,Vitamin B1,0.6,mg
7731,Vitamin B2,0.3,mg
7731,Vitamin B3,1.9,mg
7731,Vitamin C,129.6,mg
7731,Folic Acid,144,mcg
7731,Calcium,230.4,mg
7731,Iron,3.1,mg
7731,Magnesium,0,mg
7731,Phosphorus,0,mg
7731,Sodium,61.9,mg
7731,Potassium,700.8,mg
7731,Zinc,0,mg
7732,Energy,18,cal
7732,Protein,0.3,g
7732,Carbohydrates,2,g
7732,Fiber,0.3,g
7732,Fat,1.1,g
7732,Cholesterol,0,mg
7732,Sodium,1.8,mg
7733,Energy,57,cal
7733,Protein,0.6,g
7733,Carbohydrates,2.5,g
7733,Fiber,0.8,g
7733,Fat,5,g
7733,Cholesterol,0,mg
7733,Sodium,8.1,mg
7734,Energy,53,cal
7734,Protein,1,g
7734,Carbohydrates,3.2,g
7734,Fiber,1.5,g
7734,Fat,4,g
7734,Cholesterol,0,mg
7734,Sodium,23.6,mg
7736,Protein,10,g
7736,Cho,7,g
7736,Fat,0.5,g
7736,Calories,70,calories
7737,Energy,84,cal
7737,Protein,0.7,g
7737,Carbohydrates,8.6,g
7737,Fiber,1.4,g
7737,Fat,5.2,g
7737,Cholesterol,0,mg
7737,Sodium,10.3,mg
7738,Energy,124,cal
7738,Protein,3.2,g
7738,Carbohydrates,14.9,g
7738,Fiber,5.5,g
7738,Fat,5.7,g
7738,Cholesterol,0,mg
7738,Sodium,41.6,mg
7739,Energy,124,cal
7739,Protein,3.2,g
7739,Carbohydrates,14.9,g
7739,Fiber,5.5,g
7739,Fat,5.7,g
7739,Cholesterol,0,mg
7739,Sodium,41.6,mg
7740,Energy,42,cal
7740,Protein,0.2,g
7740,Carbohydrates,10.1,g
7740,Fiber,0.4,g
7740,Fat,0.1,g
7740,Cholesterol,0,mg
7740,Sodium,2.6,mg
7741,Energy,42,cal
7741,Protein,0.2,g
7741,Carbohydrates,10.1,g
7741,Fiber,0.4,g
7741,Fat,0.1,g
7741,Cholesterol,0,mg
7741,Sodium,2.6,mg
7742,Energy,143,cal
7742,Protein,5.4,g
7742,Carbohydrates,16.1,g
7742,Fiber,4.1,g
7742,Fat,6.4,g
7742,Cholesterol,0,mg
7742,Sodium,21,mg
7743,Energy,140,cal
7743,Protein,5,g
7743,Carbohydrates,9.8,g
7743,Fiber,0.8,g
7743,Fat,6.6,g
7743,Cholesterol,16,mg
7743,Sodium,25,mg
7744,Energy,86,cal
7744,Protein,2.4,g
7744,Carbohydrates,3.3,g
7744,Fiber,0.4,g
7744,Fat,5.8,g
7744,Cholesterol,8,mg
7744,Sodium,13,mg
7745,Energy,743,cal
7745,Protein,9.9,g
7745,Carbohydrates,65.9,g
7745,Fiber,0.7,g
7745,Fat,48.8,g
7745,Cholesterol,0,mg
7745,Vitamin A,538.2,mcg
7745,Vitamin B1,0.1,mg
7745,Vitamin B2,0.1,mg
7745,Vitamin B3,2.2,mg
7745,Vitamin C,6.5,mg
7745,Folic Acid,7.2,mcg
7745,Calcium,31.8,mg
7745,Iron,2.5,mg
7745,Magnesium,0,mg
7745,Phosphorus,0,mg
7745,Sodium,11.3,mg
7745,Potassium,149.4,mg
7745,Zinc,0.5,mg
7746,Energy,189,cal
7746,Protein,2.5,g
7746,Carbohydrates,26,g
7746,Fiber,0.8,g
7746,Fat,8.2,g
7746,Cholesterol,0.6,mg
7746,Sodium,8.7,mg
7747,Energy,189,cal
7747,Protein,2.5,g
7747,Carbohydrates,26,g
7747,Fiber,0.8,g
7747,Fat,8.2,g
7747,Cholesterol,0.6,mg
7747,Sodium,8.7,mg
7748,Energy,18,cal
7748,Protein,0.7,g
7748,Carbohydrates,0.9,g
7748,Fiber,0.1,g
7748,Fat,0.9,g
7748,Cholesterol,2.3,mg
7748,Sodium,3.7,mg
7749,Energy,18,cal
7749,Protein,0.7,g
7749,Carbohydrates,0.9,g
7749,Fiber,0.1,g
7749,Fat,0.9,g
7749,Cholesterol,2.3,mg
7749,Sodium,3.7,mg
7750,Energy,18,cal
7750,Protein,0.7,g
7750,Carbohydrates,0.9,g
7750,Fiber,0.1,g
7750,Fat,0.9,g
7750,Cholesterol,2.3,mg
7750,Sodium,3.7,mg
7751,Energy,18,cal
7751,Protein,0.7,g
7751,Carbohydrates,0.9,g
7751,Fiber,0.1,g
7751,Fat,0.9,g
7751,Cholesterol,2.3,mg
7751,Sodium,3.7,mg
7753,Energy,2,cal
7753,Protein,0.1,g
7753,Carbohydrates,0.4,g
7753,Fiber,0.2,g
7753,Fat,0,g
7753,Cholesterol,0,mg
7753,Sodium,1.2,mg
7754,Energy,158,cal
7754,Protein,2.2,g
7754,Carbohydrates,35.9,g
7754,Fiber,3.9,g
7754,Fat,0.6,g
7754,Cholesterol,0,mg
7754,Sodium,21,mg
7755,Energy,158,cal
7755,Protein,2.2,g
7755,Carbohydrates,35.9,g
7755,Fiber,3.9,g
7755,Fat,0.6,g
7755,Cholesterol,0,mg
7755,Sodium,21,mg
7757,Energy,145,cal
7757,Protein,2.6,g
7757,Carbohydrates,12,g
7757,Fiber,5.4,g
7757,Fat,9.5,g
7757,Cholesterol,0,mg
7757,Sodium,26.1,mg
7758,Energy,133,cal
7758,Protein,1.5,g
7758,Carbohydrates,12.3,g
7758,Fiber,2.3,g
7758,Fat,8.5,g
7758,Cholesterol,0,mg
7758,Sodium,17.5,mg
7759,Energy,53,cal
7759,Protein,2.1,g
7759,Carbohydrates,7.1,g
7759,Fiber,1.4,g
7759,Fat,1.8,g
7759,Cholesterol,5,mg
7759,Sodium,25.2,mg
7760,Energy,53,cal
7760,Protein,2.1,g
7760,Carbohydrates,7.1,g
7760,Fiber,1.4,g
7760,Fat,1.8,g
7760,Cholesterol,5,mg
7760,Sodium,25.2,mg
7761,Energy,213,cal
7761,Protein,4.4,g
7761,Carbohydrates,31,g
7761,Fiber,0.8,g
7761,Fat,7.9,g
7761,Cholesterol,0,mg
7761,Sodium,13.1,mg
7764,Energy,15,cal
7764,Protein,0.7,g
7764,Carbohydrates,2.9,g
7764,Fiber,1.6,g
7764,Fat,0.1,g
7764,Cholesterol,0,mg
7764,Sodium,93.1,mg
7765,Energy,15,cal
7765,Protein,0.7,g
7765,Carbohydrates,2.9,g
7765,Fiber,1.6,g
7765,Fat,0.1,g
7765,Cholesterol,0,mg
7765,Sodium,93.1,mg
7766,Energy,67,cal
7766,Protein,1.8,g
7766,Carbohydrates,13.9,g
7766,Fiber,4.3,g
7766,Fat,0.4,g
7766,Cholesterol,0,mg
7766,Sodium,31.3,mg
7767,Energy,67,cal
7767,Protein,1.8,g
7767,Carbohydrates,13.9,g
7767,Fiber,4.3,g
7767,Fat,0.4,g
7767,Cholesterol,0,mg
7767,Sodium,31.3,mg
7768,Energy,38,cal
7768,Protein,1.6,g
7768,Carbohydrates,4.9,g
7768,Fiber,2.2,g
7768,Fat,1.5,g
7768,Cholesterol,0,mg
7768,Sodium,14.4,mg
7769,Energy,67,cal
7769,Protein,2.1,g
7769,Carbohydrates,7,g
7769,Fiber,1.4,g
7769,Fat,2.9,g
7769,Cholesterol,0,mg
7769,Vitamin A,378.1,mcg
7769,Vitamin B1,0.1,mg
7769,Vitamin B2,0.1,mg
7769,Vitamin B3,0.6,mg
7769,Vitamin C,24.8,mg
7769,Folic Acid,25.7,mcg
7769,Calcium,78.8,mg
7769,Iron,0.7,mg
7769,Magnesium,0,mg
7769,Phosphorus,0,mg
7769,Sodium,29.5,mg
7769,Potassium,142.2,mg
7769,Zinc,0.1,mg
7770,Energy,59,cal
7770,Protein,0.3,g
7770,Carbohydrates,2.8,g
7770,Fiber,1.2,g
7770,Fat,5.1,g
7770,Cholesterol,0,mg
7770,Vitamin A,66.1,mcg
7770,Vitamin B1,0,mg
7770,Vitamin B2,0,mg
7770,Vitamin B3,0.1,mg
7770,Vitamin C,3.2,mg
7770,Folic Acid,0,mcg
7770,Calcium,11.5,mg
7770,Iron,0.2,mg
7770,Magnesium,0,mg
7770,Phosphorus,0,mg
7770,Sodium,1.9,mg
7770,Potassium,32,mg
7770,Zinc,0.3,mg
7771,Energy,360,cal
7771,Protein,9.1,g
7771,Carbohydrates,62,g
7771,Fiber,8.2,g
7771,Fat,8.4,g
7771,Cholesterol,0,mg
7771,Sodium,17.1,mg
7772,Energy,360,cal
7772,Protein,9.1,g
7772,Carbohydrates,62,g
7772,Fiber,8.2,g
7772,Fat,8.4,g
7772,Cholesterol,0,mg
7772,Sodium,17.1,mg
7773,Energy,78,cal
7773,Protein,3.4,g
7773,Carbohydrates,12.7,g
7773,Fiber,1.7,g
7773,Fat,1.7,g
7773,Cholesterol,0,mg
7773,Sodium,4.8,mg
7774,Energy,151,cal
7774,Protein,7.5,g
7774,Carbohydrates,22,g
7774,Fiber,3.3,g
7774,Fat,3.7,g
7774,Cholesterol,0,mg
7774,Sodium,10.5,mg
7775,Energy,525,cal
7775,Protein,20.6,g
7775,Carbohydrates,53.9,g
7775,Fiber,9.3,g
7775,Fat,25.1,g
7775,Cholesterol,1.2,mg
7775,Sodium,35.7,mg
7776,Energy,525,cal
7776,Protein,20.6,g
7776,Carbohydrates,53.9,g
7776,Fiber,9.3,g
7776,Fat,25.1,g
7776,Cholesterol,1.2,mg
7776,Sodium,35.7,mg
7777,Energy,36,cal
7777,Protein,0.7,g
7777,Carbohydrates,3.4,g
7777,Fiber,0,g
7777,Fat,2.1,g
7777,Cholesterol,0.8,mg
7777,Vitamin A,20.3,mcg
7777,Vitamin B1,0,mg
7777,Vitamin B2,0,mg
7777,Vitamin B3,0.1,mg
7777,Vitamin C,0,mg
7777,Folic Acid,0,mcg
7777,Calcium,7.6,mg
7777,Iron,0.1,mg
7777,Magnesium,0,mg
7777,Phosphorus,0,mg
7777,Sodium,0.4,mg
7777,Potassium,6,mg
7777,Zinc,0,mg
7778,Energy,36,cal
7778,Protein,0.7,g
7778,Carbohydrates,3.4,g
7778,Fiber,0,g
7778,Fat,2.1,g
7778,Cholesterol,0.8,mg
7778,Vitamin A,20.3,mcg
7778,Vitamin B1,0,mg
7778,Vitamin B2,0,mg
7778,Vitamin B3,0.1,mg
7778,Vitamin C,0,mg
7778,Folic Acid,0,mcg
7778,Calcium,7.6,mg
7778,Iron,0.1,mg
7778,Magnesium,0,mg
7778,Phosphorus,0,mg
7778,Sodium,0.4,mg
7778,Potassium,6,mg
7778,Zinc,0,mg
7779,Energy,36,cal
7779,Protein,0.7,g
7779,Carbohydrates,3.4,g
7779,Fiber,0,g
7779,Fat,2.1,g
7779,Cholesterol,0.8,mg
7779,Vitamin A,20.3,mcg
7779,Vitamin B1,0,mg
7779,Vitamin B2,0,mg
7779,Vitamin B3,0.1,mg
7779,Vitamin C,0,mg
7779,Folic Acid,0,mcg
7779,Calcium,7.6,mg
7779,Iron,0.1,mg
7779,Magnesium,0,mg
7779,Phosphorus,0,mg
7779,Sodium,0.4,mg
7779,Potassium,6,mg
7779,Zinc,0,mg
7780,Energy,460,cal
7780,Protein,5.2,g
7780,Carbohydrates,38.8,g
7780,Fiber,4.6,g
7780,Fat,32.2,g
7780,Cholesterol,0,mg
7780,Vitamin A,998.8,mcg
7780,Vitamin B1,0.2,mg
7780,Vitamin B2,0.1,mg
7780,Vitamin B3,2.2,mg
7780,Vitamin C,44.4,mg
7780,Folic Acid,57.6,mcg
7780,Calcium,87.6,mg
7780,Iron,2.7,mg
7780,Magnesium,0,mg
7780,Phosphorus,0,mg
7780,Sodium,74.3,mg
7780,Potassium,363.1,mg
7780,Zinc,0.1,mg
7781,Energy,110,cal
7781,Protein,1.6,g
7781,Carbohydrates,18,g
7781,Fiber,1.7,g
7781,Fat,3.7,g
7781,Cholesterol,0,mg
7781,Sodium,1.2,mg
7782,Energy,110,cal
7782,Protein,1.6,g
7782,Carbohydrates,18,g
7782,Fiber,1.7,g
7782,Fat,3.7,g
7782,Cholesterol,0,mg
7782,Sodium,1.2,mg
7783,Energy,110,cal
7783,Protein,1.6,g
7783,Carbohydrates,18,g
7783,Fiber,1.7,g
7783,Fat,3.7,g
7783,Cholesterol,0,mg
7783,Sodium,1.2,mg
7784,Energy,146,cal
7784,Protein,1.5,g
7784,Carbohydrates,20.9,g
7784,Fiber,2,g
7784,Fat,6.2,g
7784,Cholesterol,0,mg
7784,Sodium,3.7,mg
7785,Energy,186,cal
7785,Protein,7.3,g
7785,Carbohydrates,19.9,g
7785,Fiber,3.8,g
7785,Fat,8.6,g
7785,Cholesterol,0,mg
7785,Sodium,14.8,mg
7794,Energy,86,cal
7794,Protein,1.2,g
7794,Carbohydrates,19.2,g
7794,Fiber,3.9,g
7794,Fat,0.6,g
7794,Cholesterol,0,mg
7794,Vitamin A,534.8,mcg
7794,Vitamin B1,0.2,mg
7794,Vitamin B2,0,mg
7794,Vitamin B3,0.2,mg
7794,Vitamin C,52.2,mg
7794,Folic Acid,8.9,mcg
7794,Calcium,32,mg
7794,Iron,0.9,mg
7794,Magnesium,0,mg
7794,Phosphorus,0,mg
7794,Sodium,30.1,mg
7794,Potassium,105.9,mg
7794,Zinc,0.1,mg
7795,Energy,231,cal
7795,Protein,1.5,g
7795,Carbohydrates,37.7,g
7795,Fiber,5.8,g
7795,Fat,8,g
7795,Cholesterol,0,mg
7795,Sodium,81.3,mg
7796,Energy,231,cal
7796,Protein,1.5,g
7796,Carbohydrates,37.7,g
7796,Fiber,5.8,g
7796,Fat,8,g
7796,Cholesterol,0,mg
7796,Sodium,81.3,mg
7797,Energy,298,cal
7797,Protein,3.6,g
7797,Carbohydrates,56.5,g
7797,Fiber,2.3,g
7797,Fat,5.7,g
7797,Cholesterol,3.6,mg
7797,Sodium,30.2,mg
7798,Energy,298,cal
7798,Protein,3.6,g
7798,Carbohydrates,56.5,g
7798,Fiber,2.3,g
7798,Fat,5.7,g
7798,Cholesterol,3.6,mg
7798,Sodium,30.2,mg
7799,Energy,379,cal
7799,Protein,3.4,g
7799,Carbohydrates,64.2,g
7799,Fiber,1.8,g
7799,Fat,11.8,g
7799,Cholesterol,0,mg
7799,Sodium,68.9,mg
7800,Energy,9,cal
7800,Protein,0.2,g
7800,Carbohydrates,1.8,g
7800,Fiber,0.3,g
7800,Fat,0.1,g
7800,Cholesterol,0,mg
7800,Sodium,0.3,mg
7802,Energy,84,cal
7802,Protein,2.4,g
7802,Carbohydrates,12.5,g
7802,Fiber,1.3,g
7802,Fat,2.7,g
7802,Cholesterol,0,mg
7802,Sodium,3.5,mg
7803,Energy,56,cal
7803,Protein,2.6,g
7803,Carbohydrates,8.1,g
7803,Fiber,1.6,g
7803,Fat,1.4,g
7803,Cholesterol,0,mg
7803,Sodium,4.2,mg
7804,Energy,103,cal
7804,Protein,5,g
7804,Carbohydrates,13.9,g
7804,Fiber,2.1,g
7804,Fat,3,g
7804,Cholesterol,0,mg
7804,Vitamin A,41.2,mcg
7804,Vitamin B1,0.1,mg
7804,Vitamin B2,0,mg
7804,Vitamin B3,0.6,mg
7804,Vitamin C,2.9,mg
7804,Folic Acid,15.2,mcg
7804,Calcium,12.3,mg
7804,Iron,23.4,mg
7804,Magnesium,0,mg
7804,Phosphorus,0,mg
7804,Sodium,219.8,mg
7804,Potassium,32.2,mg
7804,Zinc,0.2,mg
7805,Energy,151,cal
7805,Protein,1.1,g
7805,Carbohydrates,7.7,g
7805,Fiber,3.6,g
7805,Fat,12.8,g
7805,Cholesterol,0,mg
7805,Vitamin A,99.2,mcg
7805,Vitamin B1,0,mg
7805,Vitamin B2,0,mg
7805,Vitamin B3,0.3,mg
7805,Vitamin C,5.9,mg
7805,Folic Acid,1.6,mcg
7805,Calcium,20.3,mg
7805,Iron,0.6,mg
7805,Magnesium,0,mg
7805,Phosphorus,0,mg
7805,Sodium,2.8,mg
7805,Potassium,54.8,mg
7805,Zinc,0.4,mg
7806,Energy,23,cal
7806,Protein,0.1,g
7806,Carbohydrates,0.7,g
7806,Fiber,0.3,g
7806,Fat,2.2,g
7806,Cholesterol,0,mg
7806,Sodium,1.7,mg
7810,Energy,175,cal
7810,Protein,9.5,g
7810,Carbohydrates,24.5,g
7810,Fiber,3.8,g
7810,Fat,4.3,g
7810,Cholesterol,0,mg
7810,Sodium,11.4,mg
7811,Energy,107,cal
7811,Protein,1.7,g
7811,Carbohydrates,5.6,g
7811,Fiber,3.5,g
7811,Fat,8.6,g
7811,Cholesterol,0,mg
7811,Sodium,1.6,mg
7812,Energy,3,cal
7812,Protein,0.1,g
7812,Carbohydrates,0.6,g
7812,Fiber,0.1,g
7812,Fat,0,g
7812,Cholesterol,0,mg
7812,Sodium,0.1,mg
7813,Energy,3,cal
7813,Protein,0.1,g
7813,Carbohydrates,0.6,g
7813,Fiber,0.1,g
7813,Fat,0,g
7813,Cholesterol,0,mg
7813,Sodium,0.1,mg
7814,Energy,88,cal
7814,Protein,2.4,g
7814,Carbohydrates,3.8,g
7814,Fiber,1.2,g
7814,Fat,5.8,g
7814,Cholesterol,8,mg
7814,Sodium,14.1,mg
7815,Energy,123,cal
7815,Protein,3.5,g
7815,Carbohydrates,11.2,g
7815,Fiber,0.1,g
7815,Fat,5.2,g
7815,Cholesterol,12.8,mg
7815,Sodium,15.4,mg
7816,Energy,202,cal
7816,Protein,6.2,g
7816,Carbohydrates,32.2,g
7816,Fiber,3,g
7816,Fat,5.4,g
7816,Cholesterol,0,mg
7816,Sodium,10.1,mg
7817,Energy,3,cal
7817,Protein,0.1,g
7817,Carbohydrates,0.5,g
7817,Fiber,0.3,g
7817,Fat,0,g
7817,Cholesterol,0,mg
7817,Sodium,1.8,mg
7818,Energy,5,cal
7818,Protein,0.2,g
7818,Carbohydrates,0.9,g
7818,Fiber,0.2,g
7818,Fat,0,g
7818,Cholesterol,0,mg
7818,Sodium,1.8,mg
7819,Energy,96,cal
7819,Protein,0.7,g
7819,Carbohydrates,11.2,g
7819,Fiber,1.1,g
7819,Fat,5.3,g
7819,Cholesterol,0,mg
7819,Sodium,2.8,mg
7821,Energy,132,cal
7821,Protein,14.1,g
7821,Carbohydrates,15.5,g
7821,Fiber,0.8,g
7821,Fat,6.7,g
7821,Cholesterol,12.5,mg
7821,Sodium,45.3,mg
7822,Energy,119,cal
7822,Protein,2.9,g
7822,Carbohydrates,20.4,g
7822,Fiber,0.3,g
7822,Fat,2.9,g
7822,Cholesterol,0,mg
7822,Sodium,6.6,mg
7823,Energy,192,cal
7823,Protein,4,g
7823,Carbohydrates,30.7,g
7823,Fiber,0.3,g
7823,Fat,5.8,g
7823,Cholesterol,0,mg
7823,Sodium,8.2,mg
7824,Energy,823,cal
7824,Protein,2.4,g
7824,Carbohydrates,101.9,g
7824,Fiber,0.8,g
7824,Fat,44.8,g
7824,Cholesterol,0,mg
7824,Vitamin A,448,mcg
7824,Vitamin B1,0,mg
7824,Vitamin B2,0,mg
7824,Vitamin B3,0.3,mg
7824,Vitamin C,38.4,mg
7824,Folic Acid,26.2,mcg
7824,Calcium,55.8,mg
7824,Iron,11.3,mg
7824,Magnesium,0,mg
7824,Phosphorus,0,mg
7824,Sodium,24,mg
7824,Potassium,308.8,mg
7824,Zinc,0.1,mg
7825,Energy,42,cal
7825,Protein,0.7,g
7825,Carbohydrates,5.8,g
7825,Fiber,0.6,g
7825,Fat,1.7,g
7825,Cholesterol,0,mg
7825,Sodium,0.3,mg
7826,Energy,42,cal
7826,Protein,0.7,g
7826,Carbohydrates,5.8,g
7826,Fiber,0.6,g
7826,Fat,1.7,g
7826,Cholesterol,0,mg
7826,Sodium,0.3,mg
7827,Energy,309,cal
7827,Protein,13.1,g
7827,Carbohydrates,36.8,g
7827,Fiber,6.5,g
7827,Fat,12.1,g
7827,Cholesterol,0,mg
7827,Sodium,22,mg
7828,Energy,91,cal
7828,Protein,3.7,g
7828,Carbohydrates,9.5,g
7828,Fiber,2,g
7828,Fat,4.2,g
7828,Cholesterol,0,mg
7828,Sodium,8.1,mg
7829,Energy,94,cal
7829,Protein,3.4,g
7829,Carbohydrates,13.1,g
7829,Fiber,2.3,g
7829,Fat,3.2,g
7829,Cholesterol,0,mg
7829,Sodium,5.6,mg
7830,Energy,163,cal
7830,Protein,5.4,g
7830,Carbohydrates,17.8,g
7830,Fiber,2.8,g
7830,Fat,7.9,g
7830,Cholesterol,0,mg
7830,Sodium,9,mg
7831,Energy,184,cal
7831,Protein,9.9,g
7831,Carbohydrates,26.2,g
7831,Fiber,5.1,g
7831,Fat,4.4,g
7831,Cholesterol,0,mg
7831,Sodium,19.8,mg
7832,Energy,289,cal
7832,Protein,14.1,g
7832,Carbohydrates,38.5,g
7832,Fiber,8,g
7832,Fat,8.7,g
7832,Cholesterol,0,mg
7832,Sodium,47.5,mg
7833,Energy,176,cal
7833,Protein,6.4,g
7833,Carbohydrates,18.8,g
7833,Fiber,5,g
7833,Fat,8.4,g
7833,Cholesterol,0,mg
7833,Sodium,11.4,mg
7834,Energy,143,cal
7834,Protein,3.2,g
7834,Carbohydrates,10.4,g
7834,Fiber,2.8,g
7834,Fat,9.8,g
7834,Cholesterol,0,mg
7834,Sodium,8,mg
7835,Energy,98,cal
7835,Protein,3.2,g
7835,Carbohydrates,10.4,g
7835,Fiber,2.8,g
7835,Fat,4.8,g
7835,Cholesterol,0,mg
7835,Sodium,8,mg
7836,Energy,164,cal
7836,Protein,5.6,g
7836,Carbohydrates,17,g
7836,Fiber,4.5,g
7836,Fat,8.2,g
7836,Cholesterol,0,mg
7836,Sodium,8.3,mg
7837,Energy,184,cal
7837,Protein,8.7,g
7837,Carbohydrates,19.2,g
7837,Fiber,4.6,g
7837,Fat,8.5,g
7837,Cholesterol,0,mg
7837,Sodium,33,mg
7838,Energy,192,cal
7838,Protein,6.2,g
7838,Carbohydrates,23.1,g
7838,Fiber,5.2,g
7838,Fat,8.3,g
7838,Cholesterol,0,mg
7838,Sodium,13.2,mg
7839,Energy,158,cal
7839,Protein,21.6,g
7839,Carbohydrates,17.8,g
7839,Fiber,3.5,g
7839,Fat,4.8,g
7839,Cholesterol,5.5,mg
7839,Vitamin A,332.7,mcg
7839,Vitamin B1,0.2,mg
7839,Vitamin B2,0.1,mg
7839,Vitamin B3,0.7,mg
7839,Vitamin C,32.6,mg
7839,Folic Acid,29.2,mcg
7839,Calcium,111.3,mg
7839,Iron,1,mg
7839,Magnesium,0,mg
7839,Phosphorus,0,mg
7839,Sodium,210.2,mg
7839,Potassium,166,mg
7839,Zinc,0.4,mg
7840,Energy,158,cal
7840,Protein,21.6,g
7840,Carbohydrates,17.8,g
7840,Fiber,3.5,g
7840,Fat,4.8,g
7840,Cholesterol,5.5,mg
7840,Vitamin A,332.7,mcg
7840,Vitamin B1,0.2,mg
7840,Vitamin B2,0.1,mg
7840,Vitamin B3,0.7,mg
7840,Vitamin C,32.6,mg
7840,Folic Acid,29.2,mcg
7840,Calcium,111.3,mg
7840,Iron,1,mg
7840,Magnesium,0,mg
7840,Phosphorus,0,mg
7840,Sodium,210.2,mg
7840,Potassium,166,mg
7840,Zinc,0.4,mg
7841,Energy,16,cal
7841,Protein,2.9,g
7841,Carbohydrates,1.9,g
7841,Fiber,0.2,g
7841,Fat,0.9,g
7841,Cholesterol,0,mg
7841,Sodium,0.4,mg
7842,Energy,16,cal
7842,Protein,2.9,g
7842,Carbohydrates,1.9,g
7842,Fiber,0.2,g
7842,Fat,0.9,g
7842,Cholesterol,0,mg
7842,Sodium,0.4,mg
7843,Energy,240,cal
7843,Protein,11.6,g
7843,Carbohydrates,29.4,g
7843,Fiber,3.3,g
7843,Fat,8.4,g
7843,Cholesterol,0,mg
7843,Vitamin A,76.9,mcg
7843,Vitamin B1,0.2,mg
7843,Vitamin B2,0.1,mg
7843,Vitamin B3,0.9,mg
7843,Vitamin C,34.9,mg
7843,Folic Acid,0.9,mcg
7843,Calcium,36.4,mg
7843,Iron,1.4,mg
7843,Magnesium,0,mg
7843,Phosphorus,0,mg
7843,Sodium,0,mg
7843,Potassium,75.1,mg
7843,Zinc,0,mg
7844,Energy,257,cal
7844,Protein,0.3,g
7844,Carbohydrates,4.8,g
7844,Fiber,0.2,g
7844,Fat,1.3,g
7844,Cholesterol,0,mg
7844,Sodium,1.5,mg
7845,Energy,69,cal
7845,Protein,0.5,g
7845,Carbohydrates,8.1,g
7845,Fiber,0.3,g
7845,Fat,3.8,g
7845,Cholesterol,0,mg
7845,Sodium,3.1,mg
7846,Energy,406,cal
7846,Protein,23.8,g
7846,Carbohydrates,62.4,g
7846,Fiber,18.1,g
7846,Fat,8.3,g
7846,Cholesterol,0,mg
7846,Sodium,17.4,mg
7847,Energy,343,cal
7847,Protein,12.5,g
7847,Carbohydrates,38.8,g
7847,Fiber,9.4,g
7847,Fat,16,g
7847,Cholesterol,0,mg
7847,Sodium,9.4,mg
7848,Energy,99,cal
7848,Protein,4.9,g
7848,Carbohydrates,13.7,g
7848,Fiber,3.2,g
7848,Fat,2.8,g
7848,Cholesterol,0,mg
7848,Vitamin A,233.6,mcg
7848,Vitamin B1,0.1,mg
7848,Vitamin B2,0.1,mg
7848,Vitamin B3,0.8,mg
7848,Vitamin C,26.6,mg
7848,Folic Acid,21.4,mcg
7848,Calcium,48.1,mg
7848,Iron,1.4,mg
7848,Magnesium,0,mg
7848,Phosphorus,0,mg
7848,Sodium,34,mg
7848,Potassium,74.5,mg
7848,Zinc,0.2,mg
7849,Energy,99,cal
7849,Protein,4.9,g
7849,Carbohydrates,13.7,g
7849,Fiber,3.2,g
7849,Fat,2.8,g
7849,Cholesterol,0,mg
7849,Vitamin A,233.6,mcg
7849,Vitamin B1,0.1,mg
7849,Vitamin B2,0.1,mg
7849,Vitamin B3,0.8,mg
7849,Vitamin C,26.6,mg
7849,Folic Acid,21.4,mcg
7849,Calcium,48.1,mg
7849,Iron,1.4,mg
7849,Magnesium,0,mg
7849,Phosphorus,0,mg
7849,Sodium,34,mg
7849,Potassium,74.5,mg
7849,Zinc,0.2,mg
7850,Energy,99,cal
7850,Protein,4.9,g
7850,Carbohydrates,13.7,g
7850,Fiber,3.2,g
7850,Fat,2.8,g
7850,Cholesterol,0,mg
7850,Vitamin A,233.6,mcg
7850,Vitamin B1,0.1,mg
7850,Vitamin B2,0.1,mg
7850,Vitamin B3,0.8,mg
7850,Vitamin C,26.6,mg
7850,Folic Acid,21.4,mcg
7850,Calcium,48.1,mg
7850,Iron,1.4,mg
7850,Magnesium,0,mg
7850,Phosphorus,0,mg
7850,Sodium,34,mg
7850,Potassium,74.5,mg
7850,Zinc,0.2,mg
7851,Energy,99,cal
7851,Protein,4.9,g
7851,Carbohydrates,13.7,g
7851,Fiber,3.2,g
7851,Fat,2.8,g
7851,Cholesterol,0,mg
7851,Vitamin A,233.6,mcg
7851,Vitamin B1,0.1,mg
7851,Vitamin B2,0.1,mg
7851,Vitamin B3,0.8,mg
7851,Vitamin C,26.6,mg
7851,Folic Acid,21.4,mcg
7851,Calcium,48.1,mg
7851,Iron,1.4,mg
7851,Magnesium,0,mg
7851,Phosphorus,0,mg
7851,Sodium,34,mg
7851,Potassium,74.5,mg
7851,Zinc,0.2,mg
7852,Energy,285,cal
7852,Protein,5.3,g
7852,Carbohydrates,52,g
7852,Fiber,3.7,g
7852,Fat,6,g
7852,Cholesterol,0,mg
7852,Sodium,4.3,mg
7853,Energy,243,cal
7853,Protein,3.8,g
7853,Carbohydrates,43.8,g
7853,Fiber,2.3,g
7853,Fat,5.8,g
7853,Cholesterol,0,mg
7853,Sodium,3.9,mg
7854,Energy,54,cal
7854,Protein,0.7,g
7854,Carbohydrates,0.03,g
7854,Fiber,1.8,g
7854,Fat,2.5,g
7854,Cholesterol,7.2,mg
7854,Vitamin A,22.9,mcg
7854,Vitamin B1,0,mg
7854,Vitamin B2,0,mg
7854,Vitamin B3,0.2,mg
7854,Vitamin C,4.4,mg
7854,Calcium,17.41,mg
7854,Iron,0.4,mg
7854,Folic Acid,6.9,mcg
7854,Sodium,1.3,mg
7854,Pottasium,57.2,mg
7854,Zinc,0.1,mg
7858,Energy,132,cal
7858,Protein,0.7,g
7858,Carbohydrates,5.4,g
7858,Fiber,1.7,g
7858,Fat,12,g
7858,Cholesterol,0,mg
7858,Sodium,4.6,mg
7859,Energy,158,cal
7859,Protein,2.7,g
7859,Carbohydrates,12.1,g
7859,Fiber,6.2,g
7859,Fat,11,g
7859,Cholesterol,0,mg
7859,Vitamin A,503,mcg
7859,Vitamin B1,0,mg
7859,Vitamin B2,0,mg
7859,Vitamin B3,0.5,mg
7859,Vitamin C,3.9,mg
7859,Folic Acid,11.3,mcg
7859,Calcium,33.1,mg
7859,Iron,1.1,mg
7859,Magnesium,0,mg
7859,Phosphorus,0,mg
7859,Sodium,11.4,mg
7859,Potassium,77.2,mg
7859,Zinc,0.2,mg
7860,Energy,158,cal
7860,Protein,2.7,g
7860,Carbohydrates,12.1,g
7860,Fiber,6.2,g
7860,Fat,11,g
7860,Cholesterol,0,mg
7860,Vitamin A,503,mcg
7860,Vitamin B1,0,mg
7860,Vitamin B2,0,mg
7860,Vitamin B3,0.5,mg
7860,Vitamin C,3.9,mg
7860,Folic Acid,11.3,mcg
7860,Calcium,33.1,mg
7860,Iron,1.1,mg
7860,Magnesium,0,mg
7860,Phosphorus,0,mg
7860,Sodium,11.4,mg
7860,Potassium,77.2,mg
7860,Zinc,0.2,mg
7861,Energy,143,cal
7861,Protein,1.2,g
7861,Carbohydrates,16.5,g
7861,Fiber,0.2,g
7861,Fat,8.1,g
7861,Cholesterol,24.6,mg
7861,Sodium,82.4,mg
7862,Energy,112,cal
7862,Protein,0,g
7862,Carbohydrates,17,g
7862,Fiber,0,g
7862,Fat,4.9,g
7862,Cholesterol,15,mg
7862,Sodium,49.6,mg
7863,Energy,74,cal
7863,Protein,7,g
7863,Carbohydrates,10.9,g
7863,Fiber,0,g
7863,Fat,0.2,g
7863,Cholesterol,0,mg
7863,Sodium,100,mg
7864,Energy,187,cal
7864,Protein,3.4,g
7864,Carbohydrates,20,g
7864,Fiber,0,g
7864,Fat,10.1,g
7864,Cholesterol,25.4,mg
7864,Sodium,81.3,mg
7865,Energy,480,cal
7865,Protein,0,g
7865,Carbohydrates,119.3,g
7865,Fiber,0,g
7865,Fat,0,g
7865,Cholesterol,0,mg
7865,Sodium,0,mg
7866,Energy,322,cal
7866,Protein,8.2,g
7866,Carbohydrates,33.9,g
7866,Fiber,0,g
7866,Fat,13.4,g
7866,Cholesterol,24,mg
7866,Sodium,28.5,mg
7867,Energy,322,cal
7867,Protein,8.2,g
7867,Carbohydrates,33.9,g
7867,Fiber,0,g
7867,Fat,13.4,g
7867,Cholesterol,24,mg
7867,Sodium,28.5,mg
7868,Energy,356,cal
7868,Protein,9.7,g
7868,Carbohydrates,34.4,g
7868,Fiber,0,g
7868,Fat,14.6,g
7868,Cholesterol,36,mg
7868,Sodium,42.8,mg
7869,Energy,356,cal
7869,Protein,9.7,g
7869,Carbohydrates,34.4,g
7869,Fiber,0,g
7869,Fat,14.6,g
7869,Cholesterol,36,mg
7869,Sodium,42.8,mg
7870,Energy,1735,cal
7870,Protein,31,g
7870,Carbohydrates,210.4,g
7870,Fiber,0.4,g
7870,Fat,86.5,g
7870,Cholesterol,210,mg
7870,Sodium,960.7,mg
7871,Energy,1735,cal
7871,Protein,31,g
7871,Carbohydrates,210.4,g
7871,Fiber,0.4,g
7871,Fat,86.5,g
7871,Cholesterol,210,mg
7871,Sodium,960.7,mg
7872,Energy,101,cal
7872,Protein,3.6,g
7872,Carbohydrates,8.6,g
7872,Fiber,5.7,g
7872,Fat,5.8,g
7872,Cholesterol,0,mg
7872,Vitamin A,201.5,mcg
7872,Vitamin B1,0.1,mg
7872,Vitamin B2,0.1,mg
7872,Vitamin B3,0.7,mg
7872,Vitamin C,9.6,mg
7872,Folic Acid,36,mcg
7872,Calcium,23.3,mg
7872,Iron,1.2,mg
7872,Magnesium,0,mg
7872,Phosphorus,0,mg
7872,Sodium,5.5,mg
7872,Potassium,250.9,mg
7872,Zinc,0.6,mg
7873,Energy,178,cal
7873,Protein,6,g
7873,Carbohydrates,31.5,g
7873,Fiber,5.7,g
7873,Fat,3.2,g
7873,Cholesterol,0.1,mg
7873,Sodium,27,mg
7874,Energy,410,cal
7874,Protein,12.9,g
7874,Carbohydrates,64.9,g
7874,Fiber,6.1,g
7874,Fat,11,g
7874,Cholesterol,0,mg
7874,Sodium,17.5,mg
7875,Energy,240,cal
7875,Protein,4.8,g
7875,Carbohydrates,29.6,g
7875,Fiber,2.5,g
7875,Fat,11.4,g
7875,Cholesterol,1.6,mg
7875,Sodium,7.3,mg
7876,Energy,240,cal
7876,Protein,4.8,g
7876,Carbohydrates,29.6,g
7876,Fiber,2.5,g
7876,Fat,11.4,g
7876,Cholesterol,1.6,mg
7876,Sodium,7.3,mg
7877,Energy,292,cal
7877,Protein,6.1,g
7877,Carbohydrates,37.6,g
7877,Fiber,2.2,g
7877,Fat,12.9,g
7877,Cholesterol,2.7,mg
7877,Sodium,267.4,mg
7878,Energy,156,cal
7878,Protein,4,g
7878,Carbohydrates,26.1,g
7878,Fiber,4.4,g
7878,Fat,4,g
7878,Cholesterol,0,mg
7878,Sodium,10.5,mg
7879,Energy,127,cal
7879,Protein,3.7,g
7879,Carbohydrates,21.7,g
7879,Fiber,4.2,g
7879,Fat,2.8,g
7879,Cholesterol,0,mg
7879,Sodium,8.1,mg
7880,Energy,149,cal
7880,Protein,5.6,g
7880,Carbohydrates,13.4,g
7880,Fiber,5.1,g
7880,Fat,8.9,g
7880,Cholesterol,0,mg
7880,Sodium,9.2,mg
7881,Energy,149,cal
7881,Protein,5.6,g
7881,Carbohydrates,13.4,g
7881,Fiber,5.1,g
7881,Fat,8.9,g
7881,Cholesterol,0,mg
7881,Sodium,9.2,mg
7884,Energy,137,cal
7884,Protein,5.2,g
7884,Carbohydrates,11.9,g
7884,Fiber,6.2,g
7884,Fat,7.6,g
7884,Cholesterol,0,mg
7884,Vitamin A,333.1,mcg
7884,Vitamin B1,0,mg
7884,Vitamin B2,0,mg
7884,Vitamin B3,0,mg
7884,Vitamin C,12.3,mg
7884,Folic Acid,6.3,mcg
7884,Calcium,23,mg
7884,Iron,1.1,mg
7884,Magnesium,0,mg
7884,Phosphorus,0,mg
7884,Sodium,7.2,mg
7884,Potassium,76.5,mg
7884,Zinc,0,mg
7885,Energy,483,cal
7885,Protein,7.8,g
7885,Carbohydrates,76.2,g
7885,Fiber,5.9,g
7885,Fat,19.4,g
7885,Cholesterol,0.8,mg
7885,Sodium,466.8,mg
7886,Energy,32,cal
7886,Protein,1.7,g
7886,Carbohydrates,3.6,g
7886,Fiber,0.4,g
7886,Fat,1.3,g
7886,Cholesterol,3.8,mg
7886,Sodium,27.5,mg
7887,Energy,202,cal
7887,Protein,13,g
7887,Carbohydrates,3.8,g
7887,Fiber,0.8,g
7887,Fat,15,g
7887,Cholesterol,17.5,mg
7887,Sodium,152.9,mg
7888,Energy,202,cal
7888,Protein,13,g
7888,Carbohydrates,3.8,g
7888,Fiber,0.8,g
7888,Fat,15,g
7888,Cholesterol,17.5,mg
7888,Sodium,152.9,mg
7889,Energy,46,cal
7889,Protein,2.3,g
7889,Carbohydrates,7,g
7889,Fiber,1.8,g
7889,Fat,1,g
7889,Cholesterol,0,mg
7889,Sodium,9.1,mg
7890,Energy,41,cal
7890,Protein,1.7,g
7890,Carbohydrates,1.7,g
7890,Fiber,0.2,g
7890,Fat,2.8,g
7890,Cholesterol,1.1,mg
7890,Sodium,4.6,mg
7891,Energy,615,cal
7891,Protein,11,g
7891,Carbohydrates,54,g
7891,Fiber,12.1,g
7891,Fat,40,g
7891,Cholesterol,0,mg
7891,Vitamin A,1334.6,mcg
7891,Vitamin B1,0.4,mg
7891,Vitamin B2,0.4,mg
7891,Vitamin B3,4.3,mg
7891,Vitamin C,45.7,mg
7891,Folic Acid,99.6,mcg
7891,Calcium,134.4,mg
7891,Iron,4.9,mg
7891,Magnesium,0,mg
7891,Phosphorus,0,mg
7891,Sodium,49.2,mg
7891,Potassium,342.5,mg
7891,Zinc,1.1,mg
7892,Energy,615,cal
7892,Protein,11,g
7892,Carbohydrates,54,g
7892,Fiber,12.1,g
7892,Fat,40,g
7892,Cholesterol,0,mg
7892,Vitamin A,1334.6,mcg
7892,Vitamin B1,0.4,mg
7892,Vitamin B2,0.4,mg
7892,Vitamin B3,4.3,mg
7892,Vitamin C,45.7,mg
7892,Folic Acid,99.6,mcg
7892,Calcium,134.4,mg
7892,Iron,4.9,mg
7892,Magnesium,0,mg
7892,Phosphorus,0,mg
7892,Sodium,49.2,mg
7892,Potassium,342.5,mg
7892,Zinc,1.1,mg
7893,Energy,615,cal
7893,Protein,11,g
7893,Carbohydrates,54,g
7893,Fiber,12.1,g
7893,Fat,40,g
7893,Cholesterol,0,mg
7893,Vitamin A,1334.6,mcg
7893,Vitamin B1,0.4,mg
7893,Vitamin B2,0.4,mg
7893,Vitamin B3,4.3,mg
7893,Vitamin C,45.7,mg
7893,Folic Acid,99.6,mcg
7893,Calcium,134.4,mg
7893,Iron,4.9,mg
7893,Magnesium,0,mg
7893,Phosphorus,0,mg
7893,Sodium,49.2,mg
7893,Potassium,342.5,mg
7893,Zinc,1.1,mg
7894,Energy,615,cal
7894,Protein,11,g
7894,Carbohydrates,54,g
7894,Fiber,12.1,g
7894,Fat,40,g
7894,Cholesterol,0,mg
7894,Vitamin A,1334.6,mcg
7894,Vitamin B1,0.4,mg
7894,Vitamin B2,0.4,mg
7894,Vitamin B3,4.3,mg
7894,Vitamin C,45.7,mg
7894,Folic Acid,99.6,mcg
7894,Calcium,134.4,mg
7894,Iron,4.9,mg
7894,Magnesium,0,mg
7894,Phosphorus,0,mg
7894,Sodium,49.2,mg
7894,Potassium,342.5,mg
7894,Zinc,1.1,mg
7895,Energy,615,cal
7895,Protein,11,g
7895,Carbohydrates,54,g
7895,Fiber,12.1,g
7895,Fat,40,g
7895,Cholesterol,0,mg
7895,Vitamin A,1334.6,mcg
7895,Vitamin B1,0.4,mg
7895,Vitamin B2,0.4,mg
7895,Vitamin B3,4.3,mg
7895,Vitamin C,45.7,mg
7895,Folic Acid,99.6,mcg
7895,Calcium,134.4,mg
7895,Iron,4.9,mg
7895,Magnesium,0,mg
7895,Phosphorus,0,mg
7895,Sodium,49.2,mg
7895,Potassium,342.5,mg
7895,Zinc,1.1,mg
7896,Energy,465,cal
7896,Protein,15.8,g
7896,Carbohydrates,75.5,g
7896,Fiber,5.8,g
7896,Fat,11.1,g
7896,Cholesterol,0,mg
7896,Vitamin A,420.2,mcg
7896,Vitamin B1,0.2,mg
7896,Vitamin B2,0.1,mg
7896,Vitamin B3,0.7,mg
7896,Vitamin C,53.6,mg
7896,Folic Acid,13.7,mcg
7896,Calcium,57.1,mg
7896,Iron,1.7,mg
7896,Magnesium,0,mg
7896,Phosphorus,0,mg
7896,Sodium,721,mg
7896,Potassium,214,mg
7896,Zinc,0.7,mg
7897,Energy,465,cal
7897,Protein,15.8,g
7897,Carbohydrates,75.5,g
7897,Fiber,5.8,g
7897,Fat,11.1,g
7897,Cholesterol,0,mg
7897,Vitamin A,420.2,mcg
7897,Vitamin B1,0.2,mg
7897,Vitamin B2,0.1,mg
7897,Vitamin B3,0.7,mg
7897,Vitamin C,53.6,mg
7897,Folic Acid,13.7,mcg
7897,Calcium,57.1,mg
7897,Iron,1.7,mg
7897,Magnesium,0,mg
7897,Phosphorus,0,mg
7897,Sodium,721,mg
7897,Potassium,214,mg
7897,Zinc,0.7,mg
7898,Energy,46,cal
7898,Protein,1.3,g
7898,Carbohydrates,9.6,g
7898,Fiber,1.6,g
7898,Fat,0.3,g
7898,Cholesterol,0,mg
7898,Vitamin A,350.9,mcg
7898,Vitamin B1,0.1,mg
7898,Vitamin B2,0,mg
7898,Vitamin B3,0,mg
7898,Vitamin C,40.6,mg
7898,Folic Acid,3.7,mcg
7898,Calcium,23.1,mg
7898,Iron,0.9,mg
7898,Magnesium,0,mg
7898,Phosphorus,0,mg
7898,Sodium,1.2,mg
7898,Potassium,122.8,mg
7898,Zinc,0.1,mg
7899,Energy,46,cal
7899,Protein,1.3,g
7899,Carbohydrates,9.6,g
7899,Fiber,1.6,g
7899,Fat,0.3,g
7899,Cholesterol,0,mg
7899,Vitamin A,350.9,mcg
7899,Vitamin B1,0.1,mg
7899,Vitamin B2,0,mg
7899,Vitamin B3,0,mg
7899,Vitamin C,40.6,mg
7899,Folic Acid,3.7,mcg
7899,Calcium,23.1,mg
7899,Iron,0.9,mg
7899,Magnesium,0,mg
7899,Phosphorus,0,mg
7899,Sodium,1.2,mg
7899,Potassium,122.8,mg
7899,Zinc,0.1,mg
7900,Energy,46,cal
7900,Protein,1.3,g
7900,Carbohydrates,9.6,g
7900,Fiber,1.6,g
7900,Fat,0.3,g
7900,Cholesterol,0,mg
7900,Vitamin A,350.9,mcg
7900,Vitamin B1,0.1,mg
7900,Vitamin B2,0,mg
7900,Vitamin B3,0,mg
7900,Vitamin C,40.6,mg
7900,Folic Acid,3.7,mcg
7900,Calcium,23.1,mg
7900,Iron,0.9,mg
7900,Magnesium,0,mg
7900,Phosphorus,0,mg
7900,Sodium,1.2,mg
7900,Potassium,122.8,mg
7900,Zinc,0.1,mg
7901,Energy,82,cal
7901,Protein,2.2,g
7901,Carbohydrates,7.9,g
7901,Fiber,1.1,g
7901,Fat,4.6,g
7901,Cholesterol,0,mg
7901,Sodium,18.4,mg
7902,Energy,631,cal
7902,Protein,14.4,g
7902,Carbohydrates,86.4,g
7902,Fiber,2.3,g
7902,Fat,25.6,g
7902,Cholesterol,0,mg
7902,Sodium,500.8,mg
7903,Energy,631,cal
7903,Protein,14.4,g
7903,Carbohydrates,86.4,g
7903,Fiber,2.3,g
7903,Fat,25.6,g
7903,Cholesterol,0,mg
7903,Sodium,500.8,mg
7904,Energy,379,cal
7904,Protein,12.6,g
7904,Carbohydrates,43.5,g
7904,Fiber,4.5,g
7904,Fat,13.4,g
7904,Cholesterol,11.5,mg
7904,Vitamin A,595.3,mcg
7904,Vitamin B1,0.2,mg
7904,Vitamin B2,0.1,mg
7904,Vitamin B3,1.6,mg
7904,Vitamin C,52.3,mg
7904,Folic Acid,37.9,mcg
7904,Calcium,206.1,mg
7904,Iron,2.1,mg
7904,Magnesium,0,mg
7904,Phosphorus,0,mg
7904,Sodium,414.5,mg
7904,Potassium,270.1,mg
7904,Zinc,0.3,mg
7905,Energy,379,cal
7905,Protein,12.6,g
7905,Carbohydrates,43.5,g
7905,Fiber,4.5,g
7905,Fat,13.4,g
7905,Cholesterol,11.5,mg
7905,Vitamin A,595.3,mcg
7905,Vitamin B1,0.2,mg
7905,Vitamin B2,0.1,mg
7905,Vitamin B3,1.6,mg
7905,Vitamin C,52.3,mg
7905,Folic Acid,37.9,mcg
7905,Calcium,206.1,mg
7905,Iron,2.1,mg
7905,Magnesium,0,mg
7905,Phosphorus,0,mg
7905,Sodium,414.5,mg
7905,Potassium,270.1,mg
7905,Zinc,0.3,mg
7906,Energy,379,cal
7906,Protein,12.6,g
7906,Carbohydrates,43.5,g
7906,Fiber,4.5,g
7906,Fat,13.4,g
7906,Cholesterol,11.5,mg
7906,Vitamin A,595.3,mcg
7906,Vitamin B1,0.2,mg
7906,Vitamin B2,0.1,mg
7906,Vitamin B3,1.6,mg
7906,Vitamin C,52.3,mg
7906,Folic Acid,37.9,mcg
7906,Calcium,206.1,mg
7906,Iron,2.1,mg
7906,Magnesium,0,mg
7906,Phosphorus,0,mg
7906,Sodium,414.5,mg
7906,Potassium,270.1,mg
7906,Zinc,0.3,mg
7907,Energy,83,cal
7907,Protein,2.1,g
7907,Carbohydrates,6.8,g
7907,Fiber,0.8,g
7907,Fat,5.5,g
7907,Cholesterol,0,mg
7907,Vitamin A,263.9,mcg
7907,Vitamin B1,0.1,mg
7907,Vitamin B2,0.1,mg
7907,Vitamin B3,0.2,mg
7907,Vitamin C,9.6,mg
7907,Folic Acid,5.1,mcg
7907,Calcium,33.3,mg
7907,Iron,0.9,mg
7907,Magnesium,0,mg
7907,Phosphorus,0,mg
7907,Sodium,13.9,mg
7907,Potassium,76.5,mg
7907,Zinc,0.7,mg
7908,Energy,83,cal
7908,Protein,2.1,g
7908,Carbohydrates,6.8,g
7908,Fiber,0.8,g
7908,Fat,5.5,g
7908,Cholesterol,0,mg
7908,Vitamin A,263.9,mcg
7908,Vitamin B1,0.1,mg
7908,Vitamin B2,0.1,mg
7908,Vitamin B3,0.2,mg
7908,Vitamin C,9.6,mg
7908,Folic Acid,5.1,mcg
7908,Calcium,33.3,mg
7908,Iron,0.9,mg
7908,Magnesium,0,mg
7908,Phosphorus,0,mg
7908,Sodium,13.9,mg
7908,Potassium,76.5,mg
7908,Zinc,0.7,mg
7909,Energy,28,cal
7909,Protein,1,g
7909,Carbohydrates,3.2,g
7909,Fiber,0.5,g
7909,Fat,1.3,g
7909,Cholesterol,0,mg
7909,Vitamin A,83.6,mcg
7909,Vitamin B1,0,mg
7909,Vitamin B2,0,mg
7909,Vitamin B3,0.1,mg
7909,Vitamin C,1.6,mg
7909,Folic Acid,3.3,mcg
7909,Calcium,4.5,mg
7909,Iron,3.9,mg
7909,Magnesium,0,mg
7909,Phosphorus,0,mg
7909,Sodium,37.8,mg
7909,Potassium,13.6,mg
7909,Zinc,0,mg
7910,Energy,126,cal
7910,Protein,5.1,g
7910,Carbohydrates,14.1,g
7910,Fiber,0.8,g
7910,Fat,5.6,g
7910,Cholesterol,7.3,mg
7910,Sodium,186,mg
7911,Energy,126,cal
7911,Protein,5.1,g
7911,Carbohydrates,14.1,g
7911,Fiber,0.8,g
7911,Fat,5.6,g
7911,Cholesterol,7.3,mg
7911,Sodium,186,mg
7912,Energy,126,cal
7912,Protein,5.1,g
7912,Carbohydrates,14.1,g
7912,Fiber,0.8,g
7912,Fat,5.6,g
7912,Cholesterol,7.3,mg
7912,Sodium,186,mg
7913,Energy,440,cal
7913,Protein,7.7,g
7913,Carbohydrates,37.7,g
7913,Fiber,2.9,g
7913,Fat,32.6,g
7913,Cholesterol,0,mg
7913,Vitamin A,651.7,mcg
7913,Vitamin B1,0.3,mg
7913,Vitamin B2,0.2,mg
7913,Vitamin B3,0.6,mg
7913,Vitamin C,37.8,mg
7913,Folic Acid,28.4,mcg
7913,Calcium,221.9,mg
7913,Iron,2.3,mg
7913,Magnesium,0,mg
7913,Phosphorus,0,mg
7913,Sodium,578.1,mg
7913,Potassium,135,mg
7913,Zinc,0.4,mg
7914,Energy,38,cal
7914,Protein,1.1,g
7914,Carbohydrates,5.5,g
7914,Fiber,0.9,g
7914,Fat,1.3,g
7914,Cholesterol,0,mg
7914,Vitamin A,150.9,mcg
7914,Vitamin B1,0,mg
7914,Vitamin B2,0,mg
7914,Vitamin B3,0.2,mg
7914,Vitamin C,24.2,mg
7914,Folic Acid,6.7,mcg
7914,Calcium,24.2,mg
7914,Iron,0.8,mg
7914,Magnesium,0,mg
7914,Phosphorus,0,mg
7914,Sodium,58.9,mg
7914,Potassium,15.7,mg
7914,Zinc,0.1,mg
7916,Energy,206,cal
7916,Protein,7.8,g
7916,Carbohydrates,38.3,g
7916,Fiber,5.9,g
7916,Fat,2.4,g
7916,Cholesterol,0,mg
7916,Sodium,51.7,mg
7917,Energy,186,cal
7917,Protein,2,g
7917,Carbohydrates,25.8,g
7917,Fiber,0.9,g
7917,Fat,8.8,g
7917,Cholesterol,0,mg
7917,Sodium,1.8,mg
7918,Energy,186,cal
7918,Protein,2,g
7918,Carbohydrates,25.8,g
7918,Fiber,0.9,g
7918,Fat,8.8,g
7918,Cholesterol,0,mg
7918,Sodium,1.8,mg
7919,Energy,394,cal
7919,Protein,14.1,g
7919,Carbohydrates,35.5,g
7919,Fiber,7.9,g
7919,Fat,22.1,g
7919,Cholesterol,0,mg
7919,Sodium,39.6,mg
7920,Energy,355,cal
7920,Protein,3.2,g
7920,Carbohydrates,19.7,g
7920,Fiber,2,g
7920,Fat,29,g
7920,Cholesterol,41.2,mg
7920,Sodium,141,mg
7924,Energy,179,cal
7924,Protein,3.9,g
7924,Carbohydrates,21.9,g
7924,Fiber,1,g
7924,Fat,8.5,g
7924,Cholesterol,0,mg
7924,Vitamin A,245.6,mcg
7924,Vitamin B1,0,mg
7924,Vitamin B2,0,mg
7924,Vitamin B3,0.1,mg
7924,Vitamin C,22.6,mg
7924,Folic Acid,4.2,mcg
7924,Calcium,11.6,mg
7924,Iron,0.2,mg
7924,Magnesium,0,mg
7924,Phosphorus,0,mg
7924,Sodium,123.1,mg
7924,Potassium,7.9,mg
7924,Zinc,0.1,mg
7927,Energy,11,cal
7927,Protein,0.7,g
7927,Carbohydrates,2,g
7927,Fiber,0.2,g
7927,Fat,0,g
7927,Cholesterol,0,mg
7927,Sodium,8.2,mg
7928,Energy,112,cal
7928,Protein,4.4,g
7928,Carbohydrates,9.5,g
7928,Fiber,2.4,g
7928,Fat,5.1,g
7928,Cholesterol,8,mg
7928,Sodium,21.5,mg
7929,Energy,112,cal
7929,Protein,4.4,g
7929,Carbohydrates,9.5,g
7929,Fiber,2.4,g
7929,Fat,5.1,g
7929,Cholesterol,8,mg
7929,Sodium,21.5,mg
7930,Energy,112,cal
7930,Protein,4.4,g
7930,Carbohydrates,9.5,g
7930,Fiber,2.4,g
7930,Fat,5.1,g
7930,Cholesterol,8,mg
7930,Sodium,21.5,mg
7931,Energy,112,cal
7931,Protein,4.4,g
7931,Carbohydrates,9.5,g
7931,Fiber,2.4,g
7931,Fat,5.1,g
7931,Cholesterol,8,mg
7931,Sodium,21.5,mg
7932,Energy,112,cal
7932,Protein,4.4,g
7932,Carbohydrates,9.5,g
7932,Fiber,2.4,g
7932,Fat,5.1,g
7932,Cholesterol,8,mg
7932,Sodium,21.5,mg
7933,Energy,158,cal
7933,Protein,5.8,g
7933,Carbohydrates,13.5,g
7933,Fiber,4.5,g
7933,Fat,9,g
7933,Cholesterol,0,mg
7933,Sodium,14.8,mg
7934,Energy,158,cal
7934,Protein,5.8,g
7934,Carbohydrates,13.5,g
7934,Fiber,4.5,g
7934,Fat,9,g
7934,Cholesterol,0,mg
7934,Sodium,14.8,mg
7935,Energy,158,cal
7935,Protein,5.8,g
7935,Carbohydrates,13.5,g
7935,Fiber,4.5,g
7935,Fat,9,g
7935,Cholesterol,0,mg
7935,Sodium,14.8,mg
7936,Energy,158,cal
7936,Protein,5.8,g
7936,Carbohydrates,13.5,g
7936,Fiber,4.5,g
7936,Fat,9,g
7936,Cholesterol,0,mg
7936,Sodium,14.8,mg
7937,Energy,158,cal
7937,Protein,5.8,g
7937,Carbohydrates,13.5,g
7937,Fiber,4.5,g
7937,Fat,9,g
7937,Cholesterol,0,mg
7937,Sodium,14.8,mg
7938,Energy,388,cal
7938,Protein,5.5,g
7938,Carbohydrates,49.3,g
7938,Fiber,5.5,g
7938,Fat,18.7,g
7938,Cholesterol,0,mg
7938,Sodium,581.6,mg
7939,Energy,82,cal
7939,Protein,2.1,g
7939,Carbohydrates,12.3,g
7939,Fiber,1.1,g
7939,Fat,2.7,g
7939,Cholesterol,0,mg
7939,Sodium,1.8,mg
7940,Energy,103,cal
7940,Protein,2.2,g
7940,Carbohydrates,23.2,g
7940,Fiber,3.1,g
7940,Fat,0.2,g
7940,Cholesterol,0,mg
7940,Sodium,22.2,mg
7941,Energy,174,cal
7941,Protein,3.9,g
7941,Carbohydrates,32.2,g
7941,Fiber,2,g
7941,Fat,3.2,g
7941,Cholesterol,0,mg
7941,Sodium,208.9,mg
7942,Energy,174,cal
7942,Protein,3.9,g
7942,Carbohydrates,32.2,g
7942,Fiber,2,g
7942,Fat,3.2,g
7942,Cholesterol,0,mg
7942,Sodium,208.9,mg
7943,Energy,174,cal
7943,Protein,3.9,g
7943,Carbohydrates,32.2,g
7943,Fiber,2,g
7943,Fat,3.2,g
7943,Cholesterol,0,mg
7943,Sodium,208.9,mg
7944,Energy,174,cal
7944,Protein,3.9,g
7944,Carbohydrates,32.2,g
7944,Fiber,2,g
7944,Fat,3.2,g
7944,Cholesterol,0,mg
7944,Sodium,208.9,mg
7945,Energy,661,cal
7945,Protein,20.8,g
7945,Carbohydrates,86.6,g
7945,Fiber,5.1,g
7945,Fat,25.7,g
7945,Cholesterol,85,mg
7945,Sodium,672.3,mg
7946,Energy,654,cal
7946,Protein,15.7,g
7946,Carbohydrates,99.5,g
7946,Fiber,8.5,g
7946,Fat,21.8,g
7946,Cholesterol,50,mg
7946,Sodium,439.9,mg
7947,Energy,654,cal
7947,Protein,15.7,g
7947,Carbohydrates,99.5,g
7947,Fiber,8.5,g
7947,Fat,21.8,g
7947,Cholesterol,50,mg
7947,Sodium,439.9,mg
7949,Energy,99,cal
7949,Protein,1.9,g
7949,Carbohydrates,11,g
7949,Fiber,2.6,g
7949,Fat,5.4,g
7949,Cholesterol,0,mg
7949,Vitamin A,324.8,mcg
7949,Vitamin B1,0.2,mg
7949,Vitamin B2,0.1,mg
7949,Vitamin B3,1,mg
7949,Vitamin C,44.7,mg
7949,Folic Acid,31.4,mcg
7949,Calcium,41,mg
7949,Iron,1.2,mg
7949,Magnesium,0,mg
7949,Phosphorus,0,mg
7949,Sodium,11.3,mg
7949,Potassium,84.9,mg
7949,Zinc,0.4,mg
7950,Energy,99,cal
7950,Protein,1.9,g
7950,Carbohydrates,11,g
7950,Fiber,2.6,g
7950,Fat,5.4,g
7950,Cholesterol,0,mg
7950,Vitamin A,324.8,mcg
7950,Vitamin B1,0.2,mg
7950,Vitamin B2,0.1,mg
7950,Vitamin B3,1,mg
7950,Vitamin C,44.7,mg
7950,Folic Acid,31.4,mcg
7950,Calcium,41,mg
7950,Iron,1.2,mg
7950,Magnesium,0,mg
7950,Phosphorus,0,mg
7950,Sodium,11.3,mg
7950,Potassium,84.9,mg
7950,Zinc,0.4,mg
7951,Energy,99,cal
7951,Protein,1.9,g
7951,Carbohydrates,11,g
7951,Fiber,2.6,g
7951,Fat,5.4,g
7951,Cholesterol,0,mg
7951,Vitamin A,324.8,mcg
7951,Vitamin B1,0.2,mg
7951,Vitamin B2,0.1,mg
7951,Vitamin B3,1,mg
7951,Vitamin C,44.7,mg
7951,Folic Acid,31.4,mcg
7951,Calcium,41,mg
7951,Iron,1.2,mg
7951,Magnesium,0,mg
7951,Phosphorus,0,mg
7951,Sodium,11.3,mg
7951,Potassium,84.9,mg
7951,Zinc,0.4,mg
7953,Energy,178,cal
7953,Protein,7.3,g
7953,Carbohydrates,33.6,g
7953,Fiber,6.2,g
7953,Fat,2.6,g
7953,Cholesterol,0,mg
7953,Sodium,26.5,mg
7954,Energy,178,cal
7954,Protein,7.3,g
7954,Carbohydrates,33.6,g
7954,Fiber,6.2,g
7954,Fat,2.6,g
7954,Cholesterol,0,mg
7954,Sodium,26.5,mg
7955,Energy,13,cal
7955,Protein,0.7,g
7955,Carbohydrates,2.5,g
7955,Fiber,1.5,g
7955,Fat,0.1,g
7955,Cholesterol,0,mg
7955,Vitamin A,420.6,mcg
7955,Vitamin B1,0,mg
7955,Vitamin B2,0,mg
7955,Vitamin B3,0.3,mg
7955,Vitamin C,15.9,mg
7955,Folic Acid,9.4,mcg
7955,Calcium,21.8,mg
7955,Iron,0.4,mg
7955,Magnesium,0,mg
7955,Phosphorus,0,mg
7955,Sodium,12.6,mg
7955,Potassium,60.2,mg
7955,Zinc,0.1,mg
7957,Energy,170,cal
7957,Protein,2.4,g
7957,Carbohydrates,18.9,g
7957,Fiber,1,g
7957,Fat,9.5,g
7957,Cholesterol,0,mg
7957,Vitamin A,185.3,mcg
7957,Vitamin B1,0.1,mg
7957,Vitamin B2,0,mg
7957,Vitamin B3,0.7,mg
7957,Vitamin C,15.3,mg
7957,Folic Acid,10.5,mcg
7957,Calcium,19.4,mg
7957,Iron,0.7,mg
7957,Magnesium,0,mg
7957,Phosphorus,0,mg
7957,Sodium,6.1,mg
7957,Potassium,105.5,mg
7957,Zinc,0.3,mg
7958,Energy,87,cal
7958,Protein,0.9,g
7958,Carbohydrates,5,g
7958,Fiber,0.9,g
7958,Fat,7.1,g
7958,Cholesterol,0,mg
7958,Vitamin A,165,mcg
7958,Vitamin B1,0,mg
7958,Vitamin B2,0,mg
7958,Vitamin B3,0.2,mg
7958,Vitamin C,8.3,mg
7958,Folic Acid,3.8,mcg
7958,Calcium,10.6,mg
7958,Iron,0.3,mg
7958,Magnesium,0,mg
7958,Phosphorus,0,mg
7958,Sodium,4.4,mg
7958,Potassium,39.1,mg
7958,Zinc,0.1,mg
7959,Energy,87,cal
7959,Protein,0.9,g
7959,Carbohydrates,5,g
7959,Fiber,0.9,g
7959,Fat,7.1,g
7959,Cholesterol,0,mg
7959,Vitamin A,165,mcg
7959,Vitamin B1,0,mg
7959,Vitamin B2,0,mg
7959,Vitamin B3,0.2,mg
7959,Vitamin C,8.3,mg
7959,Folic Acid,3.8,mcg
7959,Calcium,10.6,mg
7959,Iron,0.3,mg
7959,Magnesium,0,mg
7959,Phosphorus,0,mg
7959,Sodium,4.4,mg
7959,Potassium,39.1,mg
7959,Zinc,0.1,mg
7960,Energy,87,cal
7960,Protein,0.9,g
7960,Carbohydrates,5,g
7960,Fiber,0.9,g
7960,Fat,7.1,g
7960,Cholesterol,0,mg
7960,Vitamin A,165,mcg
7960,Vitamin B1,0,mg
7960,Vitamin B2,0,mg
7960,Vitamin B3,0.2,mg
7960,Vitamin C,8.3,mg
7960,Folic Acid,3.8,mcg
7960,Calcium,10.6,mg
7960,Iron,0.3,mg
7960,Magnesium,0,mg
7960,Phosphorus,0,mg
7960,Sodium,4.4,mg
7960,Potassium,39.1,mg
7960,Zinc,0.1,mg
7961,Energy,87,cal
7961,Protein,0.9,g
7961,Carbohydrates,5,g
7961,Fiber,0.9,g
7961,Fat,7.1,g
7961,Cholesterol,0,mg
7961,Vitamin A,165,mcg
7961,Vitamin B1,0,mg
7961,Vitamin B2,0,mg
7961,Vitamin B3,0.2,mg
7961,Vitamin C,8.3,mg
7961,Folic Acid,3.8,mcg
7961,Calcium,10.6,mg
7961,Iron,0.3,mg
7961,Magnesium,0,mg
7961,Phosphorus,0,mg
7961,Sodium,4.4,mg
7961,Potassium,39.1,mg
7961,Zinc,0.1,mg
7962,Energy,87,cal
7962,Protein,0.9,g
7962,Carbohydrates,5,g
7962,Fiber,0.9,g
7962,Fat,7.1,g
7962,Cholesterol,0,mg
7962,Vitamin A,165,mcg
7962,Vitamin B1,0,mg
7962,Vitamin B2,0,mg
7962,Vitamin B3,0.2,mg
7962,Vitamin C,8.3,mg
7962,Folic Acid,3.8,mcg
7962,Calcium,10.6,mg
7962,Iron,0.3,mg
7962,Magnesium,0,mg
7962,Phosphorus,0,mg
7962,Sodium,4.4,mg
7962,Potassium,39.1,mg
7962,Zinc,0.1,mg
7963,Energy,87,cal
7963,Protein,0.9,g
7963,Carbohydrates,5,g
7963,Fiber,0.9,g
7963,Fat,7.1,g
7963,Cholesterol,0,mg
7963,Vitamin A,165,mcg
7963,Vitamin B1,0,mg
7963,Vitamin B2,0,mg
7963,Vitamin B3,0.2,mg
7963,Vitamin C,8.3,mg
7963,Folic Acid,3.8,mcg
7963,Calcium,10.6,mg
7963,Iron,0.3,mg
7963,Magnesium,0,mg
7963,Phosphorus,0,mg
7963,Sodium,4.4,mg
7963,Potassium,39.1,mg
7963,Zinc,0.1,mg
7971,Energy,143,cal
7971,Protein,2.1,g
7971,Carbohydrates,14.7,g
7971,Fiber,0.3,g
7971,Fat,8.5,g
7971,Cholesterol,0,mg
7971,Vitamin A,109.4,mcg
7971,Vitamin B1,0,mg
7971,Vitamin B2,0,mg
7971,Vitamin B3,0.3,mg
7971,Vitamin C,3.3,mg
7971,Folic Acid,2.2,mcg
7971,Calcium,6.1,mg
7971,Iron,0.4,mg
7971,Magnesium,0,mg
7971,Phosphorus,0,mg
7971,Sodium,1.6,mg
7971,Potassium,28.9,mg
7971,Zinc,0.1,mg
7972,Energy,143,cal
7972,Protein,2.1,g
7972,Carbohydrates,14.7,g
7972,Fiber,0.3,g
7972,Fat,8.5,g
7972,Cholesterol,0,mg
7972,Vitamin A,109.4,mcg
7972,Vitamin B1,0,mg
7972,Vitamin B2,0,mg
7972,Vitamin B3,0.3,mg
7972,Vitamin C,3.3,mg
7972,Folic Acid,2.2,mcg
7972,Calcium,6.1,mg
7972,Iron,0.4,mg
7972,Magnesium,0,mg
7972,Phosphorus,0,mg
7972,Sodium,1.6,mg
7972,Potassium,28.9,mg
7972,Zinc,0.1,mg
7973,Energy,143,cal
7973,Protein,2.1,g
7973,Carbohydrates,14.7,g
7973,Fiber,0.3,g
7973,Fat,8.5,g
7973,Cholesterol,0,mg
7973,Vitamin A,109.4,mcg
7973,Vitamin B1,0,mg
7973,Vitamin B2,0,mg
7973,Vitamin B3,0.3,mg
7973,Vitamin C,3.3,mg
7973,Folic Acid,2.2,mcg
7973,Calcium,6.1,mg
7973,Iron,0.4,mg
7973,Magnesium,0,mg
7973,Phosphorus,0,mg
7973,Sodium,1.6,mg
7973,Potassium,28.9,mg
7973,Zinc,0.1,mg
7974,Energy,317,cal
7974,Protein,10.7,g
7974,Carbohydrates,31.9,g
7974,Fiber,2.9,g
7974,Fat,13.7,g
7974,Cholesterol,0,mg
7974,Vitamin A,410.2,mcg
7974,Vitamin B1,0.3,mg
7974,Vitamin B2,0.2,mg
7974,Vitamin B3,1.5,mg
7974,Vitamin C,10.6,mg
7974,Folic Acid,13.1,mcg
7974,Calcium,287.9,mg
7974,Iron,1.9,mg
7974,Magnesium,0,mg
7974,Phosphorus,0,mg
7974,Sodium,79.4,mg
7974,Potassium,193.9,mg
7974,Zinc,0.3,mg
7975,Energy,83,cal
7975,Protein,1.1,g
7975,Carbohydrates,5.6,g
7975,Fiber,0.9,g
7975,Fat,6,g
7975,Cholesterol,0.6,mg
7975,Sodium,4.1,mg
7976,Energy,174,cal
7976,Protein,7.1,g
7976,Carbohydrates,14.4,g
7976,Fiber,7.3,g
7976,Fat,9.1,g
7976,Cholesterol,15.3,mg
7976,Sodium,96.1,mg
7977,Energy,130,cal
7977,Protein,3,g
7977,Carbohydrates,11.9,g
7977,Fiber,4,g
7977,Fat,8,g
7977,Cholesterol,0,mg
7977,Vitamin A,482.9,mcg
7977,Vitamin B1,0.3,mg
7977,Vitamin B2,0.1,mg
7977,Vitamin B3,1.1,mg
7977,Vitamin C,56,mg
7977,Folic Acid,27.1,mcg
7977,Calcium,46.7,mg
7977,Iron,1.5,mg
7977,Magnesium,0,mg
7977,Phosphorus,0,mg
7977,Sodium,189.3,mg
7977,Potassium,96.2,mg
7977,Zinc,0.3,mg
7978,Energy,153,cal
7978,Protein,4,g
7978,Carbohydrates,16.5,g
7978,Fiber,5.5,g
7978,Fat,8.1,g
7978,Cholesterol,0,mg
7978,Sodium,276.1,mg
7979,Energy,153,cal
7979,Protein,4,g
7979,Carbohydrates,16.5,g
7979,Fiber,5.5,g
7979,Fat,8.1,g
7979,Cholesterol,0,mg
7979,Sodium,276.1,mg
7981,Energy,73,cal
7981,Protein,1.6,g
7981,Carbohydrates,14.4,g
7981,Fiber,0.6,g
7981,Fat,1,g
7981,Cholesterol,0,mg
7981,Sodium,3.3,mg
7982,Energy,72,kcal
7982,Protein,1.6,gm
7982,Carbohydrates,13,gm
7982,Invisible Fat,1.5,gm
7982,Fibre,0.5,gm
7983,Energy,78,cal
7983,Protein,5.4,g
7983,Carbohydrates,12.7,g
7983,Fiber,5.1,g
7983,Fat,1.1,g
7983,Cholesterol,0,mg
7983,Sodium,96.5,mg
7984,Energy,108,cal
7984,Protein,4.5,g
7984,Carbohydrates,15.6,g
7984,Fiber,3.3,g
7984,Fat,3.9,g
7984,Cholesterol,0,mg
7984,Sodium,211.4,mg
7985,Energy,178,cal
7985,Protein,2,g
7985,Carbohydrates,9.1,g
7985,Fiber,3.2,g
7985,Fat,14.8,g
7985,Cholesterol,0,mg
7985,Vitamin A,675.4,mcg
7985,Vitamin B1,0.3,mg
7985,Vitamin B2,0.1,mg
7985,Vitamin B3,0.6,mg
7985,Vitamin C,62.4,mg
7985,Folic Acid,36.2,mcg
7985,Calcium,63.6,mg
7985,Iron,1,mg
7985,Magnesium,0,mg
7985,Phosphorus,0,mg
7985,Sodium,16.3,mg
7985,Potassium,193.6,mg
7985,Zinc,0.2,mg
7986,Energy,178,cal
7986,Protein,2,g
7986,Carbohydrates,9.1,g
7986,Fiber,3.2,g
7986,Fat,14.8,g
7986,Cholesterol,0,mg
7986,Vitamin A,675.4,mcg
7986,Vitamin B1,0.3,mg
7986,Vitamin B2,0.1,mg
7986,Vitamin B3,0.6,mg
7986,Vitamin C,62.4,mg
7986,Folic Acid,36.2,mcg
7986,Calcium,63.6,mg
7986,Iron,1,mg
7986,Magnesium,0,mg
7986,Phosphorus,0,mg
7986,Sodium,16.3,mg
7986,Potassium,193.6,mg
7986,Zinc,0.2,mg
7987,Energy,85,cal
7987,Protein,2.2,g
7987,Carbohydrates,6.8,g
7987,Fiber,2.6,g
7987,Fat,5.1,g
7987,Cholesterol,2,mg
7987,Sodium,16.2,mg
7988,Energy,60,cal
7988,Protein,0.5,g
7988,Carbohydrates,3,g
7988,Fiber,0.6,g
7988,Fat,5.1,g
7988,Cholesterol,0,mg
7988,Vitamin A,76.3,mcg
7988,Vitamin B1,0,mg
7988,Vitamin B2,0,mg
7988,Vitamin B3,0.2,mg
7988,Vitamin C,1.9,mg
7988,Folic Acid,3.6,mcg
7988,Calcium,5.8,mg
7988,Iron,0.2,mg
7988,Magnesium,0,mg
7988,Phosphorus,0,mg
7988,Sodium,2.4,mg
7988,Potassium,42.3,mg
7988,Zinc,0.1,mg
7989,Energy,218,cal
7989,Protein,8.9,g
7989,Carbohydrates,39.8,g
7989,Fiber,4.6,g
7989,Fat,2.5,g
7989,Cholesterol,0,mg
7989,Sodium,17.5,mg
7990,Energy,218,cal
7990,Protein,8.9,g
7990,Carbohydrates,39.8,g
7990,Fiber,4.6,g
7990,Fat,2.5,g
7990,Cholesterol,0,mg
7990,Sodium,17.5,mg
7991,Energy,205,cal
7991,Protein,4.4,g
7991,Carbohydrates,14.9,g
7991,Fiber,5.5,g
7991,Fat,14.2,g
7991,Cholesterol,0,mg
7991,Vitamin A,747,mcg
7991,Vitamin B1,0.1,mg
7991,Vitamin B2,0.1,mg
7991,Vitamin B3,1,mg
7991,Vitamin C,32.8,mg
7991,Folic Acid,23.8,mcg
7991,Calcium,136.7,mg
7991,Iron,2,mg
7991,Magnesium,0,mg
7991,Phosphorus,0,mg
7991,Sodium,26.5,mg
7991,Potassium,186.6,mg
7991,Zinc,0.8,mg
7992,Energy,176,cal
7992,Protein,4.9,g
7992,Carbohydrates,9.3,g
7992,Fiber,1.9,g
7992,Fat,12.2,g
7992,Cholesterol,0,mg
7992,Vitamin A,399.5,mcg
7992,Vitamin B1,0,mg
7992,Vitamin B2,0,mg
7992,Vitamin B3,0.1,mg
7992,Vitamin C,23.4,mg
7992,Folic Acid,9,mcg
7992,Calcium,178.3,mg
7992,Iron,0.8,mg
7992,Magnesium,0,mg
7992,Phosphorus,0,mg
7992,Sodium,23.5,mg
7992,Potassium,107.7,mg
7992,Zinc,0.2,mg
7993,Energy,176,cal
7993,Protein,4.9,g
7993,Carbohydrates,9.3,g
7993,Fiber,1.9,g
7993,Fat,12.2,g
7993,Cholesterol,0,mg
7993,Vitamin A,399.5,mcg
7993,Vitamin B1,0,mg
7993,Vitamin B2,0,mg
7993,Vitamin B3,0.1,mg
7993,Vitamin C,23.4,mg
7993,Folic Acid,9,mcg
7993,Calcium,178.3,mg
7993,Iron,0.8,mg
7993,Magnesium,0,mg
7993,Phosphorus,0,mg
7993,Sodium,23.5,mg
7993,Potassium,107.7,mg
7993,Zinc,0.2,mg
7994,Energy,266,cal
7994,Protein,9.2,g
7994,Carbohydrates,12.6,g
7994,Fiber,3.1,g
7994,Fat,18.8,g
7994,Cholesterol,0,mg
7994,Vitamin A,644.6,mcg
7994,Vitamin B1,-0.3,mg
7994,Vitamin B2,-0.2,mg
7994,Vitamin B3,0.1,mg
7994,Vitamin C,18.4,mg
7994,Folic Acid,15.6,mcg
7994,Calcium,314.2,mg
7994,Iron,0.9,mg
7994,Magnesium,0,mg
7994,Phosphorus,0,mg
7994,Sodium,28.7,mg
7994,Potassium,144.3,mg
7994,Zinc,0.2,mg
7995,Energy,266,cal
7995,Protein,9.2,g
7995,Carbohydrates,12.6,g
7995,Fiber,3.1,g
7995,Fat,18.8,g
7995,Cholesterol,0,mg
7995,Vitamin A,644.6,mcg
7995,Vitamin B1,-0.3,mg
7995,Vitamin B2,-0.2,mg
7995,Vitamin B3,0.1,mg
7995,Vitamin C,18.4,mg
7995,Folic Acid,15.6,mcg
7995,Calcium,314.2,mg
7995,Iron,0.9,mg
7995,Magnesium,0,mg
7995,Phosphorus,0,mg
7995,Sodium,28.7,mg
7995,Potassium,144.3,mg
7995,Zinc,0.2,mg
7996,Energy,266,cal
7996,Protein,9.2,g
7996,Carbohydrates,12.6,g
7996,Fiber,3.1,g
7996,Fat,18.8,g
7996,Cholesterol,0,mg
7996,Vitamin A,644.6,mcg
7996,Vitamin B1,-0.3,mg
7996,Vitamin B2,-0.2,mg
7996,Vitamin B3,0.1,mg
7996,Vitamin C,18.4,mg
7996,Folic Acid,15.6,mcg
7996,Calcium,314.2,mg
7996,Iron,0.9,mg
7996,Magnesium,0,mg
7996,Phosphorus,0,mg
7996,Sodium,28.7,mg
7996,Potassium,144.3,mg
7996,Zinc,0.2,mg
7997,Energy,134,cal
7997,Protein,2.1,g
7997,Carbohydrates,15,g
7997,Fiber,1,g
7997,Fat,7.3,g
7997,Cholesterol,0,mg
7997,Vitamin A,133.2,mcg
7997,Vitamin B1,0.1,mg
7997,Vitamin B2,0.1,mg
7997,Vitamin B3,0.8,mg
7997,Vitamin C,5.1,mg
7997,Folic Acid,19.3,mcg
7997,Calcium,42.8,mg
7997,Iron,0.6,mg
7997,Magnesium,0,mg
7997,Phosphorus,0,mg
7997,Sodium,181.9,mg
7997,Potassium,27.4,mg
7997,Zinc,0.2,mg
7998,Energy,295,cal
7998,Protein,7.8,g
7998,Carbohydrates,21.4,g
7998,Fiber,5.5,g
7998,Fat,19.7,g
7998,Cholesterol,0,mg
7998,Vitamin A,1175.1,mcg
7998,Vitamin B1,0,mg
7998,Vitamin B2,0,mg
7998,Vitamin B3,0.8,mg
7998,Vitamin C,53.6,mg
7998,Folic Acid,52.6,mcg
7998,Calcium,231.7,mg
7998,Iron,2,mg
7998,Magnesium,0,mg
7998,Phosphorus,0,mg
7998,Sodium,90.1,mg
7998,Potassium,351.6,mg
7998,Zinc,1.1,mg
8000,Energy,197,cal
8000,Protein,3.2,g
8000,Carbohydrates,13.8,g
8000,Fiber,3.7,g
8000,Fat,14.6,g
8000,Cholesterol,0,mg
8000,Vitamin A,849.5,mcg
8000,Vitamin B1,0.1,mg
8000,Vitamin B2,0.1,mg
8000,Vitamin B3,0.5,mg
8000,Vitamin C,28.1,mg
8000,Folic Acid,29.8,mcg
8000,Calcium,65.7,mg
8000,Iron,1,mg
8000,Magnesium,0,mg
8000,Phosphorus,0,mg
8000,Sodium,122.4,mg
8000,Potassium,190.8,mg
8000,Zinc,0.3,mg
8001,Energy,150,cal
8001,Protein,3.3,g
8001,Carbohydrates,13.3,g
8001,Fiber,4.8,g
8001,Fat,9.3,g
8001,Cholesterol,15,mg
8001,Sodium,82.5,mg
8002,Energy,150,cal
8002,Protein,3.3,g
8002,Carbohydrates,13.3,g
8002,Fiber,4.8,g
8002,Fat,9.3,g
8002,Cholesterol,15,mg
8002,Sodium,82.5,mg
8003,Energy,160,cal
8003,Protein,3.6,g
8003,Carbohydrates,8.5,g
8003,Fiber,2.3,g
8003,Fat,12,g
8003,Cholesterol,0,mg
8003,Vitamin A,493.8,mcg
8003,Vitamin B1,0,mg
8003,Vitamin B2,0,mg
8003,Vitamin B3,0.2,mg
8003,Vitamin C,9,mg
8003,Folic Acid,11,mcg
8003,Calcium,91,mg
8003,Iron,0.6,mg
8003,Magnesium,0,mg
8003,Phosphorus,0,mg
8003,Sodium,46.4,mg
8003,Potassium,104,mg
8003,Zinc,0.2,mg
8004,Energy,160,cal
8004,Protein,3.6,g
8004,Carbohydrates,8.5,g
8004,Fiber,2.3,g
8004,Fat,12,g
8004,Cholesterol,0,mg
8004,Vitamin A,493.8,mcg
8004,Vitamin B1,0,mg
8004,Vitamin B2,0,mg
8004,Vitamin B3,0.2,mg
8004,Vitamin C,9,mg
8004,Folic Acid,11,mcg
8004,Calcium,91,mg
8004,Iron,0.6,mg
8004,Magnesium,0,mg
8004,Phosphorus,0,mg
8004,Sodium,46.4,mg
8004,Potassium,104,mg
8004,Zinc,0.2,mg
8005,Energy,160,cal
8005,Protein,3.6,g
8005,Carbohydrates,8.5,g
8005,Fiber,2.3,g
8005,Fat,12,g
8005,Cholesterol,0,mg
8005,Vitamin A,493.8,mcg
8005,Vitamin B1,0,mg
8005,Vitamin B2,0,mg
8005,Vitamin B3,0.2,mg
8005,Vitamin C,9,mg
8005,Folic Acid,11,mcg
8005,Calcium,91,mg
8005,Iron,0.6,mg
8005,Magnesium,0,mg
8005,Phosphorus,0,mg
8005,Sodium,46.4,mg
8005,Potassium,104,mg
8005,Zinc,0.2,mg
8006,Energy,160,cal
8006,Protein,3.6,g
8006,Carbohydrates,8.5,g
8006,Fiber,2.3,g
8006,Fat,12,g
8006,Cholesterol,0,mg
8006,Vitamin A,493.8,mcg
8006,Vitamin B1,0,mg
8006,Vitamin B2,0,mg
8006,Vitamin B3,0.2,mg
8006,Vitamin C,9,mg
8006,Folic Acid,11,mcg
8006,Calcium,91,mg
8006,Iron,0.6,mg
8006,Magnesium,0,mg
8006,Phosphorus,0,mg
8006,Sodium,46.4,mg
8006,Potassium,104,mg
8006,Zinc,0.2,mg
8007,Energy,160,cal
8007,Protein,3.6,g
8007,Carbohydrates,8.5,g
8007,Fiber,2.3,g
8007,Fat,12,g
8007,Cholesterol,0,mg
8007,Vitamin A,493.8,mcg
8007,Vitamin B1,0,mg
8007,Vitamin B2,0,mg
8007,Vitamin B3,0.2,mg
8007,Vitamin C,9,mg
8007,Folic Acid,11,mcg
8007,Calcium,91,mg
8007,Iron,0.6,mg
8007,Magnesium,0,mg
8007,Phosphorus,0,mg
8007,Sodium,46.4,mg
8007,Potassium,104,mg
8007,Zinc,0.2,mg
8008,Energy,160,cal
8008,Protein,3.6,g
8008,Carbohydrates,8.5,g
8008,Fiber,2.3,g
8008,Fat,12,g
8008,Cholesterol,0,mg
8008,Vitamin A,493.8,mcg
8008,Vitamin B1,0,mg
8008,Vitamin B2,0,mg
8008,Vitamin B3,0.2,mg
8008,Vitamin C,9,mg
8008,Folic Acid,11,mcg
8008,Calcium,91,mg
8008,Iron,0.6,mg
8008,Magnesium,0,mg
8008,Phosphorus,0,mg
8008,Sodium,46.4,mg
8008,Potassium,104,mg
8008,Zinc,0.2,mg
8009,Energy,160,cal
8009,Protein,3.6,g
8009,Carbohydrates,8.5,g
8009,Fiber,2.3,g
8009,Fat,12,g
8009,Cholesterol,0,mg
8009,Vitamin A,493.8,mcg
8009,Vitamin B1,0,mg
8009,Vitamin B2,0,mg
8009,Vitamin B3,0.2,mg
8009,Vitamin C,9,mg
8009,Folic Acid,11,mcg
8009,Calcium,91,mg
8009,Iron,0.6,mg
8009,Magnesium,0,mg
8009,Phosphorus,0,mg
8009,Sodium,46.4,mg
8009,Potassium,104,mg
8009,Zinc,0.2,mg
8010,Energy,160,cal
8010,Protein,3.6,g
8010,Carbohydrates,8.5,g
8010,Fiber,2.3,g
8010,Fat,12,g
8010,Cholesterol,0,mg
8010,Vitamin A,493.8,mcg
8010,Vitamin B1,0,mg
8010,Vitamin B2,0,mg
8010,Vitamin B3,0.2,mg
8010,Vitamin C,9,mg
8010,Folic Acid,11,mcg
8010,Calcium,91,mg
8010,Iron,0.6,mg
8010,Magnesium,0,mg
8010,Phosphorus,0,mg
8010,Sodium,46.4,mg
8010,Potassium,104,mg
8010,Zinc,0.2,mg
8012,Energy,78,cal
8012,Protein,2.8,g
8012,Carbohydrates,11,g
8012,Fiber,2.2,g
8012,Fat,2.7,g
8012,Cholesterol,0,mg
8012,Sodium,7.8,mg
8013,Energy,78,cal
8013,Protein,2.8,g
8013,Carbohydrates,11,g
8013,Fiber,2.2,g
8013,Fat,2.7,g
8013,Cholesterol,0,mg
8013,Sodium,7.8,mg
8014,Energy,60,kcal
8014,Protein,1.3,gm
8014,Carbohydrate,6.8,gm
8014,Fat,3,gm
8014,Vitamin A,79.5,mcg
8014,Calcium,18.6,mg
8014,Iron,0.5,mg
8015,Energy,166,cal
8015,Protein,5.9,g
8015,Carbohydrates,30.8,g
8015,Fiber,5.2,g
8015,Fat,1.9,g
8015,Cholesterol,5,mg
8015,Sodium,36.7,mg
8016,Energy,179,cal
8016,Protein,6.3,g
8016,Carbohydrates,18,g
8016,Fiber,1,g
8016,Fat,7.8,g
8016,Cholesterol,10.8,mg
8016,Vitamin A,441.1,mcg
8016,Vitamin B1,0.1,mg
8016,Vitamin B2,0.1,mg
8016,Vitamin B3,0.3,mg
8016,Vitamin C,26.5,mg
8016,Folic Acid,15.1,mcg
8016,Calcium,161.7,mg
8016,Iron,0.6,mg
8016,Magnesium,0,mg
8016,Phosphorus,0,mg
8016,Sodium,91.9,mg
8016,Potassium,119.8,mg
8016,Zinc,0.1,mg
8017,Energy,156,cal
8017,Protein,2,g
8017,Carbohydrates,15.9,g
8017,Fiber,1,g
8017,Fat,9.4,g
8017,Cholesterol,0,mg
8017,Vitamin A,185.3,mcg
8017,Vitamin B1,0.1,mg
8017,Vitamin B2,0,mg
8017,Vitamin B3,0.7,mg
8017,Vitamin C,15.3,mg
8017,Folic Acid,10.5,mcg
8017,Calcium,18.8,mg
8017,Iron,0.6,mg
8017,Magnesium,0,mg
8017,Phosphorus,0,mg
8017,Sodium,6.1,mg
8017,Potassium,105.5,mg
8017,Zinc,0.3,mg
8018,Energy,156,cal
8018,Protein,2,g
8018,Carbohydrates,15.9,g
8018,Fiber,1,g
8018,Fat,9.4,g
8018,Cholesterol,0,mg
8018,Vitamin A,185.3,mcg
8018,Vitamin B1,0.1,mg
8018,Vitamin B2,0,mg
8018,Vitamin B3,0.7,mg
8018,Vitamin C,15.3,mg
8018,Folic Acid,10.5,mcg
8018,Calcium,18.8,mg
8018,Iron,0.6,mg
8018,Magnesium,0,mg
8018,Phosphorus,0,mg
8018,Sodium,6.1,mg
8018,Potassium,105.5,mg
8018,Zinc,0.3,mg
8019,Energy,156,cal
8019,Protein,2,g
8019,Carbohydrates,15.9,g
8019,Fiber,1,g
8019,Fat,9.4,g
8019,Cholesterol,0,mg
8019,Vitamin A,185.3,mcg
8019,Vitamin B1,0.1,mg
8019,Vitamin B2,0,mg
8019,Vitamin B3,0.7,mg
8019,Vitamin C,15.3,mg
8019,Folic Acid,10.5,mcg
8019,Calcium,18.8,mg
8019,Iron,0.6,mg
8019,Magnesium,0,mg
8019,Phosphorus,0,mg
8019,Sodium,6.1,mg
8019,Potassium,105.5,mg
8019,Zinc,0.3,mg
8020,Energy,178,calories
8020,Protein,4.9,gm
8020,Carbohydrates,46.1,gm
8020,Fat,1.6,gm
8020,Fibre,0.9,gm
8020,Vitamin A,163.8,mcg
8020,Zinc,0.8,mg
8021,Energy,178,calories
8021,Protein,4.9,gm
8021,Carbohydrates,46.1,gm
8021,Fat,1.6,gm
8021,Fibre,0.9,gm
8021,Vitamin A,163.8,mcg
8021,Zinc,0.8,mg
8022,Energy,178,calories
8022,Protein,4.9,gm
8022,Carbohydrates,46.1,gm
8022,Fat,1.6,gm
8022,Fibre,0.9,gm
8022,Vitamin A,163.8,mcg
8022,Zinc,0.8,mg
8023,Energy,178,calories
8023,Protein,4.9,gm
8023,Carbohydrates,46.1,gm
8023,Fat,1.6,gm
8023,Fibre,0.9,gm
8023,Vitamin A,163.8,mcg
8023,Zinc,0.8,mg
8024,Energy,122,cal
8024,Protein,2.6,g
8024,Carbohydrates,11.7,g
8024,Fiber,2.1,g
8024,Fat,7.5,g
8024,Cholesterol,0,mg
8024,Sodium,6.4,mg
8025,Energy,122,cal
8025,Protein,2.6,g
8025,Carbohydrates,11.7,g
8025,Fiber,2.1,g
8025,Fat,7.5,g
8025,Cholesterol,0,mg
8025,Sodium,6.4,mg
8027,Energy,280,cal
8027,Protein,9.1,g
8027,Carbohydrates,8,g
8027,Fiber,0.5,g
8027,Fat,21.7,g
8027,Cholesterol,0,mg
8027,Vitamin A,621.7,mcg
8027,Vitamin B1,0.2,mg
8027,Vitamin B2,0.1,mg
8027,Vitamin B3,0.1,mg
8027,Vitamin C,29.5,mg
8027,Folic Acid,5.9,mcg
8027,Calcium,350.7,mg
8027,Iron,0.8,mg
8027,Magnesium,0,mg
8027,Phosphorus,0,mg
8027,Sodium,87.6,mg
8027,Potassium,105.7,mg
8027,Zinc,0.1,mg
8028,Energy,280,cal
8028,Protein,9.1,g
8028,Carbohydrates,8,g
8028,Fiber,0.5,g
8028,Fat,21.7,g
8028,Cholesterol,0,mg
8028,Vitamin A,621.7,mcg
8028,Vitamin B1,0.2,mg
8028,Vitamin B2,0.1,mg
8028,Vitamin B3,0.1,mg
8028,Vitamin C,29.5,mg
8028,Folic Acid,5.9,mcg
8028,Calcium,350.7,mg
8028,Iron,0.8,mg
8028,Magnesium,0,mg
8028,Phosphorus,0,mg
8028,Sodium,87.6,mg
8028,Potassium,105.7,mg
8028,Zinc,0.1,mg
8029,Energy,33,cal
8029,Protein,0.9,g
8029,Carbohydrates,6.7,g
8029,Fiber,2.7,g
8029,Fat,0.3,g
8029,Cholesterol,0,mg
8029,Sodium,16.3,mg
8030,Energy,33,cal
8030,Protein,0.9,g
8030,Carbohydrates,6.7,g
8030,Fiber,2.7,g
8030,Fat,0.3,g
8030,Cholesterol,0,mg
8030,Sodium,16.3,mg
8031,Energy,100,cal
8031,Protein,3.3,g
8031,Carbohydrates,6.2,g
8031,Fiber,1.2,g
8031,Fat,1.8,g
8031,Cholesterol,4,mg
8031,Vitamin A,859,mcg
8031,Vitamin B1,0.1,mg
8031,Vitamin B2,0.1,mg
8031,Vitamin B3,0.3,mg
8031,Vitamin C,14.3,mg
8031,Folic Acid,28.1,mcg
8031,Calcium,87.4,mg
8031,Iron,0.7,mg
8031,Magnesium,0,mg
8031,Phosphorus,0,mg
8031,Sodium,16.8,mg
8031,Potassium,117.5,mg
8031,Zinc,0.1,mg
8032,Energy,19,cal
8032,Protein,0.9,g
8032,Carbohydrates,2,g
8032,Fiber,0.2,g
8032,Fat,0.8,g
8032,Cholesterol,0,mg
8032,Sodium,11.2,mg
8033,Energy,19,cal
8033,Protein,0.9,g
8033,Carbohydrates,2,g
8033,Fiber,0.2,g
8033,Fat,0.8,g
8033,Cholesterol,0,mg
8033,Sodium,11.2,mg
8034,Energy,19,cal
8034,Protein,0.9,g
8034,Carbohydrates,2,g
8034,Fiber,0.2,g
8034,Fat,0.8,g
8034,Cholesterol,0,mg
8034,Sodium,11.2,mg
8035,Energy,259,cal
8035,Protein,13.5,g
8035,Carbohydrates,4.2,g
8035,Fiber,1.2,g
8035,Fat,16.3,g
8035,Cholesterol,0,mg
8035,Sodium,16.1,mg
8037,Energy,88,cal
8037,Protein,2.1,g
8037,Carbohydrates,5.9,g
8037,Fiber,0.8,g
8037,Fat,6.2,g
8037,Cholesterol,0,mg
8037,Vitamin A,177.9,mcg
8037,Vitamin B1,0,mg
8037,Vitamin B2,0,mg
8037,Vitamin B3,0.2,mg
8037,Vitamin C,5.5,mg
8037,Folic Acid,4.2,mcg
8037,Calcium,63.1,mg
8037,Iron,0.4,mg
8037,Magnesium,0,mg
8037,Phosphorus,0,mg
8037,Sodium,4.3,mg
8037,Potassium,35.5,mg
8037,Zinc,0.1,mg
8038,Energy,88,cal
8038,Protein,2.1,g
8038,Carbohydrates,5.9,g
8038,Fiber,0.8,g
8038,Fat,6.2,g
8038,Cholesterol,0,mg
8038,Vitamin A,177.9,mcg
8038,Vitamin B1,0,mg
8038,Vitamin B2,0,mg
8038,Vitamin B3,0.2,mg
8038,Vitamin C,5.5,mg
8038,Folic Acid,4.2,mcg
8038,Calcium,63.1,mg
8038,Iron,0.4,mg
8038,Magnesium,0,mg
8038,Phosphorus,0,mg
8038,Sodium,4.3,mg
8038,Potassium,35.5,mg
8038,Zinc,0.1,mg
8039,Energy,88,cal
8039,Protein,2.1,g
8039,Carbohydrates,5.9,g
8039,Fiber,0.8,g
8039,Fat,6.2,g
8039,Cholesterol,0,mg
8039,Vitamin A,177.9,mcg
8039,Vitamin B1,0,mg
8039,Vitamin B2,0,mg
8039,Vitamin B3,0.2,mg
8039,Vitamin C,5.5,mg
8039,Folic Acid,4.2,mcg
8039,Calcium,63.1,mg
8039,Iron,0.4,mg
8039,Magnesium,0,mg
8039,Phosphorus,0,mg
8039,Sodium,4.3,mg
8039,Potassium,35.5,mg
8039,Zinc,0.1,mg
8041,Energy,59,cal
8041,Protein,1,g
8041,Carbohydrates,5.4,g
8041,Fiber,1.4,g
8041,Fat,3.8,g
8041,Cholesterol,7.5,mg
8041,Sodium,37.2,mg
8042,Energy,184,cal
8042,Protein,1.8,g
8042,Carbohydrates,15,g
8042,Fiber,2.2,g
8042,Fat,12.8,g
8042,Cholesterol,0,mg
8042,Sodium,11.6,mg
8047,Energy,16,cal
8047,Protein,0.4,g
8047,Carbohydrates,3.4,g
8047,Fiber,0.8,g
8047,Fat,0.1,g
8047,Cholesterol,0,mg
8047,Vitamin A,299.9,mcg
8047,Vitamin B1,0,mg
8047,Vitamin B2,0,mg
8047,Vitamin B3,0.2,mg
8047,Vitamin C,2.7,mg
8047,Folic Acid,2.7,mcg
8047,Calcium,45.5,mg
8047,Iron,0.8,mg
8047,Magnesium,0,mg
8047,Phosphorus,0,mg
8047,Sodium,5,mg
8047,Potassium,32.1,mg
8047,Zinc,0.1,mg
8048,Energy,27,cal
8048,Protein,0.6,g
8048,Carbohydrates,6,g
8048,Fiber,1.8,g
8048,Fat,0.1,g
8048,Cholesterol,0,mg
8048,Sodium,16.8,mg
8049,Energy,27,cal
8049,Protein,0.6,g
8049,Carbohydrates,6,g
8049,Fiber,1.8,g
8049,Fat,0.1,g
8049,Cholesterol,0,mg
8049,Sodium,16.8,mg
8050,Energy,27,cal
8050,Protein,0.6,g
8050,Carbohydrates,6,g
8050,Fiber,1.8,g
8050,Fat,0.1,g
8050,Cholesterol,0,mg
8050,Sodium,16.8,mg
8053,Energy,72,cal
8053,Protein,2.1,g
8053,Carbohydrates,10,g
8053,Fiber,2.1,g
8053,Fat,2.6,g
8053,Cholesterol,0,mg
8053,Vitamin A,328,mcg
8053,Vitamin B1,0.1,mg
8053,Vitamin B2,0,mg
8053,Vitamin B3,0.4,mg
8053,Vitamin C,17.6,mg
8053,Folic Acid,20.3,mcg
8053,Calcium,44.7,mg
8053,Iron,0.8,mg
8053,Magnesium,0,mg
8053,Phosphorus,0,mg
8053,Sodium,34,mg
8053,Potassium,131.8,mg
8053,Zinc,0.2,mg
8054,Energy,2062,cal
8054,Protein,48.5,g
8054,Carbohydrates,299.6,g
8054,Fiber,14.4,g
8054,Fat,75.2,g
8054,Cholesterol,0,mg
8054,Vitamin A,2709.3,mcg
8054,Vitamin B1,1,mg
8054,Vitamin B2,0.5,mg
8054,Vitamin B3,5.9,mg
8054,Vitamin C,214.6,mg
8054,Folic Acid,152.6,mcg
8054,Calcium,232.4,mg
8054,Iron,5.9,mg
8054,Magnesium,0,mg
8054,Phosphorus,0,mg
8054,Sodium,1485.3,mg
8054,Potassium,349.9,mg
8054,Zinc,1.9,mg
8055,Energy,356,cal
8055,Protein,10,g
8055,Carbohydrates,29.1,g
8055,Fiber,3,g
8055,Fat,19.8,g
8055,Cholesterol,1.4,mg
8055,Vitamin A,1263.7,mcg
8055,Vitamin B1,0.3,mg
8055,Vitamin B2,0.2,mg
8055,Vitamin B3,1.5,mg
8055,Vitamin C,56.4,mg
8055,Folic Acid,15.1,mcg
8055,Calcium,307.5,mg
8055,Iron,1.6,mg
8055,Magnesium,0,mg
8055,Phosphorus,0,mg
8055,Sodium,159.3,mg
8055,Potassium,224,mg
8055,Zinc,0.5,mg
8056,Energy,356,cal
8056,Protein,10,g
8056,Carbohydrates,29.1,g
8056,Fiber,3,g
8056,Fat,19.8,g
8056,Cholesterol,1.4,mg
8056,Vitamin A,1263.7,mcg
8056,Vitamin B1,0.3,mg
8056,Vitamin B2,0.2,mg
8056,Vitamin B3,1.5,mg
8056,Vitamin C,56.4,mg
8056,Folic Acid,15.1,mcg
8056,Calcium,307.5,mg
8056,Iron,1.6,mg
8056,Magnesium,0,mg
8056,Phosphorus,0,mg
8056,Sodium,159.3,mg
8056,Potassium,224,mg
8056,Zinc,0.5,mg
8057,Energy,158,cal
8057,Protein,2.6,g
8057,Carbohydrates,12.2,g
8057,Fiber,5.4,g
8057,Fat,11,g
8057,Cholesterol,0,mg
8057,Vitamin A,328.4,mcg
8057,Vitamin B1,0,mg
8057,Vitamin B2,0,mg
8057,Vitamin B3,0.5,mg
8057,Vitamin C,4,mg
8057,Folic Acid,11.3,mcg
8057,Calcium,25.8,mg
8057,Iron,1,mg
8057,Magnesium,0,mg
8057,Phosphorus,0,mg
8057,Sodium,7.9,mg
8057,Potassium,64.8,mg
8057,Zinc,0.2,mg
8058,Energy,284,cal
8058,Protein,4.5,g
8058,Carbohydrates,14.1,g
8058,Fiber,9.2,g
8058,Fat,23.4,g
8058,Cholesterol,0,mg
8058,Sodium,6.2,mg
8059,Energy,284,cal
8059,Protein,4.5,g
8059,Carbohydrates,14.1,g
8059,Fiber,9.2,g
8059,Fat,23.4,g
8059,Cholesterol,0,mg
8059,Sodium,6.2,mg
8060,Energy,277,cal
8060,Protein,5.9,g
8060,Carbohydrates,11.7,g
8060,Fiber,8.2,g
8060,Fat,22.5,g
8060,Cholesterol,0,mg
8060,Vitamin A,891.8,mcg
8060,Vitamin B1,-0.1,mg
8060,Vitamin B2,0,mg
8060,Vitamin B3,0.5,mg
8060,Vitamin C,21.8,mg
8060,Folic Acid,12.6,mcg
8060,Calcium,131.2,mg
8060,Iron,1.3,mg
8060,Magnesium,0,mg
8060,Phosphorus,0,mg
8060,Sodium,26.4,mg
8060,Potassium,84.9,mg
8060,Zinc,0.1,mg
8061,Energy,184,cal
8061,Protein,3.5,g
8061,Carbohydrates,19,g
8061,Fiber,2.8,g
8061,Fat,11.6,g
8061,Cholesterol,0,mg
8061,Vitamin A,758.4,mcg
8061,Vitamin B1,0.2,mg
8061,Vitamin B2,0.1,mg
8061,Vitamin B3,0.6,mg
8061,Vitamin C,46.5,mg
8061,Folic Acid,26.4,mcg
8061,Calcium,35,mg
8061,Iron,0.9,mg
8061,Magnesium,0,mg
8061,Phosphorus,0,mg
8061,Sodium,86.3,mg
8061,Potassium,131.4,mg
8061,Zinc,0.4,mg
8062,Energy,189,cal
8062,Protein,3.7,g
8062,Carbohydrates,11.6,g
8062,Fiber,2,g
8062,Fat,14.4,g
8062,Cholesterol,0,mg
8062,Vitamin A,708.3,mcg
8062,Vitamin B1,0,mg
8062,Vitamin B2,-0.1,mg
8062,Vitamin B3,0.8,mg
8062,Vitamin C,15.4,mg
8062,Folic Acid,26,mcg
8062,Calcium,131,mg
8062,Iron,1.1,mg
8062,Magnesium,0,mg
8062,Phosphorus,0,mg
8062,Sodium,8.9,mg
8062,Potassium,78.7,mg
8062,Zinc,0.3,mg
8063,Energy,105,cal
8063,Protein,2.2,g
8063,Carbohydrates,12.7,g
8063,Fiber,1.7,g
8063,Fat,5.1,g
8063,Cholesterol,0,mg
8063,Vitamin A,189.9,mcg
8063,Vitamin B1,0.2,mg
8063,Vitamin B2,0.5,mg
8063,Vitamin B3,5.6,mg
8063,Vitamin C,5.8,mg
8063,Folic Acid,17.3,mcg
8063,Calcium,35.1,mg
8063,Iron,1.4,mg
8063,Magnesium,0,mg
8063,Phosphorus,0,mg
8063,Sodium,4.6,mg
8063,Potassium,61.6,mg
8063,Zinc,0.2,mg
8065,Energy,394,cal
8065,Protein,7.4,g
8065,Carbohydrates,16,g
8065,Fiber,6.4,g
8065,Fat,32.8,g
8065,Cholesterol,3.5,mg
8065,Sodium,76.5,mg
8066,Energy,394,cal
8066,Protein,7.4,g
8066,Carbohydrates,16,g
8066,Fiber,6.4,g
8066,Fat,32.8,g
8066,Cholesterol,3.5,mg
8066,Sodium,76.5,mg
8067,Energy,110,cal
8067,Protein,3.3,g
8067,Carbohydrates,12.2,g
8067,Fiber,4.5,g
8067,Fat,5.7,g
8067,Cholesterol,0,mg
8067,Sodium,20.3,mg
8068,Energy,110,cal
8068,Protein,3.3,g
8068,Carbohydrates,12.2,g
8068,Fiber,4.5,g
8068,Fat,5.7,g
8068,Cholesterol,0,mg
8068,Sodium,20.3,mg
8069,Energy,141,cal
8069,Protein,3.6,g
8069,Carbohydrates,9.3,g
8069,Fiber,5,g
8069,Fat,9.9,g
8069,Cholesterol,30,mg
8069,Sodium,119.3,mg
8070,Energy,141,cal
8070,Protein,3.6,g
8070,Carbohydrates,9.3,g
8070,Fiber,5,g
8070,Fat,9.9,g
8070,Cholesterol,30,mg
8070,Sodium,119.3,mg
8071,Energy,141,cal
8071,Protein,3.6,g
8071,Carbohydrates,9.3,g
8071,Fiber,5,g
8071,Fat,9.9,g
8071,Cholesterol,30,mg
8071,Sodium,119.3,mg
8072,Energy,141,cal
8072,Protein,3.6,g
8072,Carbohydrates,9.3,g
8072,Fiber,5,g
8072,Fat,9.9,g
8072,Cholesterol,30,mg
8072,Sodium,119.3,mg
8073,Energy,141,cal
8073,Protein,3.6,g
8073,Carbohydrates,9.3,g
8073,Fiber,5,g
8073,Fat,9.9,g
8073,Cholesterol,30,mg
8073,Sodium,119.3,mg
8074,Energy,21,cal
8074,Protein,0.8,g
8074,Carbohydrates,1.1,g
8074,Fiber,0.1,g
8074,Fat,1.1,g
8074,Cholesterol,2.7,mg
8074,Sodium,3.5,mg
8075,Energy,56,cal
8075,Protein,2.4,g
8075,Carbohydrates,10.7,g
8075,Fiber,4.9,g
8075,Fat,0.5,g
8075,Cholesterol,0,mg
8075,Sodium,66.5,mg
8076,Energy,56,cal
8076,Protein,2.4,g
8076,Carbohydrates,10.7,g
8076,Fiber,4.9,g
8076,Fat,0.5,g
8076,Cholesterol,0,mg
8076,Sodium,66.5,mg
8077,Energy,56,cal
8077,Protein,2.4,g
8077,Carbohydrates,10.7,g
8077,Fiber,4.9,g
8077,Fat,0.5,g
8077,Cholesterol,0,mg
8077,Sodium,66.5,mg
8078,Energy,56,cal
8078,Protein,2.4,g
8078,Carbohydrates,10.7,g
8078,Fiber,4.9,g
8078,Fat,0.5,g
8078,Cholesterol,0,mg
8078,Sodium,66.5,mg
8079,Carbohydrates,36.2,gm
8079,Fat,3.5,gm
8079,Energy,209,cal
8079,Zinc,1.1,mg
8079,Iron,2.7,mg
8079,Protein,7.7,gm
8082,Energy,56,cal
8082,Protein,0.4,g
8082,Carbohydrates,5.3,g
8082,Fiber,1.6,g
8082,Fat,3.8,g
8082,Cholesterol,0,mg
8082,Vitamin A,34.3,mcg
8082,Vitamin B1,0,mg
8082,Vitamin B2,0,mg
8082,Vitamin B3,0.1,mg
8082,Vitamin C,4.6,mg
8082,Folic Acid,9.1,mcg
8082,Calcium,10.6,mg
8082,Iron,0.5,mg
8082,Magnesium,0,mg
8082,Phosphorus,0,mg
8082,Sodium,7.9,mg
8082,Potassium,68.8,mg
8082,Zinc,0.1,mg
8083,Energy,212,cal
8083,Protein,5.5,g
8083,Carbohydrates,29,g
8083,Fiber,2.2,g
8083,Fat,8.2,g
8083,Cholesterol,0,mg
8083,Sodium,5.6,mg
8084,Energy,150,cal
8084,Protein,6.4,g
8084,Carbohydrates,29.8,g
8084,Fiber,1.9,g
8084,Fat,0.6,g
8084,Cholesterol,0,mg
8084,Sodium,6,mg
8085,Energy,127,cal
8085,Protein,1.2,g
8085,Carbohydrates,8.9,g
8085,Fiber,0.1,g
8085,Fat,9.5,g
8085,Cholesterol,0,mg
8085,Sodium,1.3,mg
8086,Energy,51,cal
8086,Protein,0.9,g
8086,Carbohydrates,4,g
8086,Fiber,0,g
8086,Fat,3.2,g
8086,Cholesterol,1.3,mg
8086,Sodium,2.7,mg
8090,Energy,70,cal
8090,Protein,0.2,g
8090,Carbohydrates,8.5,g
8090,Fiber,0,g
8090,Fat,3.8,g
8090,Cholesterol,0,mg
8090,Sodium,5.2,mg
8091,Energy,452,cal
8091,Protein,11.1,g
8091,Carbohydrates,64,g
8091,Fiber,0.4,g
8091,Fat,13.7,g
8091,Cholesterol,16,mg
8091,Sodium,95.5,mg
8092,Energy,354,cal
8092,Protein,5.6,g
8092,Carbohydrates,21.4,g
8092,Fiber,11.4,g
8092,Fat,27.4,g
8092,Cholesterol,0,mg
8092,Vitamin A,422.2,mcg
8092,Vitamin B1,0.1,mg
8092,Vitamin B2,0.1,mg
8092,Vitamin B3,1.2,mg
8092,Vitamin C,18.6,mg
8092,Folic Acid,27.7,mcg
8092,Calcium,40.8,mg
8092,Iron,1.8,mg
8092,Magnesium,0,mg
8092,Phosphorus,0,mg
8092,Sodium,9.4,mg
8092,Potassium,149.4,mg
8092,Zinc,0.3,mg
8094,Energy,34,cal
8094,Protein,0,g
8094,Carbohydrates,1,g
8094,Fiber,0,g
8094,Fat,0,g
8094,Cholesterol,0,mg
8094,Vitamin A,0,mcg
8094,Vitamin B1,0,mg
8094,Vitamin B2,0,mg
8094,Vitamin B3,0,mg
8094,Vitamin C,0,mg
8094,Folic Acid,0,mcg
8094,Calcium,0,mg
8094,Iron,0,mg
8094,Magnesium,0,mg
8094,Phosphorus,0,mg
8094,Sodium,0,mg
8094,Potassium,0,mg
8094,Zinc,0,mg
8095,Energy,183,cal
8095,Protein,3.2,g
8095,Carbohydrates,25.1,g
8095,Fiber,0,g
8095,Fat,9.4,g
8095,Cholesterol,0,mg
8095,Sodium,34.5,mg
8099,Energy,295,cal
8099,Protein,0.4,g
8099,Carbohydrates,74.1,g
8099,Fiber,1.4,g
8099,Fat,0.3,g
8099,Cholesterol,0,mg
8099,Sodium,24.8,mg
8100,Energy,347,cal
8100,Protein,4.3,g
8100,Carbohydrates,64.2,g
8100,Fiber,12.4,g
8100,Fat,7.9,g
8100,Cholesterol,0,mg
8100,Sodium,154.9,mg
8101,Energy,307,cal
8101,Protein,4.7,g
8101,Carbohydrates,26.5,g
8101,Fiber,9.4,g
8101,Fat,21.4,g
8101,Cholesterol,0,mg
8101,Sodium,49.3,mg
8102,Energy,223,cal
8102,Protein,12.1,g
8102,Carbohydrates,26.5,g
8102,Fiber,2.3,g
8102,Fat,5.9,g
8102,Cholesterol,12,mg
8102,Sodium,28,mg
8103,Energy,173,cal
8103,Protein,5.6,g
8103,Carbohydrates,29,g
8103,Fiber,2.9,g
8103,Fat,3.8,g
8103,Cholesterol,0,mg
8103,Sodium,18.1,mg
8105,Energy,385,cal
8105,Protein,7.6,g
8105,Carbohydrates,46,g
8105,Fiber,1.6,g
8105,Fat,17.9,g
8105,Cholesterol,0,mg
8105,Vitamin A,633.6,mcg
8105,Vitamin B1,0.3,mg
8105,Vitamin B2,0.2,mg
8105,Vitamin B3,2.4,mg
8105,Vitamin C,0.5,mg
8105,Folic Acid,37.8,mcg
8105,Calcium,134.6,mg
8105,Iron,2.2,mg
8105,Magnesium,0,mg
8105,Phosphorus,0,mg
8105,Sodium,154.1,mg
8105,Potassium,141.8,mg
8105,Zinc,0.5,mg
8106,Energy,297,cal
8106,Protein,5.7,g
8106,Carbohydrates,36.2,g
8106,Fiber,1.2,g
8106,Fat,13.6,g
8106,Cholesterol,38.5,mg
8106,Sodium,117.6,mg
8107,Energy,262,cal
8107,Protein,6.8,g
8107,Carbohydrates,28.9,g
8107,Fiber,0.1,g
8107,Fat,12.6,g
8107,Cholesterol,30.2,mg
8107,Sodium,94.5,mg
8108,Energy,322,cal
8108,Protein,5.8,g
8108,Carbohydrates,35.5,g
8108,Fiber,5.6,g
8108,Fat,17.4,g
8108,Cholesterol,0,mg
8108,Sodium,6.3,mg
8110,Energy,61,cal
8110,Protein,2.3,g
8110,Carbohydrates,12,g
8110,Fiber,2.1,g
8110,Fat,0.4,g
8110,Cholesterol,0,mg
8110,Sodium,47.3,mg
8111,Energy,61,cal
8111,Protein,2.3,g
8111,Carbohydrates,12,g
8111,Fiber,2.1,g
8111,Fat,0.4,g
8111,Cholesterol,0,mg
8111,Sodium,47.3,mg
8113,Energy,251,kcal
8113,Protein,11.3,gm
8113,Carbohydrate,14,gm
8113,Invisible Fat,16.2,gm
8113,Calcium,351,mg
8114,Energy,108,cal
8114,Protein,2.4,g
8114,Carbohydrates,7.7,g
8114,Fiber,0.2,g
8114,Fat,7.4,g
8114,Cholesterol,0.8,mg
8114,Sodium,1,mg
8115,Energy,49,cal
8115,Protein,1.7,g
8115,Carbohydrates,1.2,g
8115,Fiber,0.1,g
8115,Fat,4,g
8115,Cholesterol,1,mg
8115,Sodium,1.2,mg
8120,Energy,97,cal
8120,Protein,2,g
8120,Carbohydrates,13.4,g
8120,Fiber,0.3,g
8120,Fat,4.2,g
8120,Cholesterol,2.4,mg
8120,Sodium,28.7,mg
8121,Energy,111,cal
8121,Protein,1.8,g
8121,Carbohydrates,5.6,g
8121,Fiber,0.2,g
8121,Fat,8.8,g
8121,Cholesterol,1.5,mg
8121,Sodium,1.7,mg
8122,Energy,111,cal
8122,Protein,1.8,g
8122,Carbohydrates,5.6,g
8122,Fiber,0.2,g
8122,Fat,8.8,g
8122,Cholesterol,1.5,mg
8122,Sodium,1.7,mg
8123,Energy,111,cal
8123,Protein,1.8,g
8123,Carbohydrates,5.6,g
8123,Fiber,0.2,g
8123,Fat,8.8,g
8123,Cholesterol,1.5,mg
8123,Sodium,1.7,mg
8124,Energy,111,cal
8124,Protein,1.8,g
8124,Carbohydrates,5.6,g
8124,Fiber,0.2,g
8124,Fat,8.8,g
8124,Cholesterol,1.5,mg
8124,Sodium,1.7,mg
8125,Energy,45,cal
8125,Protein,0.1,g
8125,Carbohydrates,12.1,g
8125,Fiber,0.1,g
8125,Fat,0,g
8125,Cholesterol,0,mg
8125,Sodium,0.7,mg
8126,Energy,3,cal
8126,Protein,0.1,g
8126,Carbohydrates,0.6,g
8126,Fiber,0.1,g
8126,Fat,0,g
8126,Cholesterol,0,mg
8126,Sodium,0.1,mg
8127,Energy,3,cal
8127,Protein,0.1,g
8127,Carbohydrates,0.6,g
8127,Fiber,0.1,g
8127,Fat,0,g
8127,Cholesterol,0,mg
8127,Sodium,0.1,mg
8128,Energy,113,cal
8128,Protein,3.5,g
8128,Carbohydrates,18.5,g
8128,Fiber,0.6,g
8128,Fat,2.7,g
8128,Cholesterol,0,mg
8128,Vitamin A,51.5,mcg
8128,Vitamin B1,0,mg
8128,Vitamin B2,0.1,mg
8128,Vitamin B3,0.4,mg
8128,Vitamin C,9.6,mg
8128,Folic Acid,0.9,mcg
8128,Calcium,18.5,mg
8128,Iron,1.1,mg
8128,Magnesium,0,mg
8128,Phosphorus,0,mg
8128,Sodium,0.3,mg
8128,Potassium,17.3,mg
8128,Zinc,0,mg
8129,Energy,136,cal
8129,Protein,3.8,g
8129,Carbohydrates,24.3,g
8129,Fiber,1.1,g
8129,Fat,2.8,g
8129,Cholesterol,0,mg
8129,Sodium,4,mg
8130,Energy,136,cal
8130,Protein,3.8,g
8130,Carbohydrates,24.3,g
8130,Fiber,1.1,g
8130,Fat,2.8,g
8130,Cholesterol,0,mg
8130,Sodium,4,mg
8132,Energy,55,cal
8132,Protein,0.9,g
8132,Carbohydrates,9.9,g
8132,Fiber,7,g
8132,Fat,1.3,g
8132,Cholesterol,0,mg
8132,Sodium,305.3,mg
8133,Energy,83,cal
8133,Protein,0.7,g
8133,Carbohydrates,19.3,g
8133,Fiber,1.6,g
8133,Fat,0.4,g
8133,Cholesterol,0.1,mg
8133,Sodium,27.3,mg
8134,Energy,150,cal
8134,Protein,2.4,g
8134,Carbohydrates,32,g
8134,Fiber,16.9,g
8134,Fat,1.3,g
8134,Cholesterol,0,mg
8134,Sodium,1646.5,mg
8135,Energy,181,cal
8135,Protein,2.2,g
8135,Carbohydrates,41.3,g
8135,Fiber,7.4,g
8135,Fat,0.8,g
8135,Cholesterol,0,mg
8135,Sodium,128.7,mg
8136,Energy,41,cal
8136,Protein,0.5,g
8136,Carbohydrates,8.9,g
8136,Fiber,1.5,g
8136,Fat,0.4,g
8136,Cholesterol,0,mg
8136,Sodium,51.9,mg
8137,Energy,77,cal
8137,Protein,0.4,g
8137,Carbohydrates,8.6,g
8137,Fiber,1,g
8137,Fat,4.6,g
8137,Cholesterol,0,mg
8137,Sodium,32.7,mg
8138,Energy,46,cal
8138,Protein,0.5,g
8138,Carbohydrates,10.3,g
8138,Fiber,1,g
8138,Fat,0.3,g
8138,Cholesterol,0,mg
8138,Sodium,25.5,mg
8139,Energy,106,cal
8139,Protein,1.9,g
8139,Carbohydrates,17.4,g
8139,Fiber,2,g
8139,Fat,3.1,g
8139,Cholesterol,0,mg
8139,Sodium,31.9,mg
8140,Energy,125,cal
8140,Protein,0.9,g
8140,Carbohydrates,28.9,g
8140,Fiber,2.8,g
8140,Fat,0.5,g
8140,Cholesterol,0,mg
8140,Sodium,47.7,mg
8141,Energy,51,cal
8141,Protein,0.6,g
8141,Carbohydrates,10.8,g
8141,Fiber,2.5,g
8141,Fat,0.5,g
8141,Cholesterol,0,mg
8141,Sodium,53.3,mg
8143,Energy,69,cal
8143,Protein,1.3,g
8143,Carbohydrates,10.5,g
8143,Fiber,0.6,g
8143,Fat,1.8,g
8143,Cholesterol,4,mg
8143,Sodium,31.7,mg
8144,Energy,69,cal
8144,Protein,1.3,g
8144,Carbohydrates,10.5,g
8144,Fiber,0.6,g
8144,Fat,1.8,g
8144,Cholesterol,4,mg
8144,Sodium,31.7,mg
8146,Energy,0,cal
8146,Protein,0,g
8146,Carbohydrates,0.1,g
8146,Fiber,0.1,g
8146,Fat,0,g
8146,Cholesterol,0,mg
8146,Sodium,0,mg
8147,Energy,41,cal
8147,Protein,0.5,g
8147,Carbohydrates,8.4,g
8147,Fiber,1.2,g
8147,Fat,0.5,g
8147,Cholesterol,0,mg
8147,Sodium,34,mg
8148,Energy,64,cal
8148,Protein,0.8,g
8148,Carbohydrates,14.3,g
8148,Fiber,5.9,g
8148,Fat,0.4,g
8148,Cholesterol,0,mg
8148,Sodium,50.5,mg
8149,Energy,45,cal
8149,Protein,1,g
8149,Carbohydrates,6.4,g
8149,Fiber,1,g
8149,Fat,1.3,g
8149,Cholesterol,2.4,mg
8149,Sodium,49.8,mg
8150,Energy,51,cal
8150,Protein,1.6,g
8150,Carbohydrates,7.4,g
8150,Fiber,0.8,g
8150,Fat,1.6,g
8150,Cholesterol,0,mg
8150,Sodium,32.5,mg
8151,Energy,37,cal
8151,Protein,0.4,g
8151,Carbohydrates,8,g
8151,Fiber,1.8,g
8151,Fat,0.3,g
8151,Cholesterol,0,mg
8151,Sodium,31.7,mg
8153,Energy,202,cal
8153,Protein,2.1,g
8153,Carbohydrates,14.6,g
8153,Fiber,2.1,g
8153,Fat,11.7,g
8153,Cholesterol,0,mg
8153,Sodium,36.3,mg
8154,Energy,202,cal
8154,Protein,2.1,g
8154,Carbohydrates,14.6,g
8154,Fiber,2.1,g
8154,Fat,11.7,g
8154,Cholesterol,0,mg
8154,Sodium,36.3,mg
8155,Energy,52,cal
8155,Protein,1.8,g
8155,Carbohydrates,9.2,g
8155,Fiber,1.8,g
8155,Fat,1.1,g
8155,Cholesterol,0,mg
8155,Sodium,2.2,mg
8156,Energy,52,cal
8156,Protein,1.8,g
8156,Carbohydrates,9.2,g
8156,Fiber,1.8,g
8156,Fat,1.1,g
8156,Cholesterol,0,mg
8156,Sodium,2.2,mg
8157,Energy,52,cal
8157,Protein,1.8,g
8157,Carbohydrates,9.2,g
8157,Fiber,1.8,g
8157,Fat,1.1,g
8157,Cholesterol,0,mg
8157,Sodium,2.2,mg
8158,Energy,52,cal
8158,Protein,1.8,g
8158,Carbohydrates,9.2,g
8158,Fiber,1.8,g
8158,Fat,1.1,g
8158,Cholesterol,0,mg
8158,Sodium,2.2,mg
8159,Energy,23,cal
8159,Protein,0.2,g
8159,Carbohydrates,0.6,g
8159,Fiber,0,g
8159,Fat,2.2,g
8159,Cholesterol,0,mg
8159,Sodium,2.5,mg
8160,Energy,22,cal
8160,Protein,0.1,g
8160,Carbohydrates,1.9,g
8160,Fiber,0,g
8160,Fat,1.6,g
8160,Cholesterol,0,mg
8160,Sodium,2.1,mg
8172,Energy,25,cal
8172,Protein,0.7,g
8172,Carbohydrates,1.2,g
8172,Fiber,0,g
8172,Fat,1.6,g
8172,Cholesterol,4.4,mg
8172,Sodium,9.9,mg
8173,Energy,294,cal
8173,Protein,7.4,g
8173,Carbohydrates,14.2,g
8173,Fiber,0,g
8173,Fat,19.6,g
8173,Cholesterol,0,mg
8173,Vitamin A,626.2,mcg
8173,Vitamin B1,0.1,mg
8173,Vitamin B2,0.2,mg
8173,Vitamin B3,0.4,mg
8173,Vitamin C,1.5,mg
8173,Folic Acid,8.4,mcg
8173,Calcium,317.1,mg
8173,Iron,0.5,mg
8173,Magnesium,0,mg
8173,Phosphorus,0,mg
8173,Sodium,128.5,mg
8173,Potassium,149.8,mg
8173,Zinc,0.1,mg
8174,Energy,392,cal
8174,Protein,9.9,g
8174,Carbohydrates,18.9,g
8174,Fiber,0,g
8174,Fat,26.1,g
8174,Cholesterol,0,mg
8174,Vitamin A,835,mcg
8174,Vitamin B1,0.1,mg
8174,Vitamin B2,0.2,mg
8174,Vitamin B3,0.5,mg
8174,Vitamin C,2,mg
8174,Folic Acid,11.2,mcg
8174,Calcium,422.8,mg
8174,Iron,0.7,mg
8174,Magnesium,0,mg
8174,Phosphorus,0,mg
8174,Sodium,171.3,mg
8174,Potassium,199.8,mg
8174,Zinc,0.1,mg
8175,Energy,34,cal
8175,Protein,0.7,g
8175,Carbohydrates,7.5,g
8175,Fiber,1,g
8175,Fat,0.1,g
8175,Cholesterol,0,mg
8175,Vitamin A,13.6,mcg
8175,Vitamin B1,0,mg
8175,Vitamin B2,0,mg
8175,Vitamin B3,0.4,mg
8175,Vitamin C,14.7,mg
8175,Folic Acid,6.3,mcg
8175,Calcium,17.9,mg
8175,Iron,0.4,mg
8175,Magnesium,0,mg
8175,Phosphorus,0,mg
8175,Sodium,3.3,mg
8175,Potassium,90.8,mg
8175,Zinc,0.2,mg
8176,Energy,295,cal
8176,Protein,5.3,g
8176,Carbohydrates,32.2,g
8176,Fiber,2.4,g
8176,Fat,16.8,g
8176,Cholesterol,0,mg
8176,Sodium,8.5,mg
8177,Energy,101,cal
8177,Protein,5.9,g
8177,Carbohydrates,14.8,g
8177,Fiber,3.1,g
8177,Fat,2,g
8177,Cholesterol,0,mg
8177,Sodium,29.6,mg
8178,Energy,127,cal
8178,Protein,7.3,g
8178,Carbohydrates,20,g
8178,Fiber,3.3,g
8178,Fat,1.9,g
8178,Cholesterol,0,mg
8178,Sodium,5.3,mg
8179,Energy,204,cal
8179,Protein,11,g
8179,Carbohydrates,30,g
8179,Fiber,7.1,g
8179,Fat,4.5,g
8179,Cholesterol,0,mg
8179,Sodium,19.9,mg
8180,Energy,153,cal
8180,Protein,8.9,g
8180,Carbohydrates,25.1,g
8180,Fiber,5.9,g
8180,Fat,1.9,g
8180,Cholesterol,0,mg
8180,Sodium,12.2,mg
8181,Energy,239,cal
8181,Protein,3.5,g
8181,Carbohydrates,34.6,g
8181,Fiber,2.3,g
8181,Fat,9.6,g
8181,Cholesterol,0,mg
8181,Sodium,3.3,mg
8182,Energy,190,cal
8182,Protein,9.1,g
8182,Carbohydrates,15.4,g
8182,Fiber,1.6,g
8182,Fat,10.2,g
8182,Cholesterol,32.9,mg
8182,Sodium,338.8,mg
8183,Energy,43,cal
8183,Protein,1,g
8183,Carbohydrates,5,g
8183,Fiber,1,g
8183,Fat,2.3,g
8183,Cholesterol,0,mg
8183,Sodium,1.9,mg
8184,Energy,173,cal
8184,Protein,8.4,g
8184,Carbohydrates,30.6,g
8184,Fiber,3.3,g
8184,Fat,1.9,g
8184,Cholesterol,0,mg
8184,Sodium,16.8,mg
8185,Energy,133,cal
8185,Protein,3.9,g
8185,Carbohydrates,23.6,g
8185,Fiber,4,g
8185,Fat,3.1,g
8185,Cholesterol,0,mg
8185,Sodium,6.5,mg
8186,Energy,133,cal
8186,Protein,3.9,g
8186,Carbohydrates,23.6,g
8186,Fiber,4,g
8186,Fat,3.1,g
8186,Cholesterol,0,mg
8186,Sodium,6.5,mg
8187,Energy,124,cal
8187,Protein,3.9,g
8187,Carbohydrates,24.2,g
8187,Fiber,4,g
8187,Fat,1.8,g
8187,Cholesterol,3.8,mg
8187,Sodium,18.9,mg
8188,Energy,25,cal
8188,Protein,0.8,g
8188,Carbohydrates,4.3,g
8188,Fiber,0.2,g
8188,Fat,0.5,g
8188,Cholesterol,0,mg
8188,Vitamin A,8.3,mcg
8188,Vitamin B1,0,mg
8188,Vitamin B2,0,mg
8188,Vitamin B3,0.3,mg
8188,Vitamin C,0,mg
8188,Folic Acid,2.1,mcg
8188,Calcium,11.8,mg
8188,Iron,0.3,mg
8188,Magnesium,0,mg
8188,Phosphorus,0,mg
8188,Sodium,2.7,mg
8188,Potassium,18.1,mg
8188,Zinc,0.2,mg
8189,Energy,101,cal
8189,Protein,2.5,g
8189,Carbohydrates,16.7,g
8189,Fiber,2.5,g
8189,Fat,3,g
8189,Cholesterol,2.3,mg
8189,Sodium,132.9,mg
8190,Energy,123,cal
8190,Protein,2.2,g
8190,Carbohydrates,22.4,g
8190,Fiber,0.6,g
8190,Fat,2.3,g
8190,Cholesterol,6,mg
8190,Sodium,17.3,mg
8191,Energy,81,cal
8191,Protein,2.6,g
8191,Carbohydrates,15.7,g
8191,Fiber,2.6,g
8191,Fat,1.2,g
8191,Cholesterol,0,mg
8191,Sodium,262.7,mg
8192,Energy,94,cal
8192,Protein,2.9,g
8192,Carbohydrates,16.9,g
8192,Fiber,2.9,g
8192,Fat,2.1,g
8192,Cholesterol,3.8,mg
8192,Sodium,17.7,mg
8193,Fibre,1,gm
8193,Fat,3.6,gm
8193,Vitamin C,7.1,mg
8193,Calcium,73.1,mg
8193,Carbohydrates,20.1,gm
8193,Energy,131,cal
8193,Protein,5,gm
8194,Energy,95,cal
8194,Protein,1,g
8194,Carbohydrates,12,g
8194,Fiber,0.2,g
8194,Fat,4.7,g
8194,Cholesterol,14.2,mg
8194,Vitamin A,183.5,mcg
8194,Vitamin B1,0,mg
8194,Vitamin B2,0,mg
8194,Vitamin B3,0.4,mg
8194,Vitamin C,0,mg
8194,Folic Acid,2.7,mcg
8194,Calcium,3.6,mg
8194,Iron,0.4,mg
8194,Magnesium,0,mg
8194,Phosphorus,0,mg
8194,Sodium,66.5,mg
8194,Potassium,25.8,mg
8194,Zinc,0.2,mg
8195,Energy,95,cal
8195,Protein,1,g
8195,Carbohydrates,12,g
8195,Fiber,0.2,g
8195,Fat,4.7,g
8195,Cholesterol,14.2,mg
8195,Vitamin A,183.5,mcg
8195,Vitamin B1,0,mg
8195,Vitamin B2,0,mg
8195,Vitamin B3,0.4,mg
8195,Vitamin C,0,mg
8195,Folic Acid,2.7,mcg
8195,Calcium,3.6,mg
8195,Iron,0.4,mg
8195,Magnesium,0,mg
8195,Phosphorus,0,mg
8195,Sodium,66.5,mg
8195,Potassium,25.8,mg
8195,Zinc,0.2,mg
8196,Energy,95,cal
8196,Protein,1,g
8196,Carbohydrates,12,g
8196,Fiber,0.2,g
8196,Fat,4.7,g
8196,Cholesterol,14.2,mg
8196,Vitamin A,183.5,mcg
8196,Vitamin B1,0,mg
8196,Vitamin B2,0,mg
8196,Vitamin B3,0.4,mg
8196,Vitamin C,0,mg
8196,Folic Acid,2.7,mcg
8196,Calcium,3.6,mg
8196,Iron,0.4,mg
8196,Magnesium,0,mg
8196,Phosphorus,0,mg
8196,Sodium,66.5,mg
8196,Potassium,25.8,mg
8196,Zinc,0.2,mg
8197,Energy,95,cal
8197,Protein,1,g
8197,Carbohydrates,12,g
8197,Fiber,0.2,g
8197,Fat,4.7,g
8197,Cholesterol,14.2,mg
8197,Vitamin A,183.5,mcg
8197,Vitamin B1,0,mg
8197,Vitamin B2,0,mg
8197,Vitamin B3,0.4,mg
8197,Vitamin C,0,mg
8197,Folic Acid,2.7,mcg
8197,Calcium,3.6,mg
8197,Iron,0.4,mg
8197,Magnesium,0,mg
8197,Phosphorus,0,mg
8197,Sodium,66.5,mg
8197,Potassium,25.8,mg
8197,Zinc,0.2,mg
8198,Energy,218,cal
8198,Protein,3,g
8198,Carbohydrates,16.8,g
8198,Fiber,0.4,g
8198,Fat,15.3,g
8198,Cholesterol,0,mg
8198,Sodium,2.7,mg
8199,Energy,31,cal
8199,Protein,0.4,g
8199,Carbohydrates,2.2,g
8199,Fiber,0.1,g
8199,Fat,2.3,g
8199,Cholesterol,0,mg
8199,Vitamin A,20.7,mcg
8199,Vitamin B1,0,mg
8199,Vitamin B2,0,mg
8199,Vitamin B3,0.1,mg
8199,Vitamin C,0,mg
8199,Folic Acid,1.2,mcg
8199,Calcium,1.6,mg
8199,Iron,0.2,mg
8199,Magnesium,0,mg
8199,Phosphorus,0,mg
8199,Sodium,0.6,mg
8199,Potassium,10.2,mg
8199,Zinc,0.1,mg
8200,Energy,31,cal
8200,Protein,0.4,g
8200,Carbohydrates,2.2,g
8200,Fiber,0.1,g
8200,Fat,2.3,g
8200,Cholesterol,0,mg
8200,Vitamin A,20.7,mcg
8200,Vitamin B1,0,mg
8200,Vitamin B2,0,mg
8200,Vitamin B3,0.1,mg
8200,Vitamin C,0,mg
8200,Folic Acid,1.2,mcg
8200,Calcium,1.6,mg
8200,Iron,0.2,mg
8200,Magnesium,0,mg
8200,Phosphorus,0,mg
8200,Sodium,0.6,mg
8200,Potassium,10.2,mg
8200,Zinc,0.1,mg
8201,Energy,231,cal
8201,Protein,6.1,g
8201,Carbohydrates,37.7,g
8201,Fiber,5.9,g
8201,Fat,6.9,g
8201,Cholesterol,6.5,mg
8201,Sodium,513.9,mg
8202,Energy,143,cal
8202,Protein,3.1,g
8202,Carbohydrates,18.8,g
8202,Fiber,0.4,g
8202,Fat,6.1,g
8202,Cholesterol,0,mg
8202,Vitamin A,138,mcg
8202,Vitamin B1,0.1,mg
8202,Vitamin B2,0,mg
8202,Vitamin B3,1,mg
8202,Vitamin C,0,mg
8202,Folic Acid,7.9,mcg
8202,Calcium,17.3,mg
8202,Iron,1.1,mg
8202,Magnesium,0,mg
8202,Phosphorus,0,mg
8202,Sodium,30.8,mg
8202,Potassium,75.2,mg
8202,Zinc,0.5,mg
8203,Energy,143,cal
8203,Protein,3.1,g
8203,Carbohydrates,18.8,g
8203,Fiber,0.4,g
8203,Fat,6.1,g
8203,Cholesterol,0,mg
8203,Vitamin A,138,mcg
8203,Vitamin B1,0.1,mg
8203,Vitamin B2,0,mg
8203,Vitamin B3,1,mg
8203,Vitamin C,0,mg
8203,Folic Acid,7.9,mcg
8203,Calcium,17.3,mg
8203,Iron,1.1,mg
8203,Magnesium,0,mg
8203,Phosphorus,0,mg
8203,Sodium,30.8,mg
8203,Potassium,75.2,mg
8203,Zinc,0.5,mg
8204,Energy,181,cal
8204,Protein,6.1,g
8204,Carbohydrates,18.7,g
8204,Fiber,2.7,g
8204,Fat,9.4,g
8204,Cholesterol,6.5,mg
8204,Sodium,25.5,mg
8205,Energy,52,cal
8205,Protein,1.7,g
8205,Carbohydrates,9.6,g
8205,Fiber,1.8,g
8205,Fat,1,g
8205,Cholesterol,0,mg
8205,Sodium,4.4,mg
8206,Energy,65,cal
8206,Protein,2.1,g
8206,Carbohydrates,12,g
8206,Fiber,2.2,g
8206,Fat,1.2,g
8206,Cholesterol,0,mg
8206,Sodium,4.3,mg
8207,Energy,53,kcal
8207,Protein,1.9,gm
8207,Fat,0.3,gm
8207,Vitamin A,5.7,mcg
8207,Vitamin C,0,mg
8207,Calcium,6.7,mg
8207,Iron,0.7,mg
8207,Folic Acid,5.2,mcg
8207,Fibre,0.5,gm
8208,Energy,53,kcal
8208,Protein,1.9,gm
8208,Fat,0.3,gm
8208,Vitamin A,5.7,mcg
8208,Vitamin C,0,mg
8208,Calcium,6.7,mg
8208,Iron,0.7,mg
8208,Folic Acid,5.2,mcg
8208,Fibre,0.5,gm
8210,Energy,150,calories
8210,Protein,4.2,gm
8210,Carbohydrate,24.8,gm
8210,Fat,3.2,gm
8210,Fibre,2.6,gm
8210,Vitamin A,1046.3,mcg
8210,Vitamin C,25.1,mg
8211,Energy,150,calories
8211,Protein,4.2,gm
8211,Carbohydrate,24.8,gm
8211,Fat,3.2,gm
8211,Fibre,2.6,gm
8211,Vitamin A,1046.3,mcg
8211,Vitamin C,25.1,mg
8212,Energy,150,calories
8212,Protein,4.2,gm
8212,Carbohydrate,24.8,gm
8212,Fat,3.2,gm
8212,Fibre,2.6,gm
8212,Vitamin A,1046.3,mcg
8212,Vitamin C,25.1,mg
8213,Energy,177,cal
8213,Protein,4.9,g
8213,Carbohydrates,29.3,g
8213,Fiber,0.8,g
8213,Fat,4.4,g
8213,Cholesterol,0,mg
8213,Vitamin A,45.5,mcg
8213,Vitamin B1,0.2,mg
8213,Vitamin B2,0.1,mg
8213,Vitamin B3,1.7,mg
8213,Vitamin C,0,mg
8213,Folic Acid,14.5,mcg
8213,Calcium,19.4,mg
8213,Iron,2,mg
8213,Magnesium,0,mg
8213,Phosphorus,0,mg
8213,Sodium,8.1,mg
8213,Potassium,127.6,mg
8213,Zinc,0.9,mg
8214,Energy,177,cal
8214,Protein,4.9,g
8214,Carbohydrates,29.3,g
8214,Fiber,0.8,g
8214,Fat,4.4,g
8214,Cholesterol,0,mg
8214,Vitamin A,45.5,mcg
8214,Vitamin B1,0.2,mg
8214,Vitamin B2,0.1,mg
8214,Vitamin B3,1.7,mg
8214,Vitamin C,0,mg
8214,Folic Acid,14.5,mcg
8214,Calcium,19.4,mg
8214,Iron,2,mg
8214,Magnesium,0,mg
8214,Phosphorus,0,mg
8214,Sodium,8.1,mg
8214,Potassium,127.6,mg
8214,Zinc,0.9,mg
8215,Energy,117,cal
8215,Protein,3.9,g
8215,Carbohydrates,20,g
8215,Fiber,4.3,g
8215,Fat,2.8,g
8215,Cholesterol,0,mg
8215,Sodium,23.5,mg
8216,Energy,117,cal
8216,Protein,3.9,g
8216,Carbohydrates,20,g
8216,Fiber,4.3,g
8216,Fat,2.8,g
8216,Cholesterol,0,mg
8216,Sodium,23.5,mg
8217,Energy,312,cal
8217,Protein,9.9,g
8217,Carbohydrates,38.9,g
8217,Fiber,2.7,g
8217,Fat,13,g
8217,Cholesterol,0,mg
8217,Vitamin A,86,mcg
8217,Vitamin B1,0.4,mg
8217,Vitamin B2,0.1,mg
8217,Vitamin B3,5.9,mg
8217,Vitamin C,2.2,mg
8217,Folic Acid,21.8,mcg
8217,Calcium,37.5,mg
8217,Iron,2.9,mg
8217,Magnesium,0,mg
8217,Phosphorus,0,mg
8217,Sodium,8.2,mg
8217,Potassium,154.2,mg
8217,Zinc,1.9,mg
8218,Energy,312,cal
8218,Protein,9.9,g
8218,Carbohydrates,38.9,g
8218,Fiber,2.7,g
8218,Fat,13,g
8218,Cholesterol,0,mg
8218,Vitamin A,86,mcg
8218,Vitamin B1,0.4,mg
8218,Vitamin B2,0.1,mg
8218,Vitamin B3,5.9,mg
8218,Vitamin C,2.2,mg
8218,Folic Acid,21.8,mcg
8218,Calcium,37.5,mg
8218,Iron,2.9,mg
8218,Magnesium,0,mg
8218,Phosphorus,0,mg
8218,Sodium,8.2,mg
8218,Potassium,154.2,mg
8218,Zinc,1.9,mg
8219,Energy,312,cal
8219,Protein,9.9,g
8219,Carbohydrates,38.9,g
8219,Fiber,2.7,g
8219,Fat,13,g
8219,Cholesterol,0,mg
8219,Vitamin A,86,mcg
8219,Vitamin B1,0.4,mg
8219,Vitamin B2,0.1,mg
8219,Vitamin B3,5.9,mg
8219,Vitamin C,2.2,mg
8219,Folic Acid,21.8,mcg
8219,Calcium,37.5,mg
8219,Iron,2.9,mg
8219,Magnesium,0,mg
8219,Phosphorus,0,mg
8219,Sodium,8.2,mg
8219,Potassium,154.2,mg
8219,Zinc,1.9,mg
8220,Energy,312,cal
8220,Protein,9.9,g
8220,Carbohydrates,38.9,g
8220,Fiber,2.7,g
8220,Fat,13,g
8220,Cholesterol,0,mg
8220,Vitamin A,86,mcg
8220,Vitamin B1,0.4,mg
8220,Vitamin B2,0.1,mg
8220,Vitamin B3,5.9,mg
8220,Vitamin C,2.2,mg
8220,Folic Acid,21.8,mcg
8220,Calcium,37.5,mg
8220,Iron,2.9,mg
8220,Magnesium,0,mg
8220,Phosphorus,0,mg
8220,Sodium,8.2,mg
8220,Potassium,154.2,mg
8220,Zinc,1.9,mg
8221,Energy,192,cal
8221,Protein,6.9,g
8221,Carbohydrates,15.5,g
8221,Fiber,0.9,g
8221,Fat,10.5,g
8221,Cholesterol,12.8,mg
8221,Sodium,95,mg
8222,Energy,5,cal
8222,Protein,0.2,g
8222,Carbohydrates,1.1,g
8222,Fiber,0,g
8222,Fat,0,g
8222,Cholesterol,0,mg
8222,Sodium,0,mg
8223,Energy,66,cal
8223,Protein,2.1,g
8223,Carbohydrates,12.9,g
8223,Fiber,2.1,g
8223,Fat,1,g
8223,Cholesterol,0,mg
8223,Sodium,3.3,mg
8224,Energy,66,cal
8224,Protein,2.1,g
8224,Carbohydrates,12.9,g
8224,Fiber,2.1,g
8224,Fat,1,g
8224,Cholesterol,0,mg
8224,Sodium,3.3,mg
8225,Energy,66,cal
8225,Protein,2.1,g
8225,Carbohydrates,12.9,g
8225,Fiber,2.1,g
8225,Fat,1,g
8225,Cholesterol,0,mg
8225,Sodium,3.3,mg
8226,Energy,127,cal
8226,Protein,2.6,g
8226,Carbohydrates,17.2,g
8226,Fiber,2.1,g
8226,Fat,5.6,g
8226,Cholesterol,8.8,mg
8226,Sodium,32.3,mg
8228,Energy,230,cal
8228,Protein,9.3,g
8228,Carbohydrates,43.5,g
8228,Fiber,5,g
8228,Fat,2.1,g
8228,Cholesterol,0,mg
8228,Sodium,18.1,mg
8229,Energy,271,cal
8229,Protein,12.2,g
8229,Carbohydrates,50.7,g
8229,Fiber,6,g
8229,Fat,2.2,g
8229,Cholesterol,0,mg
8229,Sodium,21.4,mg
8230,Energy,271,cal
8230,Protein,12.2,g
8230,Carbohydrates,50.7,g
8230,Fiber,6,g
8230,Fat,2.2,g
8230,Cholesterol,0,mg
8230,Sodium,21.4,mg
8231,Energy,54,cal
8231,Protein,0.8,g
8231,Carbohydrates,4,g
8231,Fiber,1.1,g
8231,Fat,3.8,g
8231,Cholesterol,0,mg
8231,Vitamin A,155.8,mcg
8231,Vitamin B1,0,mg
8231,Vitamin B2,0,mg
8231,Vitamin B3,0.3,mg
8231,Vitamin C,27.3,mg
8231,Folic Acid,10.7,mcg
8231,Calcium,21.5,mg
8231,Iron,0.4,mg
8231,Magnesium,0,mg
8231,Phosphorus,0,mg
8231,Sodium,5.8,mg
8231,Potassium,53.1,mg
8231,Zinc,0.2,mg
8234,Energy,19,cal
8234,Protein,0.5,g
8234,Carbohydrates,3.3,g
8234,Fiber,0,g
8234,Fat,0.4,g
8234,Cholesterol,0,mg
8234,Vitamin A,4.7,mcg
8234,Vitamin B1,0,mg
8234,Vitamin B2,0,mg
8234,Vitamin B3,0.1,mg
8234,Vitamin C,0,mg
8234,Folic Acid,0,mcg
8234,Calcium,1,mg
8234,Iron,0.1,mg
8234,Magnesium,0,mg
8234,Phosphorus,0,mg
8234,Sodium,0.4,mg
8234,Potassium,5.7,mg
8234,Zinc,0,mg
8235,Energy,574,cal
8235,Protein,18.1,g
8235,Carbohydrates,121.9,g
8235,Fiber,0.5,g
8235,Fat,1.5,g
8235,Cholesterol,0,mg
8235,Vitamin A,41.2,mcg
8235,Vitamin B1,0.2,mg
8235,Vitamin B2,0.1,mg
8235,Vitamin B3,4,mg
8235,Vitamin C,0,mg
8235,Folic Acid,0,mcg
8235,Calcium,38,mg
8235,Iron,4.5,mg
8235,Magnesium,0,mg
8235,Phosphorus,0,mg
8235,Sodium,15.3,mg
8235,Potassium,214.5,mg
8235,Zinc,1,mg
8236,Energy,56,cal
8236,Protein,1.1,g
8236,Carbohydrates,6.2,g
8236,Fiber,1.1,g
8236,Fat,3,g
8236,Cholesterol,0,mg
8236,Sodium,21.8,mg
8237,Energy,258,cal
8237,Protein,3,g
8237,Carbohydrates,17.7,g
8237,Fiber,6.5,g
8237,Fat,19.4,g
8237,Cholesterol,0,mg
8237,Vitamin A,214.8,mcg
8237,Vitamin B1,0.1,mg
8237,Vitamin B2,0.1,mg
8237,Vitamin B3,0.8,mg
8237,Vitamin C,16,mg
8237,Folic Acid,6,mcg
8237,Calcium,41.2,mg
8237,Iron,1.1,mg
8237,Magnesium,0,mg
8237,Phosphorus,0,mg
8237,Sodium,6.2,mg
8237,Potassium,193.3,mg
8237,Zinc,0.3,mg
8238,Energy,304,cal
8238,Protein,7.2,g
8238,Carbohydrates,18.7,g
8238,Fiber,6,g
8238,Fat,22.3,g
8238,Cholesterol,0,mg
8238,Vitamin A,268.6,mcg
8238,Vitamin B1,0.2,mg
8238,Vitamin B2,0.1,mg
8238,Vitamin B3,2.4,mg
8238,Vitamin C,3.3,mg
8238,Folic Acid,34,mcg
8238,Calcium,31.4,mg
8238,Iron,1.6,mg
8238,Magnesium,0,mg
8238,Phosphorus,0,mg
8238,Sodium,17,mg
8238,Potassium,182.7,mg
8238,Zinc,0.8,mg
8239,Energy,304,cal
8239,Protein,7.2,g
8239,Carbohydrates,18.7,g
8239,Fiber,6,g
8239,Fat,22.3,g
8239,Cholesterol,0,mg
8239,Vitamin A,268.6,mcg
8239,Vitamin B1,0.2,mg
8239,Vitamin B2,0.1,mg
8239,Vitamin B3,2.4,mg
8239,Vitamin C,3.3,mg
8239,Folic Acid,34,mcg
8239,Calcium,31.4,mg
8239,Iron,1.6,mg
8239,Magnesium,0,mg
8239,Phosphorus,0,mg
8239,Sodium,17,mg
8239,Potassium,182.7,mg
8239,Zinc,0.8,mg
8240,Energy,304,cal
8240,Protein,7.2,g
8240,Carbohydrates,18.7,g
8240,Fiber,6,g
8240,Fat,22.3,g
8240,Cholesterol,0,mg
8240,Vitamin A,268.6,mcg
8240,Vitamin B1,0.2,mg
8240,Vitamin B2,0.1,mg
8240,Vitamin B3,2.4,mg
8240,Vitamin C,3.3,mg
8240,Folic Acid,34,mcg
8240,Calcium,31.4,mg
8240,Iron,1.6,mg
8240,Magnesium,0,mg
8240,Phosphorus,0,mg
8240,Sodium,17,mg
8240,Potassium,182.7,mg
8240,Zinc,0.8,mg
8241,Energy,245,cal
8241,Protein,6.8,g
8241,Carbohydrates,27.8,g
8241,Fiber,0.7,g
8241,Fat,8.8,g
8241,Cholesterol,21.4,mg
8241,Sodium,33.8,mg
8242,Energy,351,cal
8242,Protein,1.1,g
8242,Carbohydrates,11.2,g
8242,Fiber,0.4,g
8242,Fat,33.5,g
8242,Cholesterol,0,mg
8242,Vitamin A,324,mcg
8242,Vitamin B1,0,mg
8242,Vitamin B2,0,mg
8242,Vitamin B3,0.2,mg
8242,Vitamin C,19.2,mg
8242,Folic Acid,13.1,mcg
8242,Calcium,8,mg
8242,Iron,5,mg
8242,Magnesium,0,mg
8242,Phosphorus,0,mg
8242,Sodium,12,mg
8242,Potassium,154.4,mg
8242,Zinc,0,mg
8243,Energy,158,cal
8243,Protein,11,g
8243,Carbohydrates,27.1,g
8243,Fiber,4.7,g
8243,Fat,0.6,g
8243,Cholesterol,0,mg
8243,Sodium,16.5,mg
8244,Energy,158,cal
8244,Protein,11,g
8244,Carbohydrates,27.1,g
8244,Fiber,4.7,g
8244,Fat,0.6,g
8244,Cholesterol,0,mg
8244,Sodium,16.5,mg
8245,Energy,88,cal
8245,Protein,6.2,g
8245,Carbohydrates,15.2,g
8245,Fiber,2.1,g
8245,Fat,0.3,g
8245,Cholesterol,0,mg
8245,Sodium,6.9,mg
8248,Energy,40,cal
8248,Protein,1.3,g
8248,Carbohydrates,1.6,g
8248,Fiber,0,g
8248,Fat,2.5,g
8248,Cholesterol,4.6,mg
8248,Sodium,7.8,mg
8249,Energy,61,cal
8249,Protein,1.3,g
8249,Carbohydrates,13.6,g
8249,Fiber,0.2,g
8249,Fat,0.1,g
8249,Cholesterol,0,mg
8249,Sodium,22.7,mg
8250,Energy,97,cal
8250,Protein,1.6,g
8250,Carbohydrates,15.5,g
8250,Fiber,0.2,g
8250,Fat,2.3,g
8250,Cholesterol,5.3,mg
8250,Sodium,15.4,mg
8251,Energy,125,cal
8251,Protein,5.3,g
8251,Carbohydrates,4.4,g
8251,Fiber,0.1,g
8251,Fat,8.7,g
8251,Cholesterol,6,mg
8251,Sodium,8.9,mg
8252,Energy,69,cal
8252,Protein,1,g
8252,Carbohydrates,13.7,g
8252,Fiber,0.6,g
8252,Fat,0.9,g
8252,Cholesterol,2,mg
8252,Sodium,15.2,mg
8253,Energy,42,cal
8253,Protein,1.1,g
8253,Carbohydrates,5.4,g
8253,Fiber,0.4,g
8253,Fat,1.5,g
8253,Cholesterol,3.4,mg
8253,Sodium,7.4,mg
8254,Energy,401,cal
8254,Protein,8.8,g
8254,Carbohydrates,51.9,g
8254,Fiber,2.3,g
8254,Fat,17.5,g
8254,Cholesterol,0,mg
8254,Vitamin A,214.7,mcg
8254,Vitamin B1,-0.3,mg
8254,Vitamin B2,-0.3,mg
8254,Vitamin B3,0.7,mg
8254,Vitamin C,1.2,mg
8254,Folic Acid,4.4,mcg
8254,Calcium,191.5,mg
8254,Iron,1.1,mg
8254,Magnesium,0,mg
8254,Phosphorus,0,mg
8254,Sodium,0.5,mg
8254,Potassium,2.2,mg
8254,Zinc,0.7,mg
8255,Energy,173,cal
8255,Protein,3.7,g
8255,Carbohydrates,14.3,g
8255,Fiber,2.1,g
8255,Fat,10.1,g
8255,Cholesterol,8,mg
8255,Sodium,23,mg
8256,Energy,176,cal
8256,Protein,3.5,g
8256,Carbohydrates,17,g
8256,Fiber,0.8,g
8256,Fat,10,g
8256,Cholesterol,0,mg
8256,Vitamin A,68.5,mcg
8256,Vitamin B1,0.1,mg
8256,Vitamin B2,0.1,mg
8256,Vitamin B3,0.5,mg
8256,Vitamin C,0.2,mg
8256,Folic Acid,2,mcg
8256,Calcium,50.1,mg
8256,Iron,0.9,mg
8256,Magnesium,0,mg
8256,Phosphorus,0,mg
8256,Sodium,2.9,mg
8256,Potassium,13.5,mg
8256,Zinc,0.5,mg
8257,Energy,176,cal
8257,Protein,3.5,g
8257,Carbohydrates,17,g
8257,Fiber,0.8,g
8257,Fat,10,g
8257,Cholesterol,0,mg
8257,Vitamin A,68.5,mcg
8257,Vitamin B1,0.1,mg
8257,Vitamin B2,0.1,mg
8257,Vitamin B3,0.5,mg
8257,Vitamin C,0.2,mg
8257,Folic Acid,2,mcg
8257,Calcium,50.1,mg
8257,Iron,0.9,mg
8257,Magnesium,0,mg
8257,Phosphorus,0,mg
8257,Sodium,2.9,mg
8257,Potassium,13.5,mg
8257,Zinc,0.5,mg
8258,Energy,78,cal
8258,Protein,2.9,g
8258,Carbohydrates,3.3,g
8258,Fiber,0,g
8258,Fat,4.3,g
8258,Cholesterol,10.7,mg
8258,Sodium,12.7,mg
8259,Energy,124,cal
8259,Protein,8,g
8259,Carbohydrates,19.1,g
8259,Fiber,2.9,g
8259,Fat,1.4,g
8259,Cholesterol,2.7,mg
8259,Sodium,14.7,mg
8260,Energy,78,cal
8260,Protein,2.9,g
8260,Carbohydrates,3.4,g
8260,Fiber,0,g
8260,Fat,4.3,g
8260,Cholesterol,10.7,mg
8260,Sodium,13.2,mg
8262,Energy,184,cal
8262,Protein,3.6,g
8262,Carbohydrates,31.4,g
8262,Fiber,2.5,g
8262,Fat,3.9,g
8262,Cholesterol,0,mg
8262,Vitamin A,179.2,mcg
8262,Vitamin B1,0.1,mg
8262,Vitamin B2,0.1,mg
8262,Vitamin B3,1.1,mg
8262,Vitamin C,8.2,mg
8262,Folic Acid,5.5,mcg
8262,Calcium,101.1,mg
8262,Iron,0.8,mg
8262,Magnesium,0,mg
8262,Phosphorus,0,mg
8262,Sodium,43.4,mg
8262,Potassium,125.1,mg
8262,Zinc,0.2,mg
8263,Energy,184,cal
8263,Protein,3.6,g
8263,Carbohydrates,31.4,g
8263,Fiber,2.5,g
8263,Fat,3.9,g
8263,Cholesterol,0,mg
8263,Vitamin A,179.2,mcg
8263,Vitamin B1,0.1,mg
8263,Vitamin B2,0.1,mg
8263,Vitamin B3,1.1,mg
8263,Vitamin C,8.2,mg
8263,Folic Acid,5.5,mcg
8263,Calcium,101.1,mg
8263,Iron,0.8,mg
8263,Magnesium,0,mg
8263,Phosphorus,0,mg
8263,Sodium,43.4,mg
8263,Potassium,125.1,mg
8263,Zinc,0.2,mg
8264,Energy,184,cal
8264,Protein,3.6,g
8264,Carbohydrates,31.4,g
8264,Fiber,2.5,g
8264,Fat,3.9,g
8264,Cholesterol,0,mg
8264,Vitamin A,179.2,mcg
8264,Vitamin B1,0.1,mg
8264,Vitamin B2,0.1,mg
8264,Vitamin B3,1.1,mg
8264,Vitamin C,8.2,mg
8264,Folic Acid,5.5,mcg
8264,Calcium,101.1,mg
8264,Iron,0.8,mg
8264,Magnesium,0,mg
8264,Phosphorus,0,mg
8264,Sodium,43.4,mg
8264,Potassium,125.1,mg
8264,Zinc,0.2,mg
8265,Energy,107,cal
8265,Protein,1,g
8265,Carbohydrates,8.6,g
8265,Fiber,2.7,g
8265,Fat,7.7,g
8265,Cholesterol,0,mg
8265,Sodium,25.6,mg
8266,Energy,107,cal
8266,Protein,1,g
8266,Carbohydrates,8.6,g
8266,Fiber,2.7,g
8266,Fat,7.7,g
8266,Cholesterol,0,mg
8266,Sodium,25.6,mg
8267,Energy,107,cal
8267,Protein,1,g
8267,Carbohydrates,8.6,g
8267,Fiber,2.7,g
8267,Fat,7.7,g
8267,Cholesterol,0,mg
8267,Sodium,25.6,mg
8268,Energy,167,cal
8268,Protein,4.2,g
8268,Carbohydrates,28.4,g
8268,Fiber,2,g
8268,Fat,4,g
8268,Cholesterol,2,mg
8268,Sodium,139.5,mg
8269,Energy,167,cal
8269,Protein,4.2,g
8269,Carbohydrates,28.4,g
8269,Fiber,2,g
8269,Fat,4,g
8269,Cholesterol,2,mg
8269,Sodium,139.5,mg
8270,Energy,243,cal
8270,Protein,7.8,g
8270,Carbohydrates,32.7,g
8270,Fiber,5.9,g
8270,Fat,8,g
8270,Cholesterol,8,mg
8270,Sodium,18.6,mg
8271,Energy,243,cal
8271,Protein,7.8,g
8271,Carbohydrates,32.7,g
8271,Fiber,5.9,g
8271,Fat,8,g
8271,Cholesterol,8,mg
8271,Sodium,18.6,mg
8273,Energy,130,cal
8273,Protein,4.6,g
8273,Carbohydrates,6.6,g
8273,Fiber,2,g
8273,Fat,10.3,g
8273,Cholesterol,0,mg
8273,Vitamin A,276.3,mcg
8273,Vitamin B1,0,mg
8273,Vitamin B2,0.2,mg
8273,Vitamin B3,0.9,mg
8273,Vitamin C,30.6,mg
8273,Folic Acid,52.6,mcg
8273,Calcium,106,mg
8273,Iron,0.9,mg
8273,Magnesium,0,mg
8273,Phosphorus,0,mg
8273,Sodium,42.8,mg
8273,Potassium,472.4,mg
8273,Zinc,0.5,mg
8274,Energy,132,cal
8274,Protein,2.3,g
8274,Carbohydrates,13.3,g
8274,Fiber,2.3,g
8274,Fat,8.1,g
8274,Cholesterol,0,mg
8274,Sodium,4.9,mg
8275,Energy,132,cal
8275,Protein,2.3,g
8275,Carbohydrates,13.3,g
8275,Fiber,2.3,g
8275,Fat,8.1,g
8275,Cholesterol,0,mg
8275,Sodium,4.9,mg
8276,Energy,77,cal
8276,Protein,1.9,g
8276,Carbohydrates,4.7,g
8276,Fiber,1,g
8276,Fat,5.8,g
8276,Cholesterol,1.8,mg
8276,Vitamin A,141.6,mcg
8276,Vitamin B1,0,mg
8276,Vitamin B2,0.1,mg
8276,Vitamin B3,0.4,mg
8276,Vitamin C,15.3,mg
8276,Folic Acid,20.2,mcg
8276,Calcium,46.2,mg
8276,Iron,0.4,mg
8276,Magnesium,0,mg
8276,Phosphorus,0,mg
8276,Sodium,58.6,mg
8276,Potassium,172.4,mg
8276,Zinc,0.2,mg
8277,Energy,161,cal
8277,Protein,8,g
8277,Carbohydrates,22.6,g
8277,Fiber,6.6,g
8277,Fat,4.4,g
8277,Cholesterol,0,mg
8277,Sodium,16.5,mg
8278,Energy,161,cal
8278,Protein,8,g
8278,Carbohydrates,22.6,g
8278,Fiber,6.6,g
8278,Fat,4.4,g
8278,Cholesterol,0,mg
8278,Sodium,16.5,mg
8279,Energy,272,cal
8279,Protein,9,g
8279,Carbohydrates,28.4,g
8279,Fiber,6.6,g
8279,Fat,13.6,g
8279,Cholesterol,0,mg
8279,Sodium,33.1,mg
8280,Energy,272,cal
8280,Protein,9,g
8280,Carbohydrates,28.4,g
8280,Fiber,6.6,g
8280,Fat,13.6,g
8280,Cholesterol,0,mg
8280,Sodium,33.1,mg
